1 0.17604166666666668 0.2523148148148148 0.013541666666666667 0.06759259259259259
1 0.36770833333333336 0.49074074074074076 0.016666666666666666 0.08703703703703704
1 0.8619791666666666 0.2212962962962963 0.013541666666666667 0.06111111111111111
1 0.3020833333333333 0.27037037037037037 0.013541666666666667 0.06666666666666667
1 0.8541666666666666 0.5592592592592592 0.019791666666666666 0.08333333333333333
1 0.5375 0.4166666666666667 0.021875 0.07777777777777778
1 0.44583333333333336 0.5671296296296297 0.015625 0.08425925925925926
1 0.49505208333333334 0.9032407407407408 0.0203125 0.12129629629629629
1 0.07135416666666666 0.5064814814814815 0.015625 0.07962962962962963
1 0.26119791666666664 0.06666666666666667 0.0109375 0.046296296296296294
1 0.42526041666666664 0.2101851851851852 0.0140625 0.05740740740740741
1 0.47994791666666664 0.2861111111111111 0.0109375 0.06666666666666667
1 0.32916666666666666 0.350462962962963 0.011458333333333333 0.06944444444444445
1 0.59140625 0.21805555555555556 0.011979166666666667 0.058333333333333334
1 0.7145833333333333 0.31666666666666665 0.011458333333333333 0.06666666666666667
1 0.11145833333333334 0.3375 0.014583333333333334 0.07314814814814814
1 0.20442708333333334 0.22361111111111112 0.011979166666666667 0.06388888888888888
1 0.49296875 0.1476851851851852 0.009895833333333333 0.049074074074074076
1 0.48489583333333336 0.4041666666666667 0.017708333333333333 0.0824074074074074
1 0.93359375 0.35648148148148145 0.0171875 0.07592592592592592
1 0.709375 0.11157407407407408 0.009375 0.04722222222222222
1 0.49557291666666664 0.22824074074074074 0.0140625 0.062037037037037036
1 0.4934895833333333 0.3148148148148148 0.0067708333333333336 0.012962962962962963
