1 0.17604166666666668 0.2273148148148148 0.009375 0.06944444444444445
1 0.36953125 0.46805555555555556 0.034895833333333334 0.08796296296296297
1 0.8697916666666666 0.19722222222222222 0.013541666666666667 0.06296296296296296
1 0.32786458333333335 0.25 0.015104166666666667 0.06481481481481481
1 0.8869791666666667 0.5509259259259259 0.020833333333333332 0.08518518518518518
1 0.5247395833333334 0.39490740740740743 0.015104166666666667 0.07314814814814814
1 0.4635416666666667 0.5486111111111112 0.017708333333333333 0.08796296296296297
1 0.49557291666666664 0.9337962962962963 0.022395833333333334 0.11574074074074074
1 0.06953125 0.4875 0.018229166666666668 0.08055555555555556
1 0.26953125 0.04583333333333333 0.009895833333333333 0.04537037037037037
1 0.43333333333333335 0.18101851851851852 0.011458333333333333 0.05648148148148148
1 0.49583333333333335 0.2657407407407407 0.022916666666666665 0.06296296296296296
1 0.34348958333333335 0.32546296296296295 0.013020833333333334 0.06759259259259259
1 0.60390625 0.19768518518518519 0.011979166666666667 0.058333333333333334
1 0.7484375 0.29398148148148145 0.013541666666666667 0.06944444444444445
1 0.12265625 0.3111111111111111 0.0140625 0.07222222222222222
1 0.21875 0.18287037037037038 0.010416666666666666 0.06018518518518518
1 0.5059895833333333 0.12777777777777777 0.009895833333333333 0.05
1 0.49765625 0.38472222222222224 0.018229166666666668 0.0824074074074074
1 0.928125 0.3486111111111111 0.013541666666666667 0.075
1 0.7434895833333334 0.09675925925925925 0.0109375 0.049074074074074076
1 0.5075520833333333 0.18981481481481483 0.018229166666666668 0.04814814814814815
1 0.5057291666666667 0.29305555555555557 0.00625 0.012037037037037037
