1 0.18255208333333334 0.21203703703703702 0.011979166666666667 0.06666666666666667
1 0.36796875 0.3962962962962963 0.016145833333333335 0.08518518518518518
1 0.8651041666666667 0.16712962962962963 0.013541666666666667 0.062037037037037036
1 0.35546875 0.21898148148148147 0.016145833333333335 0.06388888888888888
1 0.9260416666666667 0.5361111111111111 0.016666666666666666 0.08703703703703704
1 0.4856770833333333 0.3837962962962963 0.021354166666666667 0.07314814814814814
1 0.5565104166666667 0.5268518518518519 0.019270833333333334 0.08148148148148149
1 0.44557291666666665 0.9412037037037037 0.0234375 0.11574074074074074
1 0.07005208333333333 0.4791666666666667 0.018229166666666668 0.07685185185185185
1 0.25703125 0.02638888888888889 0.0109375 0.04351851851851852
1 0.46510416666666665 0.1537037037037037 0.01875 0.04814814814814815
1 0.3971354166666667 0.24953703703703703 0.025520833333333333 0.06018518518518518
1 0.39895833333333336 0.3111111111111111 0.017708333333333333 0.06481481481481481
1 0.5611979166666666 0.18935185185185185 0.013020833333333334 0.05648148148148148
1 0.7513020833333334 0.2810185185185185 0.0171875 0.06759259259259259
1 0.134375 0.30324074074074076 0.016666666666666666 0.0712962962962963
1 0.24036458333333333 0.1476851851851852 0.013020833333333334 0.058333333333333334
1 0.4513020833333333 0.10416666666666667 0.015104166666666667 0.049074074074074076
1 0.61015625 0.3050925925925926 0.021354166666666667 0.0712962962962963
1 0.9403645833333333 0.33101851851851855 0.0140625 0.075
1 0.7442708333333333 0.07592592592592592 0.011458333333333333 0.05
1 0.6049479166666667 0.20185185185185187 0.011979166666666667 0.05925925925925926
1 0.7478515625 0.29514814814814816 0.004203125000000085 0.009259259259259259
