1 0.12864583333333332 0.19537037037037036 0.011458333333333333 0.040740740740740744
1 0.33828125 0.26296296296296295 0.0171875 0.06296296296296296
1 0.7216145833333333 0.16111111111111112 0.011979166666666667 0.05185185185185185
1 0.48072916666666665 0.1685185185185185 0.017708333333333333 0.044444444444444446
1 0.87421875 0.5550925925925926 0.025520833333333333 0.07314814814814814
1 0.5705729166666667 0.32546296296296295 0.0171875 0.06018518518518518
1 0.5578125 0.4699074074074074 0.017708333333333333 0.075
1 0.25833333333333336 0.8342592592592593 0.020833333333333332 0.11296296296296296
1 0.09270833333333334 0.4 0.019791666666666666 0.06481481481481481
1 0.15859375 0.09768518518518518 0.016145833333333335 0.03981481481481482
1 0.60625 0.10231481481481482 0.0125 0.03425925925925926
1 0.13385416666666666 0.225 0.0125 0.05185185185185185
1 0.3966145833333333 0.274537037037037 0.0171875 0.05462962962962963
1 0.5364583333333334 0.16805555555555557 0.017708333333333333 0.04351851851851852
1 0.5953125 0.19907407407407407 0.0125 0.046296296296296294
1 0.10703125 0.2652777777777778 0.022395833333333334 0.05648148148148148
1 0.2794270833333333 0.12037037037037036 0.0203125 0.03888888888888889
1 0.23723958333333334 0.11574074074074074 0.013020833333333334 0.03518518518518519
1 0.6080729166666666 0.2064814814814815 0.013020833333333334 0.05185185185185185
1 0.8333333333333334 0.29953703703703705 0.019791666666666666 0.058333333333333334
1 0.6388020833333333 0.09861111111111111 0.011979166666666667 0.03796296296296296
1 0.6828125 0.16296296296296298 0.014583333333333334 0.05
1 0.52325 0.0967962962962963 0.0046875 0.009259259259259259
