1 0.128125 0.20601851851851852 0.010416666666666666 0.058333333333333334
1 0.33567708333333335 0.2810185185185185 0.0140625 0.06574074074074074
1 0.7161458333333334 0.1527777777777778 0.013541666666666667 0.053703703703703705
1 0.44140625 0.17037037037037037 0.013020833333333334 0.053703703703703705
1 0.9083333333333333 0.5726851851851852 0.021875 0.08611111111111111
1 0.553125 0.35462962962962963 0.014583333333333334 0.06851851851851852
1 0.5919270833333333 0.4703703703703704 0.0171875 0.07962962962962963
1 0.28489583333333335 0.8712962962962963 0.020833333333333332 0.11481481481481481
1 0.07890625 0.46620370370370373 0.016145833333333335 0.07685185185185185
1 0.18098958333333334 0.06574074074074074 0.013020833333333334 0.04259259259259259
1 0.5885416666666666 0.10648148148148148 0.010416666666666666 0.044444444444444446
1 0.11953125 0.2550925925925926 0.011979166666666667 0.058333333333333334
1 0.43255208333333334 0.287962962962963 0.016145833333333335 0.06666666666666667
1 0.5065104166666666 0.17592592592592593 0.016145833333333335 0.05
1 0.5997395833333333 0.2037037037037037 0.011979166666666667 0.053703703703703705
1 0.1171875 0.27685185185185185 0.013541666666666667 0.06481481481481481
1 0.2625 0.11481481481481481 0.0125 0.044444444444444446
1 0.28125 0.10277777777777777 0.011458333333333333 0.040740740740740744
1 0.6325520833333333 0.22453703703703703 0.013020833333333334 0.062037037037037036
1 0.9036458333333334 0.31666666666666665 0.0125 0.07037037037037037
1 0.6739583333333333 0.08194444444444444 0.011458333333333333 0.04722222222222222
1 0.6703125 0.14722222222222223 0.016666666666666666 0.04814814814814815
1 0.67109375 0.1037037037037037 0.0046875 0.007407407407407408
