1 0.3966145833333333 0.3111111111111111 0.013020833333333334 0.04814814814814815
1 0.4278645833333333 0.4015740740740741 0.016145833333333335 0.05425925925925928
1 0.7869791666666667 0.34444444444444444 0.016666666666666666 0.05
1 0.4953125 0.3226851851851852 0.0125 0.049074074074074076
1 0.76015625 0.6949074074074074 0.016145833333333335 0.075
1 0.48776041666666664 0.43148148148148147 0.0140625 0.05185185185185185
1 0.6510416666666666 0.6615740740740741 0.019791666666666666 0.07685185185185185
1 0.2872395833333333 0.6773148148148148 0.016145833333333335 0.0824074074074074
1 0.165625 0.4875 0.017708333333333333 0.058333333333333334
1 0.27395833333333336 0.25 0.013541666666666667 0.046296296296296294
1 0.671875 0.28425925925925927 0.010416666666666666 0.04259259259259259
1 0.46015625 0.3060185185185185 0.008854166666666666 0.03981481481481482
1 0.4236979166666667 0.39444444444444443 0.015104166666666667 0.05740740740740741
1 0.5135416666666667 0.33287037037037037 0.010416666666666666 0.04722222222222222
1 0.6692708333333334 0.38564814814814813 0.010416666666666666 0.05277777777777778
1 0.16197916666666667 0.36574074074074076 0.011458333333333333 0.046296296296296294
1 0.2994791666666667 0.30324074074074076 0.0125 0.049074074074074076
1 0.3059895833333333 0.2884259259259259 0.008854166666666666 0.03981481481481482
1 0.7098958333333333 0.38981481481481484 0.015625 0.05740740740740741
1 0.8333333333333334 0.4699074074074074 0.013541666666666667 0.062037037037037036
1 0.6830729166666667 0.2935185185185185 0.0109375 0.044444444444444446
1 0.7671875 0.33611111111111114 0.010416666666666666 0.05185185185185185
1 0.22786458333333334 0.37592592592592594 0.0046875 0.009259259259259259
