1 0.3424479166666667 0.3384259259259259 0.015104166666666667 0.06018518518518518
1 0.5088541666666667 0.43657407407407406 0.014583333333333334 0.06388888888888888
1 0.8489583333333334 0.38842592592592595 0.016666666666666666 0.05462962962962963
1 0.5388020833333333 0.33287037037037037 0.0140625 0.049074074074074076
1 0.6869791666666667 0.7111111111111111 0.022916666666666665 0.07592592592592592
1 0.31536458333333334 0.4546296296296296 0.0140625 0.05925925925925926
1 0.6153645833333333 0.7125 0.016145833333333335 0.07685185185185185
1 0.34765625 0.5981481481481481 0.0140625 0.07777777777777778
1 0.29270833333333335 0.5615740740740741 0.021875 0.06759259259259259
1 0.3138020833333333 0.25925925925925924 0.008854166666666666 0.04259259259259259
1 0.7690104166666667 0.2912037037037037 0.009895833333333333 0.04351851851851852
1 0.4432291666666667 0.3509259259259259 0.011458333333333333 0.05185185185185185
1 0.4625 0.42962962962962964 0.014583333333333334 0.05740740740740741
1 0.5591145833333333 0.37824074074074077 0.0109375 0.05462962962962963
1 0.6328125 0.4361111111111111 0.014583333333333334 0.053703703703703705
1 0.17604166666666668 0.42314814814814816 0.017708333333333333 0.04814814814814815
1 0.34375 0.32175925925925924 0.016666666666666666 0.041666666666666664
1 0.3841145833333333 0.31712962962962965 0.0109375 0.04537037037037037
1 0.753125 0.42962962962962964 0.013541666666666667 0.06111111111111111
1 0.86015625 0.5185185185185185 0.024479166666666666 0.07037037037037037
1 0.78984375 0.3277777777777778 0.009895833333333333 0.05
1 0.7927083333333333 0.3449074074074074 0.013541666666666667 0.049074074074074076
1 0.2 0.44907407407407407 0.005208333333333333 0.009259259259259259
