1 0.3098958333333333 0.3435185185185185 0.011458333333333333 0.05185185185185185
1 0.5309895833333333 0.43425925925925923 0.018229166666666668 0.06111111111111111
1 0.8752604166666667 0.3851851851851852 0.013020833333333334 0.05740740740740741
1 0.5447916666666667 0.3236111111111111 0.011458333333333333 0.05092592592592592
1 0.7072916666666667 0.7166666666666667 0.028125 0.07777777777777778
1 0.2596354166666667 0.44305555555555554 0.019270833333333334 0.05462962962962963
1 0.6013020833333333 0.7421296296296296 0.021354166666666667 0.08425925925925926
1 0.36041666666666666 0.5898148148148148 0.015625 0.07592592592592592
1 0.3453125 0.5662037037037037 0.014583333333333334 0.0712962962962963
1 0.315625 0.2550925925925926 0.008333333333333333 0.041666666666666664
1 0.77890625 0.2851851851851852 0.011979166666666667 0.03888888888888889
1 0.41458333333333336 0.35509259259259257 0.010416666666666666 0.05092592592592592
1 0.4708333333333333 0.42916666666666664 0.0125 0.058333333333333334
1 0.5645833333333333 0.3763888888888889 0.009375 0.05462962962962963
1 0.6328125 0.43425925925925923 0.017708333333333333 0.05740740740740741
1 0.20234375 0.4263888888888889 0.0234375 0.05092592592592592
1 0.34765625 0.3236111111111111 0.0171875 0.05092592592592592
1 0.39348958333333334 0.3148148148148148 0.013020833333333334 0.046296296296296294
1 0.7588541666666667 0.4300925925925926 0.0125 0.06388888888888888
1 0.88671875 0.5097222222222222 0.024479166666666666 0.06944444444444445
1 0.809375 0.325 0.010416666666666666 0.04814814814814815
1 0.80234375 0.3375 0.011979166666666667 0.04722222222222222
1 0.2703125 0.4041666666666667 0.004166666666666667 0.008333333333333333
