1 0.14296875 0.4310185185185185 0.0109375 0.05092592592592592
1 0.4796875 0.4356481481481482 0.010416666666666666 0.049074074074074076
1 0.6307291666666667 0.3675925925925926 0.0125 0.040740740740740744
1 0.4395833333333333 0.38055555555555554 0.010416666666666666 0.044444444444444446
1 0.8299479166666667 0.6935185185185185 0.0203125 0.06666666666666667
1 0.18619791666666666 0.5060185185185185 0.015104166666666667 0.05277777777777778
1 0.5854166666666667 0.6537037037037037 0.009375 0.06481481481481481
1 0.18671875 0.6685185185185185 0.016145833333333335 0.07222222222222222
1 0.19739583333333333 0.5837962962962963 0.014583333333333334 0.06018518518518518
1 0.14505208333333333 0.337037037037037 0.009895833333333333 0.03888888888888889
1 0.6106770833333334 0.32916666666666666 0.0078125 0.03425925925925926
1 0.15963541666666667 0.45740740740740743 0.0109375 0.05
1 0.9299479166666667 0.4023148148148148 0.009895833333333333 0.04351851851851852
1 0.3578125 0.47175925925925927 0.011458333333333333 0.05092592592592592
1 0.45677083333333335 0.39166666666666666 0.010416666666666666 0.040740740740740744
1 0.5510416666666667 0.4009259259259259 0.007291666666666667 0.04259259259259259
1 0.21171875 0.3939814814814815 0.011979166666666667 0.04537037037037037
1 0.17942708333333332 0.362962962962963 0.0078125 0.03518518518518519
1 0.7252604166666666 0.4375 0.0078125 0.049074074074074076
1 0.7815104166666667 0.45694444444444443 0.009895833333333333 0.05092592592592592
1 0.615625 0.3087962962962963 0.008333333333333333 0.032407407407407406
1 0.5830729166666667 0.3699074074074074 0.0078125 0.041666666666666664
