1 0.153125 0.3819444444444444 0.009375 0.04537037037037037
1 0.4239583333333333 0.425462962962963 0.010416666666666666 0.049074074074074076
1 0.5411458333333333 0.3453703703703704 0.009375 0.040740740740740744
1 0.44453125 0.36898148148148147 0.008854166666666666 0.041666666666666664
1 0.8481770833333333 0.6884259259259259 0.011979166666666667 0.06574074074074074
1 0.22265625 0.49212962962962964 0.011979166666666667 0.05092592592592592
1 0.6356770833333333 0.6236111111111111 0.015104166666666667 0.06388888888888888
1 0.20572916666666666 0.6722222222222223 0.0125 0.07037037037037037
1 0.18932291666666667 0.5837962962962963 0.013020833333333334 0.058333333333333334
1 0.1515625 0.30833333333333335 0.010416666666666666 0.037037037037037035
1 0.5346354166666667 0.3162037037037037 0.0078125 0.032407407407407406
1 0.13958333333333334 0.4425925925925926 0.009375 0.04814814814814815
1 0.8692708333333333 0.35 0.009375 0.040740740740740744
1 0.440625 0.4263888888888889 0.008333333333333333 0.04722222222222222
1 0.44973958333333336 0.37824074074074077 0.0078125 0.041666666666666664
1 0.49322916666666666 0.38287037037037036 0.010416666666666666 0.03981481481481482
1 0.0328125 0.5074074074074074 0.013541666666666667 0.053703703703703705
1 0.2734375 0.38425925925925924 0.008333333333333333 0.044444444444444446
1 0.16875 0.3347222222222222 0.007291666666666667 0.03425925925925926
1 0.6541666666666667 0.42314814814814816 0.010416666666666666 0.04814814814814815
1 0.6885416666666667 0.4412037037037037 0.010416666666666666 0.049074074074074076
1 0.5276041666666667 0.29212962962962963 0.007291666666666667 0.032407407407407406
1 0.51640625 0.350462962962963 0.0078125 0.03981481481481482
