1 0.21041666666666667 0.3402777777777778 0.016666666666666666 0.06944444444444445
1 0.49713541666666666 0.3736111111111111 0.009895833333333333 0.06759259259259259
1 0.68359375 0.3074074074074074 0.011979166666666667 0.06111111111111111
1 0.42083333333333334 0.4111111111111111 0.01875 0.07037037037037037
1 0.8033854166666666 0.7430555555555556 0.0171875 0.09166666666666666
1 0.42942708333333335 0.5435185185185185 0.016145833333333335 0.07777777777777778
1 0.5947916666666667 0.7078703703703704 0.013541666666666667 0.08981481481481482
1 0.3106770833333333 0.8060185185185185 0.0203125 0.10462962962962963
1 0.24791666666666667 0.687962962962963 0.01875 0.08888888888888889
1 0.2609375 0.1439814814814815 0.011458333333333333 0.04351851851851852
1 0.5315104166666667 0.2828703703703704 0.013020833333333334 0.05648148148148148
1 0.1828125 0.4398148148148148 0.015625 0.07407407407407407
1 0.4192708333333333 0.49583333333333335 0.016666666666666666 0.075
1 0.54140625 0.3597222222222222 0.013020833333333334 0.06388888888888888
1 0.49973958333333335 0.44166666666666665 0.015104166666666667 0.07222222222222222
1 0.1640625 0.5078703703703704 0.022916666666666665 0.07685185185185185
1 0.31666666666666665 0.3365740740740741 0.011458333333333333 0.06388888888888888
1 0.3065104166666667 0.22314814814814815 0.0140625 0.05185185185185185
1 0.77265625 0.45 0.0203125 0.07407407407407407
1 0.8283854166666667 0.49675925925925923 0.016145833333333335 0.0787037037037037
1 0.6880208333333333 0.21805555555555556 0.0125 0.05092592592592592
1 0.59140625 0.30925925925925923 0.013020833333333334 0.05740740740740741
