1 0.29609375 0.35 0.0171875 0.07777777777777778
1 0.5390625 0.3541666666666667 0.016666666666666666 0.0712962962962963
1 0.7825520833333334 0.3731481481481482 0.018229166666666668 0.07777777777777778
1 0.40651041666666665 0.3625 0.011979166666666667 0.07314814814814814
1 0.7908854166666667 0.825 0.0265625 0.1037037037037037
1 0.47994791666666664 0.5768518518518518 0.018229166666666668 0.09074074074074075
1 0.41692708333333334 0.6912037037037037 0.015104166666666667 0.09166666666666666
1 0.19166666666666668 0.7657407407407407 0.016666666666666666 0.1037037037037037
1 0.21640625 0.6296296296296297 0.022395833333333334 0.08703703703703704
1 0.4205729166666667 0.058333333333333334 0.0109375 0.04259259259259259
1 0.5125 0.30092592592592593 0.016666666666666666 0.06481481481481481
1 0.24375 0.4962962962962963 0.016666666666666666 0.07962962962962963
1 0.3846354166666667 0.46944444444444444 0.013020833333333334 0.08333333333333333
1 0.5546875 0.40555555555555556 0.017708333333333333 0.07592592592592592
1 0.49713541666666666 0.44537037037037036 0.013020833333333334 0.07592592592592592
1 0.24609375 0.4527777777777778 0.0171875 0.07777777777777778
1 0.33125 0.2726851851851852 0.014583333333333334 0.06944444444444445
1 0.3690104166666667 0.20185185185185187 0.011979166666666667 0.05555555555555555
1 0.73984375 0.46620370370370373 0.0140625 0.08796296296296297
1 0.8260416666666667 0.5537037037037037 0.022916666666666665 0.09259259259259259
1 0.7567708333333333 0.23425925925925925 0.013541666666666667 0.05925925925925926
1 0.528125 0.3800925925925926 0.015625 0.07314814814814814
