1 0.23411458333333332 0.3296296296296296 0.022395833333333334 0.06111111111111111
1 0.4861979166666667 0.3699074074074074 0.024479166666666666 0.062037037037037036
1 0.76015625 0.3662037037037037 0.015104166666666667 0.06759259259259259
1 0.44453125 0.3449074074074074 0.018229166666666668 0.062037037037037036
1 0.7588541666666667 0.6375 0.023958333333333335 0.0824074074074074
1 0.55546875 0.55 0.024479166666666666 0.07592592592592592
1 0.5916666666666667 0.7703703703703704 0.021875 0.0962962962962963
1 0.3111979166666667 0.6509259259259259 0.018229166666666668 0.09259259259259259
1 0.21484375 0.6074074074074074 0.0234375 0.07962962962962963
1 0.33958333333333335 0.1375 0.017708333333333333 0.03981481481481482
1 0.63671875 0.31296296296296294 0.015104166666666667 0.05555555555555555
1 0.30833333333333335 0.4310185185185185 0.026041666666666668 0.06574074074074074
1 0.3684895833333333 0.46064814814814814 0.0203125 0.075
1 0.5661458333333333 0.3560185185185185 0.017708333333333333 0.05648148148148148
1 0.56640625 0.44675925925925924 0.018229166666666668 0.06944444444444445
1 0.14895833333333333 0.44583333333333336 0.021875 0.0712962962962963
1 0.27421875 0.2791666666666667 0.019270833333333334 0.05092592592592592
1 0.32369791666666664 0.26435185185185184 0.015104166666666667 0.049074074074074076
1 0.6809895833333334 0.47685185185185186 0.0140625 0.08148148148148149
1 0.7515625 0.4925925925925926 0.015625 0.08333333333333333
1 0.7434895833333334 0.32407407407407407 0.013020833333333334 0.05555555555555555
1 0.7502916666666667 0.33875 0.013541666666666667 0.05277777777777778
1 0.3274713541666667 0.15322222222222223 0.0034739583333333714 0.007722222222222226
