1 0.41953125 0.46574074074074073 0.0140625 0.06111111111111111
1 0.30703125 0.46944444444444444 0.008854166666666666 0.06481481481481481
1 0.3333333333333333 0.4986111111111111 0.0125 0.05092592592592592
1 0.41510416666666666 0.4212962962962963 0.0125 0.046296296296296294
1 0.6934895833333333 0.6768518518518518 0.019270833333333334 0.07962962962962963
1 0.9091145833333333 0.45787037037037037 0.0109375 0.05648148148148148
1 0.40572916666666664 0.48148148148148145 0.0125 0.05
1 0.5088541666666667 0.3194444444444444 0.010416666666666666 0.04259259259259259
1 0.7325520833333333 0.3111111111111111 0.008854166666666666 0.03888888888888889
1 0.6940104166666666 0.3574074074074074 0.0140625 0.05
1 0.42916666666666664 0.3541666666666667 0.008333333333333333 0.04722222222222222
1 0.41432291666666665 0.3837962962962963 0.015104166666666667 0.05092592592592592
1 0.9109375 0.3800925925925926 0.009375 0.04722222222222222
1 0.5421875 0.2962962962962963 0.010416666666666666 0.037037037037037035
1 0.6541666666666667 0.31666666666666665 0.010416666666666666 0.040740740740740744
1 0.6005208333333333 0.3300925925925926 0.009375 0.03611111111111111
1 0.5588541666666667 0.41388888888888886 0.0125 0.053703703703703705
1 0.5830729166666667 0.2851851851851852 0.011979166666666667 0.037037037037037035
1 0.6169270833333333 0.31157407407407406 0.0109375 0.041666666666666664
1 0.5364583333333334 0.27314814814814814 0.009375 0.03888888888888889
1 0.7888020833333333 0.39305555555555555 0.015104166666666667 0.05092592592592592
1 0.4440104166666667 0.3541666666666667 0.0109375 0.04722222222222222
1 0.159375 0.39305555555555555 0.0125 0.04722222222222222
1 0.65703125 0.33425925925925926 0.0046875 0.007407407407407408
