1 0.50546875 0.524074074074074 0.019270833333333334 0.07777777777777778
1 0.12057291666666667 0.5791666666666667 0.0203125 0.08796296296296297
1 0.4796875 0.5990740740740741 0.021875 0.07777777777777778
1 0.25859375 0.5574074074074075 0.011979166666666667 0.07777777777777778
1 0.8651041666666667 0.7898148148148149 0.026041666666666668 0.10185185185185185
1 0.9122395833333333 0.4736111111111111 0.018229166666666668 0.075
1 0.4583333333333333 0.6365740740740741 0.019791666666666666 0.08611111111111111
1 0.28489583333333335 0.4050925925925926 0.0125 0.06759259259259259
1 0.6861979166666666 0.21388888888888888 0.0109375 0.04814814814814815
1 0.6200520833333333 0.4023148148148148 0.008854166666666666 0.07314814814814814
1 0.1609375 0.37037037037037035 0.017708333333333333 0.06296296296296296
1 0.11822916666666666 0.45601851851851855 0.01875 0.07314814814814814
1 0.83984375 0.3101851851851852 0.0140625 0.05555555555555555
1 0.21979166666666666 0.2763888888888889 0.0125 0.05277777777777778
1 0.5434895833333333 0.324537037037037 0.0109375 0.05648148148148148
1 0.4158854166666667 0.3263888888888889 0.009895833333333333 0.058333333333333334
1 0.26171875 0.6689814814814815 0.022395833333333334 0.09722222222222222
1 0.47994791666666664 0.22314814814814815 0.011979166666666667 0.04814814814814815
1 0.3770833333333333 0.2796296296296296 0.011458333333333333 0.053703703703703705
1 0.2520833333333333 0.18472222222222223 0.009375 0.04351851851851852
1 0.44765625 0.5212962962962963 0.013020833333333334 0.07962962962962963
1 0.4671875 0.40324074074074073 0.013541666666666667 0.06759259259259259
1 0.47604166666666664 0.43148148148148147 0.00625 0.011111111111111112
