1 0.409375 0.38472222222222224 0.014583333333333334 0.06944444444444445
1 0.22760416666666666 0.36527777777777776 0.014583333333333334 0.06759259259259259
1 0.19375 0.38425925925925924 0.014583333333333334 0.06111111111111111
1 0.4557291666666667 0.29907407407407405 0.013541666666666667 0.04814814814814815
1 0.6981770833333333 0.774537037037037 0.022395833333333334 0.10833333333333334
1 0.8598958333333333 0.3648148148148148 0.013541666666666667 0.06666666666666667
1 0.3770833333333333 0.41805555555555557 0.013541666666666667 0.06944444444444445
1 0.45546875 0.2324074074074074 0.016145833333333335 0.05
1 0.7661458333333333 0.19907407407407407 0.0125 0.04259259259259259
1 0.5940104166666667 0.2569444444444444 0.0140625 0.049074074074074076
1 0.38958333333333334 0.19444444444444445 0.015625 0.040740740740740744
1 0.3145833333333333 0.26435185185185184 0.015625 0.062037037037037036
1 0.7458333333333333 0.25555555555555554 0.0125 0.05185185185185185
1 0.43020833333333336 0.2 0.015625 0.044444444444444446
1 0.4609375 0.20601851851851852 0.011458333333333333 0.04351851851851852
1 0.571875 0.22407407407407406 0.017708333333333333 0.046296296296296294
1 0.4546875 0.3398148148148148 0.014583333333333334 0.06296296296296296
1 0.49322916666666666 0.1699074074074074 0.009375 0.04351851851851852
1 0.5526041666666667 0.19027777777777777 0.014583333333333334 0.03796296296296296
1 0.4296875 0.1412037037037037 0.011458333333333333 0.03425925925925926
1 0.75625 0.24722222222222223 0.009375 0.053703703703703705
1 0.2859375 0.20462962962962963 0.010416666666666666 0.04259259259259259
1 0.09296875 0.24768518518518517 0.0171875 0.049074074074074076
1 0.47708333333333336 0.18564814814814815 0.004166666666666667 0.008333333333333333
