1 0.3697916666666667 0.3861111111111111 0.017708333333333333 0.06666666666666667
1 0.25625 0.4324074074074074 0.021875 0.07037037037037037
1 0.15572916666666667 0.6569444444444444 0.020833333333333332 0.09166666666666666
1 0.46510416666666665 0.3851851851851852 0.01875 0.06666666666666667
1 0.67421875 0.7560185185185185 0.018229166666666668 0.10277777777777777
1 0.828125 0.41388888888888886 0.019791666666666666 0.06666666666666667
1 0.4348958333333333 0.49444444444444446 0.016666666666666666 0.07777777777777778
1 0.5109375 0.3 0.017708333333333333 0.06296296296296296
1 0.7393229166666667 0.1837962962962963 0.016145833333333335 0.04351851851851852
1 0.6403645833333333 0.29907407407407405 0.015104166666666667 0.05925925925925926
1 0.37447916666666664 0.24212962962962964 0.014583333333333334 0.05092592592592592
1 0.3177083333333333 0.30277777777777776 0.017708333333333333 0.05925925925925926
1 0.8869791666666667 0.30972222222222223 0.015625 0.05648148148148148
1 0.32760416666666664 0.22824074074074074 0.0125 0.041666666666666664
1 0.340625 0.22361111111111112 0.01875 0.05092592592592592
1 0.5598958333333334 0.25046296296296294 0.019791666666666666 0.05277777777777778
1 0.5291666666666667 0.3819444444444444 0.022916666666666665 0.06944444444444445
1 0.4703125 0.16064814814814815 0.015625 0.041666666666666664
1 0.5479166666666667 0.19675925925925927 0.023958333333333335 0.04537037037037037
1 0.5231432291666667 0.1123935185185185 0.012776041666666712 0.037620370370370367
1 0.81953125 0.33564814814814814 0.011979166666666667 0.06574074074074074
1 0.3255208333333333 0.28703703703703703 0.017708333333333333 0.05185185185185185
1 0.16223958333333333 0.24212962962962964 0.0140625 0.041666666666666664
1 0.3234375 0.24537037037037038 0.005208333333333333 0.009259259259259259
