1 0.4471354166666667 0.42407407407407405 0.015104166666666667 0.07222222222222222
1 0.3028645833333333 0.5148148148148148 0.030729166666666665 0.07777777777777778
1 0.21119791666666668 0.7537037037037037 0.024479166666666666 0.1
1 0.5067708333333333 0.42268518518518516 0.014583333333333334 0.06944444444444445
1 0.73125 0.8023148148148148 0.01875 0.10833333333333334
1 0.8263020833333333 0.4162037037037037 0.030729166666666665 0.06388888888888888
1 0.49713541666666666 0.5152777777777777 0.015104166666666667 0.08055555555555556
1 0.5880208333333333 0.31851851851851853 0.020833333333333332 0.05925925925925926
1 0.753125 0.15833333333333333 0.009375 0.04259259259259259
1 0.6729166666666667 0.2916666666666667 0.011458333333333333 0.06296296296296296
1 0.46822916666666664 0.2712962962962963 0.014583333333333334 0.05
1 0.42265625 0.33194444444444443 0.0140625 0.06759259259259259
1 0.8947916666666667 0.26342592592592595 0.011458333333333333 0.05277777777777778
1 0.5127604166666667 0.1986111111111111 0.011979166666666667 0.041666666666666664
1 0.5276041666666667 0.2263888888888889 0.019791666666666666 0.04722222222222222
1 0.5841145833333333 0.2412037037037037 0.022395833333333334 0.05277777777777778
1 0.5583333333333333 0.35138888888888886 0.014583333333333334 0.062037037037037036
1 0.5841145833333333 0.15648148148148147 0.013020833333333334 0.040740740740740744
1 0.6330729166666667 0.1884259259259259 0.011979166666666667 0.04537037037037037
1 0.5934895833333333 0.11342592592592593 0.0109375 0.03425925925925926
1 0.7299479166666667 0.2962962962962963 0.011979166666666667 0.05925925925925926
1 0.4625 0.2861111111111111 0.015625 0.053703703703703705
1 0.1328125 0.25972222222222224 0.014583333333333334 0.05648148148148148
1 0.8078125 0.4412037037037037 0.00625 0.010185185185185186
