1 0.52265625 0.524537037037037 0.018229166666666668 0.075
1 0.11067708333333333 0.5837962962962963 0.0265625 0.0824074074074074
1 0.4359375 0.612037037037037 0.025 0.07777777777777778
1 0.26119791666666664 0.5574074074074075 0.027604166666666666 0.07407407407407407
1 0.8544270833333333 0.7935185185185185 0.024479166666666666 0.1
1 0.91015625 0.4759259259259259 0.016145833333333335 0.07592592592592592
1 0.45598958333333334 0.6398148148148148 0.0140625 0.09259259259259259
1 0.2828125 0.4134259259259259 0.015625 0.06388888888888888
1 0.6739583333333333 0.2152777777777778 0.008333333333333333 0.04351851851851852
1 0.6104166666666667 0.40370370370370373 0.011458333333333333 0.07222222222222222
1 0.15833333333333333 0.37175925925925923 0.011458333333333333 0.06388888888888888
1 0.11666666666666667 0.4537037037037037 0.015625 0.07222222222222222
1 0.83515625 0.3111111111111111 0.013020833333333334 0.05555555555555555
1 0.21380208333333334 0.27870370370370373 0.0140625 0.05185185185185185
1 0.5140625 0.3263888888888889 0.0125 0.05092592592592592
1 0.4140625 0.33101851851851855 0.009375 0.05648148148148148
1 0.27786458333333336 0.6509259259259259 0.018229166666666668 0.09259259259259259
1 0.46119791666666665 0.23194444444444445 0.016145833333333335 0.03981481481481482
1 0.36640625 0.28194444444444444 0.009895833333333333 0.05277777777777778
1 0.2518229166666667 0.1875 0.009895833333333333 0.04351851851851852
1 0.49244791666666665 0.5 0.013020833333333334 0.06851851851851852
1 0.44947916666666665 0.4074074074074074 0.020833333333333332 0.05925925925925926
1 0.5809895833333333 0.42407407407407405 0.005729166666666666 0.009259259259259259
