1 0.30807291666666664 0.4337962962962963 0.019270833333333334 0.075
1 0.05859375 0.663425925925926 0.033854166666666664 0.10648148148148148
1 0.034375 0.7814814814814814 0.022916666666666665 0.10740740740740741
1 0.3151041666666667 0.4023148148148148 0.014583333333333334 0.0712962962962963
1 0.8098958333333334 0.749537037037037 0.035416666666666666 0.09722222222222222
1 0.7484375 0.30416666666666664 0.01875 0.05462962962962963
1 0.4822916666666667 0.47685185185185186 0.023958333333333335 0.07222222222222222
1 0.20963541666666666 0.3087962962962963 0.0171875 0.06574074074074074
1 0.42161458333333335 0.07407407407407407 0.011979166666666667 0.037037037037037035
1 0.50546875 0.2351851851851852 0.013020833333333334 0.06111111111111111
1 0.14895833333333333 0.24212962962962964 0.0125 0.06018518518518518
1 0.09010416666666667 0.362962962962963 0.019791666666666666 0.07407407407407407
1 0.66796875 0.16574074074074074 0.016145833333333335 0.05
1 0.1625 0.16342592592592592 0.010416666666666666 0.049074074074074076
1 0.25104166666666666 0.20601851851851852 0.014583333333333334 0.05092592592592592
1 0.353125 0.21851851851851853 0.010416666666666666 0.05555555555555555
1 0.2640625 0.3675925925925926 0.014583333333333334 0.07222222222222222
1 0.19166666666666668 0.1111111111111111 0.011458333333333333 0.046296296296296294
1 0.35104166666666664 0.14074074074074075 0.014583333333333334 0.046296296296296294
1 0.17682291666666666 0.0763888888888889 0.009895833333333333 0.03611111111111111
1 0.6481770833333333 0.19953703703703704 0.019270833333333334 0.04722222222222222
1 0.13489583333333333 0.37222222222222223 0.015625 0.07407407407407407
1 0.6916666666666667 0.3125 0.007291666666666667 0.010185185185185186
