1 0.33046875 0.39351851851851855 0.015104166666666667 0.07037037037037037
1 0.18177083333333333 0.4041666666666667 0.022916666666666665 0.08055555555555556
1 0.16380208333333332 0.49074074074074076 0.019270833333333334 0.07592592592592592
1 0.4036458333333333 0.2865740740740741 0.013541666666666667 0.06018518518518518
1 0.68671875 0.8587962962962963 0.0328125 0.10833333333333334
1 0.8080729166666667 0.3625 0.022395833333333334 0.07314814814814814
1 0.34453125 0.4375 0.015104166666666667 0.07685185185185185
1 0.4075520833333333 0.22361111111111112 0.013020833333333334 0.058333333333333334
1 0.6588541666666666 0.12407407407407407 0.010416666666666666 0.040740740740740744
1 0.5588541666666667 0.2523148148148148 0.015625 0.06018518518518518
1 0.3263020833333333 0.20787037037037037 0.015104166666666667 0.05277777777777778
1 0.29453125 0.25092592592592594 0.019270833333333334 0.06111111111111111
1 0.6765625 0.1837962962962963 0.022916666666666665 0.041666666666666664
1 0.3768229166666667 0.14351851851851852 0.011979166666666667 0.044444444444444446
1 0.4309895833333333 0.1550925925925926 0.008854166666666666 0.04351851851851852
1 0.4973958333333333 0.17407407407407408 0.0125 0.044444444444444446
1 0.40677083333333336 0.3439814814814815 0.017708333333333333 0.0712962962962963
1 0.4239583333333333 0.1087962962962963 0.009375 0.03981481481481482
1 0.47161458333333334 0.14027777777777778 0.0109375 0.04351851851851852
1 0.40208333333333335 0.09398148148148149 0.0125 0.03611111111111111
1 0.6307291666666667 0.21435185185185185 0.011458333333333333 0.04722222222222222
1 0.309375 0.2263888888888889 0.01875 0.04537037037037037
