1 0.33229166666666665 0.45555555555555555 0.016666666666666666 0.07592592592592592
1 0.12109375 0.42268518518518516 0.0171875 0.06944444444444445
1 0.16822916666666668 0.4537037037037037 0.015625 0.07037037037037037
1 0.3106770833333333 0.399537037037037 0.0140625 0.06574074074074074
1 0.7109375 0.7893518518518519 0.019791666666666666 0.10462962962962963
1 0.8791666666666667 0.42777777777777776 0.017708333333333333 0.07037037037037037
1 0.29401041666666666 0.4888888888888889 0.018229166666666668 0.07407407407407407
1 0.30234375 0.2875 0.011979166666666667 0.05462962962962963
1 0.60859375 0.1912037037037037 0.011979166666666667 0.04351851851851852
1 0.5690104166666666 0.2875 0.013020833333333334 0.05648148148148148
1 0.20625 0.27314814814814814 0.011458333333333333 0.05740740740740741
1 0.16953125 0.3333333333333333 0.0203125 0.05185185185185185
1 0.8182291666666667 0.23287037037037037 0.011458333333333333 0.049074074074074076
1 0.26067708333333334 0.20833333333333334 0.009895833333333333 0.046296296296296294
1 0.33984375 0.2569444444444444 0.009895833333333333 0.05277777777777778
1 0.38333333333333336 0.262037037037037 0.013541666666666667 0.05185185185185185
1 0.2830729166666667 0.4601851851851852 0.016145833333333335 0.07777777777777778
1 0.28880208333333335 0.18888888888888888 0.008854166666666666 0.046296296296296294
1 0.5065104166666666 0.1986111111111111 0.008854166666666666 0.03981481481481482
1 0.26015625 0.15555555555555556 0.011979166666666667 0.040740740740740744
1 0.5815104166666667 0.28194444444444444 0.0140625 0.049074074074074076
1 0.18880208333333334 0.3458333333333333 0.013020833333333334 0.06018518518518518
1 0.61484375 0.21435185185185185 0.0046875 0.008333333333333333
