1 0.33203125 0.44166666666666665 0.025520833333333333 0.07777777777777778
1 0.06458333333333334 0.6175925925925926 0.021875 0.1
1 0.062239583333333334 0.7324074074074074 0.025520833333333333 0.09814814814814815
1 0.32447916666666665 0.3837962962962963 0.014583333333333334 0.06388888888888888
1 0.8190104166666666 0.7587962962962963 0.018229166666666668 0.09907407407407408
1 0.7963541666666667 0.30185185185185187 0.015625 0.06296296296296296
1 0.45807291666666666 0.46944444444444444 0.018229166666666668 0.07962962962962963
1 0.23984375 0.2814814814814815 0.0203125 0.06111111111111111
1 0.47708333333333336 0.0625 0.010416666666666666 0.04351851851851852
1 0.6010416666666667 0.2273148148148148 0.0125 0.062037037037037036
1 0.20260416666666667 0.21064814814814814 0.020833333333333332 0.05277777777777778
1 0.12213541666666666 0.3351851851851852 0.015104166666666667 0.07037037037037037
1 0.7041666666666667 0.15925925925925927 0.011458333333333333 0.05185185185185185
1 0.21354166666666666 0.1388888888888889 0.010416666666666666 0.04814814814814815
1 0.30859375 0.1726851851851852 0.0109375 0.049074074074074076
1 0.37421875 0.19027777777777777 0.011979166666666667 0.05277777777777778
1 0.32321614583333336 0.36218981481481477 0.012890625 0.07167592592592595
1 0.26171875 0.09074074074074075 0.0109375 0.04259259259259259
1 0.3880208333333333 0.12268518518518519 0.009375 0.04351851851851852
1 0.23098958333333333 0.05694444444444444 0.0109375 0.03611111111111111
1 0.6171875 0.2324074074074074 0.015625 0.05185185185185185
1 0.178125 0.33796296296296297 0.016666666666666666 0.06851851851851852
1 0.6921875 0.2912037037037037 0.00625 0.008333333333333333
