1 0.43645833333333334 0.41435185185185186 0.017708333333333333 0.06018518518518518
1 0.24296875 0.38425925925925924 0.0140625 0.05925925925925926
1 0.27786458333333336 0.39814814814814814 0.015104166666666667 0.05925925925925926
1 0.45286458333333335 0.3472222222222222 0.018229166666666668 0.05555555555555555
1 0.7674479166666667 0.7180555555555556 0.0203125 0.09351851851851851
1 0.9364583333333333 0.40185185185185185 0.013541666666666667 0.06111111111111111
1 0.3963541666666667 0.42962962962962964 0.015625 0.06481481481481481
1 0.49921875 0.25601851851851853 0.009895833333333333 0.04537037037037037
1 0.746875 0.25416666666666665 0.0125 0.04351851851851852
1 0.6518229166666667 0.30185185185185187 0.013020833333333334 0.053703703703703705
1 0.41796875 0.2601851851851852 0.013020833333333334 0.046296296296296294
1 0.35703125 0.30694444444444446 0.0109375 0.05277777777777778
1 0.8716145833333333 0.32222222222222224 0.0140625 0.05185185185185185
1 0.5223958333333333 0.22777777777777777 0.013541666666666667 0.037037037037037035
1 0.5395833333333333 0.25092592592592594 0.014583333333333334 0.037037037037037035
1 0.5848958333333333 0.2800925925925926 0.010416666666666666 0.04722222222222222
1 0.5231770833333333 0.375 0.013020833333333334 0.06111111111111111
1 0.55078125 0.21805555555555556 0.0109375 0.03611111111111111
1 0.5398046875 0.2429768518518518 0.012890625 0.04187962962962959
1 0.5044270833333333 0.19953703703703704 0.009895833333333333 0.03611111111111111
1 0.8536458333333333 0.3282407407407407 0.016666666666666666 0.05277777777777778
1 0.31744791666666666 0.2638888888888889 0.011979166666666667 0.040740740740740744
1 0.12708333333333333 0.3199074074074074 0.011458333333333333 0.04537037037037037
