1 0.42604166666666665 0.4930555555555556 0.010416666666666666 0.058333333333333334
1 0.37864583333333335 0.4837962962962963 0.019791666666666666 0.06388888888888888
1 0.31484375 0.5819444444444445 0.013020833333333334 0.06574074074074074
1 0.5059895833333333 0.4439814814814815 0.011979166666666667 0.05462962962962963
1 0.6653645833333334 0.7319444444444444 0.019270833333333334 0.08796296296296297
1 0.9143229166666667 0.49212962962962964 0.011979166666666667 0.062037037037037036
1 0.4856770833333333 0.5106481481481482 0.0109375 0.05462962962962963
1 0.5505208333333333 0.3486111111111111 0.0125 0.04722222222222222
1 0.7622395833333333 0.31342592592592594 0.011979166666666667 0.03981481481481482
1 0.6825520833333333 0.37175925925925923 0.0109375 0.049074074074074076
1 0.5035182291666667 0.35658796296296297 0.012755208333333339 0.04521296296296295
1 0.4708333333333333 0.4074074074074074 0.014583333333333334 0.05555555555555555
1 0.9354166666666667 0.3736111111111111 0.013541666666666667 0.04722222222222222
1 0.58046875 0.3055555555555556 0.0078125 0.03888888888888889
1 0.66015625 0.34090740740740744 0.010208333333333286 0.046148148148148174
1 0.659375 0.34629629629629627 0.011458333333333333 0.04814814814814815
1 0.5924479166666666 0.412962962962963 0.011979166666666667 0.05
1 0.62421875 0.2935185185185185 0.009895833333333333 0.040740740740740744
1 0.675 0.32314814814814813 0.007291666666666667 0.04259259259259259
1 0.5871614583333333 0.27390740740740743 0.008177083333333357 0.0357037037037037
1 0.7375 0.387037037037037 0.013541666666666667 0.046296296296296294
1 0.5039791666666666 0.362925925925926 0.01275000000000001 0.04335185185185184
1 0.17682291666666666 0.4 0.0171875 0.053703703703703705
1 0.8729166666666667 0.3814814814814815 0.005208333333333333 0.009259259259259259
