1 0.4466145833333333 0.4824074074074074 0.0203125 0.07592592592592592
1 0.10078125 0.5189814814814815 0.019270833333333334 0.08425925925925926
1 0.26223958333333336 0.5236111111111111 0.0203125 0.075
1 0.375 0.45601851851851855 0.016666666666666666 0.06759259259259259
1 0.7919270833333333 0.7921296296296296 0.018229166666666668 0.10092592592592593
1 0.9177083333333333 0.44907407407407407 0.023958333333333335 0.07222222222222222
1 0.415625 0.5356481481481481 0.020833333333333332 0.0787037037037037
1 0.30885416666666665 0.362962962962963 0.013541666666666667 0.06296296296296296
1 0.6424479166666667 0.1875 0.011979166666666667 0.041666666666666664
1 0.6122395833333333 0.3277777777777778 0.0171875 0.05925925925925926
1 0.18177083333333333 0.31851851851851853 0.016666666666666666 0.05740740740740741
1 0.18984375 0.3851851851851852 0.022395833333333334 0.07222222222222222
1 0.8252604166666667 0.26666666666666666 0.0140625 0.05555555555555555
1 0.20598958333333334 0.23842592592592593 0.011979166666666667 0.049074074074074076
1 0.4153645833333333 0.29259259259259257 0.0109375 0.053703703703703705
1 0.40182291666666664 0.2986111111111111 0.009895833333333333 0.06018518518518518
1 0.29192708333333334 0.5601851851851852 0.018229166666666668 0.08888888888888889
1 0.3572916666666667 0.20462962962962963 0.011458333333333333 0.046296296296296294
1 0.36875 0.23703703703703705 0.017708333333333333 0.044444444444444446
1 0.2526041666666667 0.15648148148148147 0.011458333333333333 0.040740740740740744
1 0.6049479166666667 0.337037037037037 0.0140625 0.06296296296296296
1 0.3033854166666667 0.38472222222222224 0.025520833333333333 0.06759259259259259
1 0.609375 0.2935185185185185 0.005208333333333333 0.009259259259259259
