1 0.3614583333333333 0.3384259259259259 0.011458333333333333 0.05277777777777778
1 0.4901041666666667 0.43287037037037035 0.014583333333333334 0.062037037037037036
1 0.83984375 0.3824074074074074 0.016145833333333335 0.05555555555555555
1 0.53515625 0.33564814814814814 0.008854166666666666 0.05092592592592592
1 0.69296875 0.7097222222222223 0.018229166666666668 0.075
1 0.36223958333333334 0.46805555555555556 0.022395833333333334 0.05648148148148148
1 0.6229166666666667 0.6990740740740741 0.020833333333333332 0.07592592592592592
1 0.33619791666666665 0.6087962962962963 0.016145833333333335 0.07685185185185185
1 0.2513020833333333 0.5560185185185185 0.0203125 0.06388888888888888
1 0.30885416666666665 0.2587962962962963 0.010416666666666666 0.041666666666666664
1 0.7627604166666667 0.29398148148148145 0.0109375 0.04351851851851852
1 0.4552083333333333 0.34120370370370373 0.010416666666666666 0.04722222222222222
1 0.44921875 0.42592592592592593 0.0140625 0.05740740740740741
1 0.5559895833333334 0.37175925925925923 0.0109375 0.05277777777777778
1 0.6541666666666667 0.4287037037037037 0.010416666666666666 0.05740740740740741
1 0.17135416666666667 0.4166666666666667 0.020833333333333332 0.05185185185185185
1 0.33880208333333334 0.32407407407407407 0.0140625 0.05185185185185185
1 0.37473958333333335 0.3125 0.009895833333333333 0.04537037037037037
1 0.7505208333333333 0.42314814814814816 0.013541666666666667 0.06111111111111111
1 0.8486979166666667 0.5115740740740741 0.016145833333333335 0.0712962962962963
1 0.7729166666666667 0.32407407407407407 0.013541666666666667 0.04814814814814815
1 0.7856770833333333 0.3453703703703704 0.016145833333333335 0.05
1 0.19453125 0.4412037037037037 0.005729166666666666 0.008333333333333333
