1 0.3984375 0.3194444444444444 0.014583333333333334 0.05
1 0.4356770833333333 0.4083333333333333 0.013020833333333334 0.05740740740740741
1 0.79453125 0.3537037037037037 0.0140625 0.05
1 0.50390625 0.3296296296296296 0.0109375 0.05185185185185185
1 0.7588541666666667 0.7018518518518518 0.01875 0.07777777777777778
1 0.47552083333333334 0.44074074074074077 0.0125 0.053703703703703705
1 0.6549479166666666 0.6689814814814815 0.013020833333333334 0.0787037037037037
1 0.29713541666666665 0.663425925925926 0.016145833333333335 0.0787037037037037
1 0.17057291666666666 0.5 0.0109375 0.06111111111111111
1 0.2794270833333333 0.25462962962962965 0.0109375 0.046296296296296294
1 0.6869791666666667 0.2898148148148148 0.0125 0.04259259259259259
1 0.46536458333333336 0.31296296296296294 0.011979166666666667 0.040740740740740744
1 0.42682291666666666 0.4013888888888889 0.008854166666666666 0.05277777777777778
1 0.5221354166666666 0.3425925925925926 0.011979166666666667 0.05
1 0.6734375 0.3939814814814815 0.014583333333333334 0.05277777777777778
1 0.16640625 0.3768518518518518 0.011979166666666667 0.04814814814814815
1 0.30911458333333336 0.3101851851851852 0.013020833333333334 0.04814814814814815
1 0.3177083333333333 0.2967592592592593 0.009375 0.041666666666666664
1 0.7200520833333334 0.39814814814814814 0.0140625 0.05925925925925926
1 0.8348958333333333 0.4787037037037037 0.01875 0.06481481481481481
1 0.6984375 0.3013888888888889 0.0125 0.04537037037037037
1 0.7708333333333334 0.3439814814814815 0.009375 0.05092592592592592
1 0.22083333333333333 0.3990740740740741 0.004166666666666667 0.009259259259259259
