1 0.21145833333333333 0.33611111111111114 0.0125 0.06481481481481481
1 0.49713541666666666 0.37407407407407406 0.011979166666666667 0.06666666666666667
1 0.6830729166666667 0.3060185185185185 0.013020833333333334 0.062037037037037036
1 0.42239583333333336 0.4083333333333333 0.017708333333333333 0.06851851851851852
1 0.8059895833333334 0.7439814814814815 0.024479166666666666 0.08981481481481482
1 0.43046875 0.5388888888888889 0.016145833333333335 0.07777777777777778
1 0.60234375 0.7074074074074074 0.03177083333333333 0.08888888888888889
1 0.31796875 0.8027777777777778 0.0234375 0.1
1 0.2518229166666667 0.6875 0.025520833333333333 0.08796296296296297
1 0.26119791666666664 0.14537037037037037 0.0109375 0.04259259259259259
1 0.5354166666666667 0.2828703703703704 0.011458333333333333 0.05462962962962963
1 0.18359375 0.4361111111111111 0.0140625 0.07222222222222222
1 0.421875 0.49675925925925923 0.016666666666666666 0.075
1 0.5432291666666667 0.3578703703703704 0.013541666666666667 0.062037037037037036
1 0.5052083333333334 0.44027777777777777 0.019791666666666666 0.06759259259259259
1 0.16302083333333334 0.5078703703703704 0.019791666666666666 0.0787037037037037
1 0.31953125 0.3365740740740741 0.0203125 0.06388888888888888
1 0.30546875 0.22314814814814815 0.011979166666666667 0.05185185185185185
1 0.7765625 0.44583333333333336 0.019791666666666666 0.075
1 0.8302083333333333 0.49583333333333335 0.020833333333333332 0.0787037037037037
1 0.68828125 0.2162037037037037 0.011979166666666667 0.05092592592592592
1 0.5955729166666667 0.30648148148148147 0.016145833333333335 0.05925925925925926
