1 0.178125 0.25555555555555554 0.013541666666666667 0.06851851851851852
1 0.3653645833333333 0.4949074074074074 0.0171875 0.08611111111111111
1 0.8651041666666667 0.22685185185185186 0.0125 0.06111111111111111
1 0.2916666666666667 0.27685185185185185 0.013541666666666667 0.06666666666666667
1 0.8455729166666667 0.5583333333333333 0.019270833333333334 0.08333333333333333
1 0.5330729166666667 0.42083333333333334 0.016145833333333335 0.0787037037037037
1 0.4432291666666667 0.5712962962962963 0.016666666666666666 0.08518518518518518
1 0.49270833333333336 0.8967592592592593 0.019791666666666666 0.1175925925925926
1 0.07682291666666667 0.5115740740740741 0.0203125 0.08055555555555556
1 0.25833333333333336 0.0712962962962963 0.011458333333333333 0.046296296296296294
1 0.42578125 0.2175925925925926 0.0109375 0.05925925925925926
1 0.47682291666666665 0.2898148148148148 0.0109375 0.06666666666666667
1 0.32708333333333334 0.35833333333333334 0.014583333333333334 0.07222222222222222
1 0.58828125 0.22175925925925927 0.011979166666666667 0.058333333333333334
1 0.7098958333333333 0.3199074074074074 0.010416666666666666 0.06574074074074074
1 0.11197916666666667 0.34444444444444444 0.016666666666666666 0.07037037037037037
1 0.20416666666666666 0.23287037037037037 0.011458333333333333 0.062037037037037036
1 0.4895833333333333 0.1550925925925926 0.009375 0.05092592592592592
1 0.4817708333333333 0.40879629629629627 0.017708333333333333 0.0824074074074074
1 0.93515625 0.35648148148148145 0.018229166666666668 0.07222222222222222
1 0.7002604166666667 0.1162037037037037 0.011979166666666667 0.04722222222222222
1 0.4981770833333333 0.23703703703703705 0.013020833333333334 0.06296296296296296
1 0.4903645833333333 0.31851851851851853 0.0078125 0.012962962962962963
