1 0.23151041666666666 0.31527777777777777 0.016145833333333335 0.06388888888888888
1 0.48203125 0.36018518518518516 0.021354166666666667 0.06296296296296296
1 0.7765625 0.3523148148148148 0.011458333333333333 0.06574074074074074
1 0.4421875 0.32916666666666666 0.015625 0.062037037037037036
1 0.7546875 0.6287037037037037 0.025 0.08148148148148149
1 0.5510416666666667 0.5277777777777778 0.017708333333333333 0.07592592592592592
1 0.61875 0.7796296296296297 0.025 0.10185185185185185
1 0.3182291666666667 0.6314814814814815 0.01875 0.09444444444444444
1 0.21953125 0.5925925925925926 0.022395833333333334 0.08148148148148149
1 0.3484375 0.13240740740740742 0.014583333333333334 0.040740740740740744
1 0.64140625 0.3 0.0109375 0.05555555555555555
1 0.30026041666666664 0.40879629629629627 0.022395833333333334 0.06388888888888888
1 0.3734375 0.4476851851851852 0.015625 0.075
1 0.5614583333333333 0.3425925925925926 0.013541666666666667 0.05925925925925926
1 0.5783854166666667 0.43287037037037035 0.013020833333333334 0.06944444444444445
1 0.15104166666666666 0.42824074074074076 0.017708333333333333 0.075
1 0.2890625 0.2759259259259259 0.020833333333333332 0.05
1 0.3216145833333333 0.2671296296296296 0.015104166666666667 0.04722222222222222
1 0.70625 0.4689814814814815 0.017708333333333333 0.08425925925925926
1 0.7708333333333334 0.47824074074074074 0.015625 0.0824074074074074
1 0.74453125 0.31296296296296294 0.013020833333333334 0.05555555555555555
1 0.7557291666666667 0.325 0.015625 0.053703703703703705
1 0.29713541666666665 0.24166666666666667 0.0046875 0.007407407407407408
