1 0.16640625 0.20879629629629629 0.0140625 0.06574074074074074
1 0.3572916666666667 0.36712962962962964 0.016666666666666666 0.0824074074074074
1 0.8388020833333333 0.15416666666666667 0.013020833333333334 0.058333333333333334
1 0.35442708333333334 0.20601851851851852 0.019270833333333334 0.06018518518518518
1 0.9192708333333334 0.5305555555555556 0.016666666666666666 0.08518518518518518
1 0.48125 0.3768518518518518 0.025 0.07037037037037037
1 0.5822916666666667 0.5101851851851852 0.020833333333333332 0.08703703703703704
1 0.4080729166666667 0.9342592592592592 0.022395833333333334 0.12407407407407407
1 0.05651041666666667 0.4847222222222222 0.0171875 0.0824074074074074
1 0.23723958333333334 0.021296296296296296 0.009895833333333333 0.04259259259259259
1 0.48463541666666665 0.1388888888888889 0.013020833333333334 0.05
1 0.32916666666666666 0.24583333333333332 0.020833333333333332 0.062037037037037036
1 0.40130208333333334 0.30833333333333335 0.016145833333333335 0.07037037037037037
1 0.5338541666666666 0.1884259259259259 0.013541666666666667 0.058333333333333334
1 0.7270833333333333 0.26157407407407407 0.015625 0.062037037037037036
1 0.12526041666666668 0.29814814814814816 0.018229166666666668 0.07222222222222222
1 0.24010416666666667 0.13333333333333333 0.01875 0.053703703703703705
1 0.40651041666666665 0.0962962962962963 0.013020833333333334 0.05
1 0.6354166666666666 0.28194444444444444 0.014583333333333334 0.075
1 0.92734375 0.3236111111111111 0.019270833333333334 0.07314814814814814
1 0.7229166666666667 0.06527777777777778 0.011458333333333333 0.049074074074074076
1 0.62265625 0.1986111111111111 0.0234375 0.05462962962962963
1 0.75546875 0.24166666666666667 0.0046875 0.009259259259259259
