1 0.2643229166666667 0.3699074074074074 0.0171875 0.0787037037037037
1 0.5458333333333333 0.38101851851851853 0.015625 0.07314814814814814
1 0.746875 0.3476851851851852 0.016666666666666666 0.0712962962962963
1 0.3854166666666667 0.4078703703703704 0.015625 0.07314814814814814
1 0.7924479166666667 0.8069444444444445 0.024479166666666666 0.09907407407407408
1 0.47109375 0.5486111111111112 0.022395833333333334 0.08611111111111111
1 0.46015625 0.7287037037037037 0.025520833333333333 0.09444444444444444
1 0.2109375 0.7976851851851852 0.021875 0.10462962962962963
1 0.20703125 0.6597222222222222 0.021354166666666667 0.08981481481481482
1 0.3723958333333333 0.0875 0.011458333333333333 0.04537037037037037
1 0.5091145833333334 0.29398148148148145 0.0140625 0.06388888888888888
1 0.19375 0.4708333333333333 0.01875 0.0787037037037037
1 0.39609375 0.49212962962962964 0.0203125 0.08055555555555556
1 0.5544270833333333 0.3939814814814815 0.015104166666666667 0.07314814814814814
1 0.49192708333333335 0.45601851851851855 0.0109375 0.075
1 0.21901041666666668 0.48148148148148145 0.0203125 0.08148148148148149
1 0.29453125 0.32685185185185184 0.018229166666666668 0.07037037037037037
1 0.3575520833333333 0.2074074074074074 0.013020833333333334 0.053703703703703705
1 0.7307291666666667 0.46944444444444444 0.019791666666666666 0.08148148148148149
1 0.8184895833333333 0.5277777777777778 0.0171875 0.08703703703703704
1 0.7299479166666667 0.22685185185185186 0.015104166666666667 0.05740740740740741
1 0.5346354166666667 0.36203703703703705 0.019270833333333334 0.07037037037037037
