1 0.2877604166666667 0.3435185185185185 0.0171875 0.07777777777777778
1 0.5213541666666667 0.3365740740740741 0.014583333333333334 0.062037037037037036
1 0.7783854166666667 0.37592592592592594 0.0171875 0.07777777777777778
1 0.39921875 0.3574074074074074 0.019270833333333334 0.07407407407407407
1 0.7690104166666667 0.8236111111111111 0.028645833333333332 0.10277777777777777
1 0.4796875 0.5856481481481481 0.017708333333333333 0.09351851851851851
1 0.38307291666666665 0.6810185185185185 0.0203125 0.09166666666666666
1 0.19401041666666666 0.7569444444444444 0.018229166666666668 0.10833333333333334
1 0.19791666666666666 0.6268518518518519 0.019791666666666666 0.08703703703703704
1 0.42135416666666664 0.05138888888888889 0.010416666666666666 0.04351851851851852
1 0.49973958333333335 0.3013888888888889 0.013020833333333334 0.06574074074074074
1 0.24583333333333332 0.512962962962963 0.022916666666666665 0.08518518518518518
1 0.37864583333333335 0.4666666666666667 0.020833333333333332 0.07777777777777778
1 0.55234375 0.4041666666666667 0.0171875 0.07685185185185185
1 0.48671875 0.44351851851851853 0.019270833333333334 0.07407407407407407
1 0.23151041666666666 0.44907407407407407 0.019270833333333334 0.08148148148148149
1 0.3234375 0.26296296296296295 0.013541666666666667 0.06666666666666667
1 0.36354166666666665 0.2013888888888889 0.013541666666666667 0.05648148148148148
1 0.7322916666666667 0.4638888888888889 0.017708333333333333 0.08333333333333333
1 0.8296875 0.5518518518518518 0.020833333333333332 0.0962962962962963
1 0.7518229166666667 0.2351851851851852 0.011979166666666667 0.06111111111111111
1 0.5278645833333333 0.387037037037037 0.016145833333333335 0.07592592592592592
