1 0.134375 0.20277777777777778 0.016666666666666666 0.04814814814814815
1 0.3341145833333333 0.2662037037037037 0.018229166666666668 0.06018518518518518
1 0.721875 0.16712962962962963 0.014583333333333334 0.049074074074074076
1 0.47239583333333335 0.17407407407407408 0.017708333333333333 0.044444444444444446
1 0.8502604166666666 0.5555555555555556 0.021354166666666667 0.07407407407407407
1 0.5669270833333333 0.32222222222222224 0.018229166666666668 0.06111111111111111
1 0.5567708333333333 0.4759259259259259 0.014583333333333334 0.07222222222222222
1 0.25494791666666666 0.8277777777777777 0.0234375 0.10925925925925926
1 0.08932291666666667 0.39490740740740743 0.021354166666666667 0.06388888888888888
1 0.14973958333333334 0.10601851851851851 0.011979166666666667 0.03981481481481482
1 0.6010416666666667 0.10833333333333334 0.0125 0.03518518518518519
1 0.14296875 0.2199074074074074 0.016145833333333335 0.049074074074074076
1 0.3828125 0.27824074074074073 0.0125 0.05648148148148148
1 0.5244791666666667 0.17083333333333334 0.016666666666666666 0.041666666666666664
1 0.5927083333333333 0.20462962962962963 0.011458333333333333 0.04814814814814815
1 0.09296875 0.2662037037037037 0.0203125 0.06018518518518518
1 0.2674479166666667 0.12824074074074074 0.0171875 0.03611111111111111
1 0.22057291666666667 0.1259259259259259 0.015104166666666667 0.037037037037037035
1 0.60546875 0.2111111111111111 0.0109375 0.05555555555555555
1 0.8153645833333333 0.30462962962962964 0.0171875 0.05925925925925926
1 0.6346354166666667 0.10925925925925926 0.0109375 0.03518518518518519
1 0.6791666666666667 0.1699074074074074 0.013541666666666667 0.04722222222222222
1 0.43385416666666665 0.12685185185185185 0.004166666666666667 0.007407407407407408
