1 0.17994791666666668 0.22361111111111112 0.011979166666666667 0.06759259259259259
1 0.3697916666666667 0.4615740740740741 0.03229166666666667 0.09166666666666666
1 0.8744791666666667 0.1925925925925926 0.013541666666666667 0.06296296296296296
1 0.33255208333333336 0.2449074074074074 0.011979166666666667 0.062037037037037036
1 0.89296875 0.5518518518518518 0.0203125 0.08703703703703704
1 0.51171875 0.3875 0.024479166666666666 0.08055555555555556
1 0.46770833333333334 0.5449074074074074 0.022916666666666665 0.0824074074074074
1 0.4940104166666667 0.9421296296296297 0.025520833333333333 0.11574074074074074
1 0.07161458333333333 0.4824074074074074 0.015104166666666667 0.08148148148148149
1 0.26979166666666665 0.040740740740740744 0.010416666666666666 0.044444444444444446
1 0.4395833333333333 0.17685185185185184 0.009375 0.05740740740740741
1 0.49947916666666664 0.26481481481481484 0.019791666666666666 0.053703703703703705
1 0.3533854166666667 0.3226851851851852 0.018229166666666668 0.06574074074074074
1 0.6010416666666667 0.19444444444444445 0.015625 0.05555555555555555
1 0.75546875 0.28935185185185186 0.009895833333333333 0.06759259259259259
1 0.12708333333333333 0.30694444444444446 0.014583333333333334 0.06944444444444445
1 0.22838541666666667 0.1736111111111111 0.009895833333333333 0.06018518518518518
1 0.5046875 0.12361111111111112 0.011458333333333333 0.049074074074074076
1 0.5111979166666667 0.387037037037037 0.025520833333333333 0.07962962962962963
1 0.9317708333333333 0.3439814814814815 0.017708333333333333 0.07685185185185185
1 0.74921875 0.09490740740740741 0.009895833333333333 0.05092592592592592
1 0.52734375 0.18981481481481483 0.0234375 0.044444444444444446
1 0.5947916666666667 0.300462962962963 0.005208333333333333 0.010185185185185186
