1 0.2171875 0.37916666666666665 0.016666666666666666 0.05648148148148148
1 0.60078125 0.39351851851851855 0.0203125 0.053703703703703705
1 0.89140625 0.3541666666666667 0.016145833333333335 0.05277777777777778
1 0.5104166666666666 0.3111111111111111 0.011458333333333333 0.046296296296296294
1 0.8606770833333334 0.6560185185185186 0.025520833333333333 0.07314814814814814
1 0.21927083333333333 0.43425925925925923 0.014583333333333334 0.053703703703703705
1 0.6546875 0.7162037037037037 0.027083333333333334 0.08055555555555556
1 0.28671875 0.5967592592592592 0.015104166666666667 0.07314814814814814
1 0.35598958333333336 0.5625 0.011979166666666667 0.06944444444444445
1 0.24322916666666666 0.27037037037037037 0.010416666666666666 0.040740740740740744
1 0.8427083333333333 0.2712962962962963 0.008333333333333333 0.03888888888888889
1 0.29322916666666665 0.3925925925925926 0.0125 0.053703703703703705
1 0.39140625 0.44351851851851853 0.018229166666666668 0.05925925925925926
1 0.5638020833333334 0.3523148148148148 0.011979166666666667 0.04722222222222222
1 0.6778645833333333 0.4046296296296296 0.0140625 0.053703703703703705
1 0.044270833333333336 0.45 0.0125 0.06111111111111111
1 0.2752604166666667 0.3282407407407407 0.0140625 0.049074074074074076
1 0.3268229166666667 0.31157407407407406 0.0109375 0.04537037037037037
1 0.7971354166666667 0.4199074074074074 0.022395833333333334 0.06018518518518518
1 0.9143229166666667 0.45046296296296295 0.0171875 0.062037037037037036
1 0.8643229166666667 0.29444444444444445 0.018229166666666668 0.040740740740740744
1 0.7432291666666667 0.3287037037037037 0.016666666666666666 0.05
1 0.93984375 0.2800925925925926 0.0036458333333333334 0.008333333333333333
