1 0.29244791666666664 0.3439814814814815 0.018229166666666668 0.07685185185185185
1 0.5278645833333333 0.3472222222222222 0.0171875 0.07407407407407407
1 0.7815104166666667 0.3726851851851852 0.0171875 0.075
1 0.4036458333333333 0.35694444444444445 0.017708333333333333 0.075
1 0.7796875 0.825925925925926 0.021875 0.10555555555555556
1 0.48020833333333335 0.5851851851851851 0.01875 0.09444444444444444
1 0.40208333333333335 0.6925925925925925 0.03229166666666667 0.09074074074074075
1 0.19244791666666666 0.7569444444444444 0.016145833333333335 0.10648148148148148
1 0.20677083333333332 0.6268518518518519 0.019791666666666666 0.09074074074074075
1 0.42291666666666666 0.05185185185185185 0.011458333333333333 0.046296296296296294
1 0.5065104166666666 0.3013888888888889 0.015104166666666667 0.06574074074074074
1 0.24166666666666667 0.5078703703703704 0.016666666666666666 0.08425925925925926
1 0.3809895833333333 0.4689814814814815 0.0140625 0.0787037037037037
1 0.553125 0.4046296296296296 0.01875 0.07777777777777778
1 0.49270833333333336 0.44351851851851853 0.0125 0.07592592592592592
1 0.23541666666666666 0.4476851851851852 0.015625 0.08055555555555556
1 0.32786458333333335 0.26481481481481484 0.0140625 0.06666666666666667
1 0.3658854166666667 0.20046296296296295 0.011979166666666667 0.05648148148148148
1 0.7372395833333333 0.46435185185185185 0.0140625 0.08425925925925926
1 0.828125 0.5527777777777778 0.020833333333333332 0.0962962962962963
1 0.7533854166666667 0.23425925925925925 0.0140625 0.06111111111111111
1 0.5286458333333334 0.3861111111111111 0.016666666666666666 0.07592592592592592
