1 0.24817708333333333 0.4027777777777778 0.018229166666666668 0.07222222222222222
1 0.5203125 0.3972222222222222 0.017708333333333333 0.07037037037037037
1 0.784375 0.48935185185185187 0.01875 0.075
1 0.47213541666666664 0.45740740740740743 0.013020833333333334 0.07777777777777778
1 0.8104166666666667 0.7222222222222222 0.029166666666666667 0.09074074074074075
1 0.5768229166666666 0.6166666666666667 0.0203125 0.08703703703703704
1 0.42109375 0.7361111111111112 0.028645833333333332 0.08703703703703704
1 0.33697916666666666 0.6472222222222223 0.026041666666666668 0.08703703703703704
1 0.2078125 0.6361111111111111 0.021875 0.08518518518518518
1 0.3880208333333333 0.1300925925925926 0.0125 0.04537037037037037
1 0.59375 0.3921296296296296 0.020833333333333332 0.06388888888888888
1 0.41354166666666664 0.5148148148148148 0.015625 0.08148148148148149
1 0.40338541666666666 0.5435185185185185 0.018229166666666668 0.07407407407407407
1 0.5854166666666667 0.487962962962963 0.021875 0.07777777777777778
1 0.5885416666666666 0.5263888888888889 0.015625 0.07685185185185185
1 0.19348958333333333 0.5231481481481481 0.019270833333333334 0.08333333333333333
1 0.31302083333333336 0.3148148148148148 0.015625 0.06111111111111111
1 0.38307291666666665 0.27824074074074073 0.0140625 0.05277777777777778
1 0.6294270833333333 0.5402777777777777 0.0234375 0.08425925925925926
1 0.6466145833333333 0.5393518518518519 0.025520833333333333 0.07314814814814814
1 0.76171875 0.387037037037037 0.019270833333333334 0.05740740740740741
1 0.6734375 0.4898148148148148 0.019791666666666666 0.06481481481481481
1 0.7252604166666666 0.47824074074074074 0.0046875 0.010185185185185186
