1 0.2078125 0.3212962962962963 0.016666666666666666 0.06296296296296296
1 0.4828125 0.37407407407407406 0.011458333333333333 0.06666666666666667
1 0.66171875 0.29444444444444445 0.011979166666666667 0.05925925925925926
1 0.4278645833333333 0.3912037037037037 0.015104166666666667 0.06759259259259259
1 0.8208333333333333 0.7324074074074074 0.017708333333333333 0.08888888888888889
1 0.42109375 0.5208333333333334 0.016145833333333335 0.07685185185185185
1 0.6322916666666667 0.6865740740740741 0.025 0.08611111111111111
1 0.33489583333333334 0.8041666666666667 0.020833333333333332 0.10648148148148148
1 0.2546875 0.6796296296296296 0.015625 0.08703703703703704
1 0.2390625 0.1537037037037037 0.011458333333333333 0.044444444444444446
1 0.5479166666666667 0.2675925925925926 0.013541666666666667 0.053703703703703705
1 0.1734375 0.42592592592592593 0.015625 0.07222222222222222
1 0.43359375 0.475 0.015104166666666667 0.07037037037037037
1 0.5328125 0.34675925925925927 0.014583333333333334 0.06018518518518518
1 0.5106770833333333 0.41574074074074074 0.013020833333333334 0.06851851851851852
1 0.14895833333333333 0.5069444444444444 0.014583333333333334 0.07685185185185185
1 0.32109375 0.3300925925925926 0.009895833333333333 0.06574074074074074
1 0.2869791666666667 0.22361111111111112 0.013541666666666667 0.049074074074074076
1 0.7669270833333334 0.4273148148148148 0.0140625 0.0712962962962963
1 0.8203125 0.475462962962963 0.01875 0.07685185185185185
1 0.6692708333333334 0.21157407407407408 0.010416666666666666 0.049074074074074076
1 0.59609375 0.29259259259259257 0.011979166666666667 0.053703703703703705
