2 0.18072916666666666 0.25972222222222224 0.014583333333333334 0.06759259259259259
2 0.36276041666666664 0.4986111111111111 0.016145833333333335 0.08611111111111111
2 0.8645833333333334 0.23194444444444445 0.015625 0.06018518518518518
2 0.28177083333333336 0.28055555555555556 0.013541666666666667 0.06666666666666667
2 0.8390625 0.562962962962963 0.019791666666666666 0.08148148148148149
2 0.5296875 0.42407407407407405 0.016666666666666666 0.07777777777777778
2 0.44088541666666664 0.575 0.016145833333333335 0.08518518518518518
2 0.4890625 0.888425925925926 0.01875 0.11203703703703703
2 0.07526041666666666 0.512962962962963 0.016145833333333335 0.08333333333333333
2 0.2557291666666667 0.075 0.011458333333333333 0.046296296296296294
2 0.42604166666666665 0.22361111111111112 0.0125 0.05648148148148148
2 0.47421875 0.29305555555555557 0.0109375 0.06759259259259259
2 0.32421875 0.36527777777777776 0.015104166666666667 0.0712962962962963
2 0.5854166666666667 0.225 0.0125 0.05925925925925926
2 0.7075520833333333 0.32222222222222224 0.008854166666666666 0.06851851851851852
2 0.11354166666666667 0.3490740740740741 0.015625 0.07037037037037037
2 0.203125 0.2412037037037037 0.013541666666666667 0.06388888888888888
2 0.48723958333333334 0.15925925925925927 0.009895833333333333 0.05185185185185185
2 0.4791666666666667 0.41203703703703703 0.017708333333333333 0.08333333333333333
2 0.9377604166666667 0.3574074074074074 0.015104166666666667 0.07222222222222222
2 0.6950520833333333 0.11990740740740741 0.0109375 0.049074074074074076
2 0.5018229166666667 0.2439814814814815 0.011979166666666667 0.062037037037037036
1 0.48802083333333335 0.32222222222222224 0.007291666666666667 0.012962962962962963
