2 0.17734375 0.25416666666666665 0.015104166666666667 0.06759259259259259
2 0.36666666666666664 0.49212962962962964 0.016666666666666666 0.08611111111111111
2 0.8619791666666666 0.22268518518518518 0.014583333333333334 0.062037037037037036
2 0.29661458333333335 0.27314814814814814 0.013020833333333334 0.06666666666666667
2 0.8518229166666667 0.5592592592592592 0.016145833333333335 0.08333333333333333
2 0.5359375 0.4185185185185185 0.020833333333333332 0.07777777777777778
2 0.44479166666666664 0.5689814814814815 0.016666666666666666 0.08425925925925926
2 0.4942708333333333 0.8976851851851851 0.020833333333333332 0.11574074074074074
2 0.07135416666666666 0.5083333333333333 0.0125 0.07777777777777778
2 0.2598958333333333 0.06851851851851852 0.011458333333333333 0.046296296296296294
2 0.42552083333333335 0.21157407407407408 0.011458333333333333 0.05648148148148148
2 0.4786458333333333 0.2875 0.010416666666666666 0.06759259259259259
2 0.32760416666666664 0.3523148148148148 0.0125 0.06944444444444445
2 0.5901041666666667 0.21898148148148147 0.0125 0.058333333333333334
2 0.7127604166666667 0.31805555555555554 0.0109375 0.06574074074074074
2 0.11067708333333333 0.3402777777777778 0.015104166666666667 0.07314814814814814
2 0.20546875 0.2273148148148148 0.011979166666666667 0.06388888888888888
2 0.49166666666666664 0.15046296296296297 0.009375 0.05092592592592592
2 0.48385416666666664 0.4060185185185185 0.017708333333333333 0.0824074074074074
2 0.9346354166666667 0.3560185185185185 0.016145833333333335 0.075
2 0.7067708333333333 0.11296296296296296 0.008333333333333333 0.04814814814814815
2 0.49609375 0.23055555555555557 0.0109375 0.06296296296296296
1 0.4921875 0.3162037037037037 0.007291666666666667 0.012037037037037037
