2 0.18177083333333333 0.2726851851851852 0.015625 0.06759259259259259
2 0.35572916666666665 0.5125 0.016666666666666666 0.08611111111111111
2 0.8658854166666666 0.24768518518518517 0.011979166666666667 0.062037037037037036
2 0.2625 0.29259259259259257 0.0125 0.06481481481481481
2 0.83046875 0.5810185185185185 0.0171875 0.08425925925925926
2 0.521875 0.4375 0.014583333333333334 0.07685185185185185
2 0.43515625 0.587037037037037 0.0140625 0.08703703703703704
2 0.4859375 0.8810185185185185 0.020833333333333332 0.11203703703703703
2 0.08177083333333333 0.5226851851851851 0.014583333333333334 0.0787037037037037
2 0.24791666666666667 0.08888888888888889 0.011458333333333333 0.046296296296296294
2 0.4317708333333333 0.24074074074074073 0.010416666666666666 0.05740740740740741
2 0.4674479166666667 0.30648148148148147 0.0109375 0.06666666666666667
2 0.3223958333333333 0.387037037037037 0.014583333333333334 0.07222222222222222
2 0.57734375 0.23842592592592593 0.011979166666666667 0.058333333333333334
2 0.6971354166666667 0.33287037037037037 0.013020833333333334 0.06574074074074074
2 0.11901041666666666 0.36898148148148147 0.015104166666666667 0.0712962962962963
2 0.20416666666666666 0.26481481481481484 0.0125 0.06481481481481481
2 0.4828125 0.17546296296296296 0.009375 0.05092592592592592
2 0.4747395833333333 0.4236111111111111 0.0203125 0.0824074074074074
2 0.934375 0.36712962962962964 0.013541666666666667 0.07314814814814814
2 0.6791666666666667 0.13518518518518519 0.011458333333333333 0.04814814814814815
2 0.5067708333333333 0.26481481481481484 0.0125 0.06296296296296296
1 0.48098958333333336 0.33564814814814814 0.0067708333333333336 0.012037037037037037
