2 0.17473958333333334 0.24675925925925926 0.011979166666666667 0.06759259259259259
2 0.37109375 0.48564814814814816 0.016145833333333335 0.08611111111111111
2 0.8614583333333333 0.21388888888888888 0.011458333333333333 0.06111111111111111
2 0.30963541666666666 0.2652777777777778 0.0140625 0.06574074074074074
2 0.8627604166666667 0.5564814814814815 0.018229166666666668 0.08333333333333333
2 0.540625 0.4115740740740741 0.019791666666666666 0.07685185185185185
2 0.44895833333333335 0.562037037037037 0.015625 0.08518518518518518
2 0.4903645833333333 0.9083333333333333 0.0296875 0.12222222222222222
2 0.0734375 0.500462962962963 0.019791666666666666 0.08055555555555556
2 0.26458333333333334 0.06111111111111111 0.011458333333333333 0.046296296296296294
2 0.425 0.2037037037037037 0.009375 0.05555555555555555
2 0.48333333333333334 0.28055555555555556 0.011458333333333333 0.06666666666666667
2 0.3328125 0.3425925925925926 0.011458333333333333 0.06851851851851852
2 0.59453125 0.2125 0.011979166666666667 0.058333333333333334
2 0.7197916666666667 0.3111111111111111 0.014583333333333334 0.06666666666666667
2 0.11302083333333333 0.3282407407407407 0.013541666666666667 0.0712962962962963
2 0.203125 0.21574074074074073 0.014583333333333334 0.06111111111111111
2 0.49583333333333335 0.1425925925925926 0.009375 0.05
2 0.4875 0.3990740740740741 0.017708333333333333 0.08333333333333333
2 0.9346354166666667 0.35462962962962963 0.0140625 0.07592592592592592
2 0.7166666666666667 0.10601851851851851 0.009375 0.04722222222222222
2 0.4947916666666667 0.21805555555555556 0.009375 0.06018518518518518
1 0.496875 0.30925925925925923 0.007291666666666667 0.012962962962962963
