2 0.1734375 0.23935185185185184 0.013541666666666667 0.06759259259259259
2 0.37395833333333334 0.48009259259259257 0.016666666666666666 0.08611111111111111
2 0.8609375 0.20694444444444443 0.010416666666666666 0.062037037037037036
2 0.3182291666666667 0.25972222222222224 0.011458333333333333 0.06574074074074074
2 0.87421875 0.5546296296296296 0.016145833333333335 0.08518518518518518
2 0.53828125 0.4064814814814815 0.0171875 0.07777777777777778
2 0.45208333333333334 0.5560185185185185 0.015625 0.08425925925925926
2 0.4973958333333333 0.9106481481481481 0.023958333333333335 0.1175925925925926
2 0.071875 0.4935185185185185 0.01875 0.08148148148148149
2 0.26666666666666666 0.055092592592592596 0.0125 0.04722222222222222
2 0.42682291666666666 0.19398148148148148 0.011979166666666667 0.058333333333333334
2 0.48671875 0.275 0.0109375 0.06666666666666667
2 0.33567708333333335 0.33564814814814814 0.011979166666666667 0.06944444444444445
2 0.5979166666666667 0.20694444444444443 0.0125 0.058333333333333334
2 0.73046875 0.30462962962962964 0.013020833333333334 0.06666666666666667
2 0.115625 0.32175925925925924 0.015625 0.07314814814814814
2 0.20052083333333334 0.2064814814814815 0.010416666666666666 0.06296296296296296
2 0.49921875 0.13703703703703704 0.009895833333333333 0.05
2 0.4908854166666667 0.39351851851851855 0.018229166666666668 0.08333333333333333
2 0.9291666666666667 0.35185185185185186 0.01875 0.07407407407407407
2 0.7247395833333333 0.10046296296296296 0.013020833333333334 0.049074074074074076
2 0.49192708333333335 0.2064814814814815 0.013020833333333334 0.06111111111111111
1 0.49973958333333335 0.30416666666666664 0.0067708333333333336 0.012037037037037037
