1 0.17395833333333333 0.24166666666666667 0.011458333333333333 0.06851851851851852
1 0.3729166666666667 0.4810185185185185 0.016666666666666666 0.08611111111111111
1 0.8604166666666667 0.20925925925925926 0.011458333333333333 0.06111111111111111
1 0.31223958333333335 0.2611111111111111 0.011979166666666667 0.06481481481481481
1 0.8666666666666667 0.5541666666666667 0.021875 0.08425925925925926
1 0.53984375 0.4078703703703704 0.019270833333333334 0.07685185185185185
1 0.45078125 0.5583333333333333 0.015104166666666667 0.08518518518518518
1 0.49635416666666665 0.9069444444444444 0.019791666666666666 0.1175925925925926
1 0.07161458333333333 0.49537037037037035 0.0171875 0.08148148148148149
1 0.26614583333333336 0.05694444444444444 0.0125 0.04722222222222222
1 0.4265625 0.19907407407407407 0.010416666666666666 0.05740740740740741
1 0.48515625 0.2763888888888889 0.0109375 0.06759259259259259
1 0.334375 0.3384259259259259 0.011458333333333333 0.06944444444444445
1 0.5963541666666666 0.20879629629629629 0.0125 0.058333333333333334
1 0.7265625 0.30648148148148147 0.010416666666666666 0.06666666666666667
1 0.11380208333333333 0.3236111111111111 0.016145833333333335 0.07314814814814814
1 0.20052083333333334 0.20972222222222223 0.0125 0.062037037037037036
1 0.49765625 0.13842592592592592 0.009895833333333333 0.05092592592592592
1 0.4895833333333333 0.39537037037037037 0.017708333333333333 0.08333333333333333
1 0.9309895833333334 0.35185185185185186 0.019270833333333334 0.07407407407407407
1 0.7216145833333333 0.10138888888888889 0.008854166666666666 0.049074074074074076
1 0.49322916666666666 0.2125 0.0125 0.06018518518518518
1 0.4986979166666667 0.3055555555555556 0.0067708333333333336 0.012962962962962963
