2 0.17421875 0.23148148148148148 0.0109375 0.06851851851851852
2 0.37005208333333334 0.4722222222222222 0.0328125 0.08888888888888889
2 0.8677083333333333 0.2 0.0125 0.06296296296296296
2 0.3260416666666667 0.2523148148148148 0.013541666666666667 0.06574074074074074
2 0.8848958333333333 0.5541666666666667 0.01875 0.08425925925925926
2 0.5268229166666667 0.3976851851851852 0.019270833333333334 0.075
2 0.45989583333333334 0.5509259259259259 0.017708333333333333 0.08518518518518518
2 0.5013020833333334 0.9347222222222222 0.025520833333333333 0.11944444444444445
2 0.0703125 0.49027777777777776 0.020833333333333332 0.08055555555555556
2 0.26901041666666664 0.04861111111111111 0.009895833333333333 0.04537037037037037
2 0.42942708333333335 0.18518518518518517 0.009895833333333333 0.05740740740740741
2 0.4908854166666667 0.2675925925925926 0.011979166666666667 0.06481481481481481
2 0.340625 0.32916666666666666 0.011458333333333333 0.06944444444444445
2 0.6026041666666667 0.2013888888888889 0.0125 0.058333333333333334
2 0.74609375 0.29768518518518516 0.0140625 0.06759259259259259
2 0.12109375 0.3148148148148148 0.0140625 0.07222222222222222
2 0.2125 0.18981481481481483 0.017708333333333333 0.06111111111111111
2 0.5044270833333333 0.13055555555555556 0.009895833333333333 0.05
2 0.49557291666666664 0.38796296296296295 0.018229166666666668 0.08333333333333333
2 0.9260416666666667 0.35185185185185186 0.0125 0.07407407407407407
2 0.7390625 0.09953703703703703 0.010416666666666666 0.049074074074074076
2 0.5036458333333333 0.18981481481481483 0.016666666666666666 0.05185185185185185
1 0.5049479166666667 0.2967592592592593 0.0067708333333333336 0.012037037037037037
