2 0.17890625 0.22453703703703703 0.011979166666666667 0.06759259259259259
2 0.36875 0.4638888888888889 0.03229166666666667 0.09074074074074075
2 0.8721354166666667 0.19444444444444445 0.015104166666666667 0.06296296296296296
2 0.32864583333333336 0.24768518518518517 0.013541666666666667 0.06388888888888888
2 0.89296875 0.5513888888888889 0.016145833333333335 0.08796296296296297
2 0.5174479166666667 0.39305555555555555 0.0171875 0.07314814814814814
2 0.46536458333333336 0.5458333333333333 0.019270833333333334 0.08611111111111111
2 0.49557291666666664 0.9412037037037037 0.025520833333333333 0.1175925925925926
2 0.07057291666666667 0.48333333333333334 0.015104166666666667 0.08148148148148149
2 0.26979166666666665 0.041666666666666664 0.010416666666666666 0.044444444444444446
2 0.43723958333333335 0.17824074074074073 0.0078125 0.05648148148148148
2 0.5036458333333333 0.2652777777777778 0.022916666666666665 0.05648148148148148
2 0.34869791666666666 0.325 0.0203125 0.06481481481481481
2 0.6018229166666667 0.19583333333333333 0.0140625 0.05648148148148148
2 0.7533854166666667 0.2912037037037037 0.009895833333333333 0.06759259259259259
2 0.12552083333333333 0.3074074074074074 0.015625 0.07037037037037037
2 0.22526041666666666 0.17731481481481481 0.011979166666666667 0.06018518518518518
2 0.5059895833333333 0.125 0.0109375 0.05
2 0.5018229166666667 0.3875 0.024479166666666666 0.075
2 0.9307291666666667 0.3453703703703704 0.015625 0.07592592592592592
2 0.7481770833333333 0.0962962962962963 0.011979166666666667 0.05
2 0.5192708333333333 0.19027777777777777 0.021875 0.04351851851851852
1 0.55234375 0.2972222222222222 0.0046875 0.009259259259259259
