2 0.17682291666666666 0.2263888888888889 0.009895833333333333 0.06944444444444445
2 0.3690104166666667 0.4666666666666667 0.033854166666666664 0.08888888888888889
2 0.8703125 0.1962962962962963 0.013541666666666667 0.06296296296296296
2 0.32786458333333335 0.24953703703703703 0.0140625 0.06388888888888888
2 0.88828125 0.5504629629629629 0.0203125 0.08611111111111111
2 0.5213541666666667 0.3939814814814815 0.011458333333333333 0.07314814814814814
2 0.4640625 0.5476851851851852 0.017708333333333333 0.08796296296296297
2 0.4947916666666667 0.9356481481481481 0.022916666666666665 0.11574074074074074
2 0.06901041666666667 0.4861111111111111 0.016145833333333335 0.08148148148148149
2 0.27005208333333336 0.044444444444444446 0.0109375 0.044444444444444446
2 0.434375 0.18009259259259258 0.011458333333333333 0.05648148148148148
2 0.4981510416666667 0.2657407407407407 0.019791666666666666 0.06111111111111111
2 0.3453125 0.325 0.015625 0.06666666666666667
2 0.60390625 0.19675925925925927 0.011979166666666667 0.058333333333333334
2 0.75 0.29305555555555557 0.0125 0.06944444444444445
2 0.12369791666666667 0.30972222222222223 0.015104166666666667 0.0712962962962963
2 0.22135416666666666 0.1814814814814815 0.011458333333333333 0.06111111111111111
2 0.50625 0.12685185185185185 0.010416666666666666 0.05
2 0.4986979166666667 0.38333333333333336 0.019270833333333334 0.08333333333333333
2 0.92890625 0.3476851851851852 0.0140625 0.075
2 0.7447916666666666 0.09583333333333334 0.010416666666666666 0.049074074074074076
2 0.509375 0.19166666666666668 0.021875 0.044444444444444446
1 0.5069713541666666 0.2937638888888889 0.005338541666666667 0.010620370370370396
