2 0.17734375 0.22592592592592592 0.009895833333333333 0.06851851851851852
2 0.3684895833333333 0.46574074074074073 0.0328125 0.08888888888888889
2 0.8708333333333333 0.19583333333333333 0.013541666666666667 0.062037037037037036
2 0.32760416666666664 0.24953703703703703 0.013541666666666667 0.06388888888888888
2 0.8895833333333333 0.5504629629629629 0.01875 0.08611111111111111
2 0.5200520833333333 0.3939814814814815 0.011979166666666667 0.07314814814814814
2 0.46432291666666664 0.5472222222222223 0.018229166666666668 0.08888888888888889
2 0.49453125 0.937037037037037 0.0234375 0.11666666666666667
2 0.06901041666666667 0.48564814814814816 0.015104166666666667 0.08055555555555556
2 0.27005208333333336 0.04398148148148148 0.0109375 0.04537037037037037
2 0.43515625 0.18009259259259258 0.0109375 0.05648148148148148
2 0.5005208333333333 0.26666666666666666 0.016666666666666666 0.06111111111111111
2 0.34661458333333334 0.325 0.0171875 0.06666666666666667
2 0.6033854166666667 0.1962962962962963 0.011979166666666667 0.05740740740740741
2 0.7515625 0.29259259259259257 0.010416666666666666 0.06851851851851852
2 0.12421875 0.3087962962962963 0.015104166666666667 0.0712962962962963
2 0.22317708333333333 0.18055555555555555 0.013020833333333334 0.06111111111111111
2 0.50625 0.1259259259259259 0.010416666666666666 0.05
2 0.49947916666666664 0.3837962962962963 0.019791666666666666 0.08055555555555556
2 0.9291666666666667 0.3472222222222222 0.014583333333333334 0.07592592592592592
2 0.7455729166666667 0.0962962962962963 0.0109375 0.05
2 0.5109375 0.19212962962962962 0.021875 0.04351851851851852
1 0.5079036458333334 0.2932129629629629 0.005598958333333333 0.010944444444444439
