2 0.171875 0.2361111111111111 0.015625 0.06666666666666667
2 0.36875 0.47685185185185186 0.03333333333333333 0.08703703703703704
2 0.8625 0.20324074074074075 0.015625 0.06388888888888888
2 0.32421875 0.2564814814814815 0.011979166666666667 0.06666666666666667
2 0.8807291666666667 0.5569444444444445 0.015625 0.08425925925925926
2 0.53359375 0.40185185185185185 0.0140625 0.07777777777777778
2 0.4546875 0.5537037037037037 0.015625 0.08333333333333333
2 0.50390625 0.9217592592592593 0.021354166666666667 0.11388888888888889
2 0.07083333333333333 0.4925925925925926 0.017708333333333333 0.08333333333333333
2 0.2671875 0.05138888888888889 0.009375 0.04537037037037037
2 0.42630208333333336 0.19027777777777777 0.0109375 0.05462962962962963
2 0.48880208333333336 0.2712962962962963 0.0109375 0.06851851851851852
2 0.3377604166666667 0.33194444444444443 0.011979166666666667 0.06944444444444445
2 0.6002604166666666 0.2037037037037037 0.011979166666666667 0.05925925925925926
2 0.7416666666666667 0.3013888888888889 0.0125 0.06759259259259259
2 0.11796875 0.31805555555555554 0.015104166666666667 0.07314814814814814
2 0.20546875 0.19722222222222222 0.0140625 0.06111111111111111
2 0.50234375 0.13333333333333333 0.009895833333333333 0.05
2 0.49296875 0.3907407407407407 0.019270833333333334 0.08333333333333333
2 0.9252604166666667 0.3537037037037037 0.016145833333333335 0.07592592592592592
2 0.7328125 0.1 0.011458333333333333 0.04814814814814815
2 0.4984375 0.19722222222222222 0.011458333333333333 0.05740740740740741
1 0.50234375 0.300462962962963 0.0067708333333333336 0.012037037037037037
