2 0.13359375 0.21296296296296297 0.013020833333333334 0.06111111111111111
2 0.3328125 0.3 0.013541666666666667 0.06851851851851852
2 0.7208333333333333 0.14953703703703702 0.013541666666666667 0.05092592592592592
2 0.409375 0.1787037037037037 0.014583333333333334 0.05555555555555555
2 0.9078125 0.5675925925925925 0.019791666666666666 0.08518518518518518
2 0.5354166666666667 0.3648148148148148 0.015625 0.07037037037037037
2 0.603125 0.47685185185185186 0.016666666666666666 0.08148148148148149
2 0.3020833333333333 0.8962962962962963 0.023958333333333335 0.12037037037037036
2 0.06484375 0.49583333333333335 0.0140625 0.0787037037037037
2 0.19661458333333334 0.05462962962962963 0.013020833333333334 0.040740740740740744
2 0.55859375 0.11990740740740741 0.0109375 0.04722222222222222
2 0.14505208333333333 0.26481481481481484 0.0140625 0.06296296296296296
2 0.4283854166666667 0.29814814814814816 0.011979166666666667 0.06851851851851852
2 0.4895833333333333 0.18333333333333332 0.0125 0.053703703703703705
2 0.6109375 0.22037037037037038 0.0125 0.05740740740740741
2 0.1234375 0.28564814814814815 0.015625 0.06759259259259259
2 0.24739583333333334 0.12037037037037036 0.010416666666666666 0.05
2 0.27838541666666666 0.1037037037037037 0.011979166666666667 0.044444444444444446
2 0.6447916666666667 0.23796296296296296 0.0125 0.06666666666666667
2 0.9223958333333333 0.33194444444444443 0.015625 0.0712962962962963
2 0.6791666666666667 0.07777777777777778 0.015625 0.04259259259259259
2 0.6713541666666667 0.1550925925925926 0.010416666666666666 0.05277777777777778
1 0.7059895833333333 0.13796296296296295 0.0046875 0.009259259259259259
