2 0.17682291666666666 0.20787037037037037 0.011979166666666667 0.06574074074074074
2 0.35989583333333336 0.3333333333333333 0.017708333333333333 0.07962962962962963
2 0.80234375 0.14814814814814814 0.0140625 0.05555555555555555
2 0.37994791666666666 0.1925925925925926 0.011979166666666667 0.05925925925925926
2 0.9231770833333334 0.5458333333333333 0.0234375 0.0824074074074074
2 0.51640625 0.36712962962962964 0.022395833333333334 0.06759259259259259
2 0.6106770833333334 0.48935185185185187 0.015104166666666667 0.08055555555555556
2 0.37473958333333335 0.913425925925926 0.022395833333333334 0.1175925925925926
2 0.06276041666666667 0.4912037037037037 0.021354166666666667 0.07685185185185185
2 0.2265625 0.028703703703703703 0.009375 0.03888888888888889
2 0.52578125 0.12685185185185185 0.011979166666666667 0.05
2 0.25807291666666665 0.24675925925925926 0.013020833333333334 0.06759259259259259
2 0.421875 0.300462962962963 0.016666666666666666 0.06759259259259259
2 0.52421875 0.18611111111111112 0.011979166666666667 0.05925925925925926
2 0.6809895833333334 0.24583333333333332 0.0140625 0.062037037037037036
2 0.14088541666666668 0.29583333333333334 0.019270833333333334 0.07314814814814814
2 0.27317708333333335 0.12314814814814815 0.011979166666666667 0.053703703703703705
2 0.3572916666666667 0.09444444444444444 0.009375 0.04814814814814815
2 0.6651041666666667 0.2574074074074074 0.014583333333333334 0.06851851851851852
2 0.9388020833333334 0.325 0.0203125 0.07037037037037037
2 0.7057291666666666 0.06527777777777778 0.016666666666666666 0.04351851851851852
2 0.6619791666666667 0.1763888888888889 0.016666666666666666 0.06018518518518518
1 0.7838541666666666 0.17916666666666667 0.005208333333333333 0.010185185185185186
