2 0.14088541666666668 0.21481481481481482 0.0109375 0.06296296296296296
2 0.33697916666666666 0.30462962962962964 0.013541666666666667 0.07407407407407407
2 0.7286458333333333 0.15 0.015625 0.04814814814814815
2 0.40260416666666665 0.17962962962962964 0.014583333333333334 0.05555555555555555
2 0.9114583333333334 0.562037037037037 0.016666666666666666 0.08333333333333333
2 0.534375 0.36527777777777776 0.0125 0.06944444444444445
2 0.6044270833333333 0.47824074074074074 0.019270833333333334 0.08055555555555556
2 0.31145833333333334 0.8972222222222223 0.022916666666666665 0.11666666666666667
2 0.06354166666666666 0.500462962962963 0.020833333333333332 0.08425925925925926
2 0.20390625 0.05 0.0109375 0.040740740740740744
2 0.5533854166666666 0.12314814814814815 0.009895833333333333 0.04814814814814815
2 0.15729166666666666 0.26296296296296295 0.014583333333333334 0.06481481481481481
2 0.4276041666666667 0.3 0.014583333333333334 0.07037037037037037
2 0.49296875 0.1824074074074074 0.0109375 0.053703703703703705
2 0.6171875 0.22175925925925927 0.0125 0.06018518518518518
2 0.1296875 0.287962962962963 0.017708333333333333 0.06851851851851852
2 0.25104166666666666 0.11944444444444445 0.011458333333333333 0.05185185185185185
2 0.2864583333333333 0.1037037037037037 0.014583333333333334 0.046296296296296294
2 0.6505208333333333 0.23935185185185184 0.011458333333333333 0.06944444444444445
2 0.9263020833333333 0.3337962962962963 0.019270833333333334 0.075
2 0.6807291666666667 0.07453703703703704 0.0125 0.04537037037037037
2 0.67109375 0.1574074074074074 0.011979166666666667 0.053703703703703705
1 0.722890625 0.15298611111111113 0.004375000000000047 0.00819444444444444
