2 0.14713541666666666 0.21296296296296297 0.011979166666666667 0.06481481481481481
2 0.3385416666666667 0.30833333333333335 0.011458333333333333 0.07222222222222222
2 0.7380208333333333 0.14814814814814814 0.0125 0.05
2 0.40130208333333334 0.1824074074074074 0.013020833333333334 0.05555555555555555
2 0.9111979166666667 0.5606481481481481 0.0265625 0.0824074074074074
2 0.53125 0.36574074074074076 0.015625 0.07037037037037037
2 0.60859375 0.4773148148148148 0.0203125 0.08055555555555556
2 0.31953125 0.9032407407407408 0.021354166666666667 0.12129629629629629
2 0.06276041666666667 0.5023148148148148 0.0203125 0.0787037037037037
2 0.20859375 0.04814814814814815 0.013020833333333334 0.040740740740740744
2 0.5497395833333333 0.12361111111111112 0.013020833333333334 0.04722222222222222
2 0.16744791666666667 0.25787037037037036 0.013020833333333334 0.06759259259259259
2 0.4278645833333333 0.300462962962963 0.0140625 0.06759259259259259
2 0.49635416666666665 0.18472222222222223 0.011458333333333333 0.05648148148148148
2 0.621875 0.225 0.0125 0.05740740740740741
2 0.13203125 0.28935185185185186 0.0171875 0.0712962962962963
2 0.2546875 0.12129629629629629 0.010416666666666666 0.05185185185185185
2 0.2916666666666667 0.10277777777777777 0.010416666666666666 0.046296296296296294
2 0.6557291666666667 0.2462962962962963 0.0125 0.06851851851851852
2 0.9307291666666667 0.33425925925925926 0.017708333333333333 0.07407407407407407
2 0.6828125 0.07222222222222222 0.011458333333333333 0.044444444444444446
2 0.67109375 0.16018518518518518 0.011979166666666667 0.053703703703703705
1 0.7351354166666667 0.16360185185185186 0.004375000000000047 0.007962962962962984
