2 0.13697916666666668 0.20324074074074075 0.014583333333333334 0.06018518518518518
2 0.34140625 0.2689814814814815 0.0140625 0.06759259259259259
2 0.7223958333333333 0.15787037037037038 0.011458333333333333 0.05462962962962963
2 0.47890625 0.16527777777777777 0.0171875 0.049074074074074076
2 0.90859375 0.5666666666666667 0.018229166666666668 0.08333333333333333
2 0.5666666666666667 0.3375 0.0125 0.06388888888888888
2 0.5713541666666667 0.46574074074074073 0.016666666666666666 0.07592592592592592
2 0.26979166666666665 0.8523148148148149 0.019791666666666666 0.11944444444444445
2 0.08828125 0.42407407407407405 0.0171875 0.06851851851851852
2 0.175 0.08287037037037037 0.014583333333333334 0.041666666666666664
2 0.61015625 0.10046296296296296 0.013020833333333334 0.041666666666666664
2 0.12447916666666667 0.23287037037037037 0.0125 0.041666666666666664
2 0.4200520833333333 0.2791666666666667 0.0140625 0.062037037037037036
2 0.5455729166666666 0.1736111111111111 0.016145833333333335 0.04537037037037037
2 0.5919270833333333 0.19768518518518519 0.013020833333333334 0.05462962962962963
2 0.12708333333333333 0.27175925925925926 0.017708333333333333 0.05648148148148148
2 0.29635416666666664 0.11666666666666667 0.014583333333333334 0.040740740740740744
2 0.2825520833333333 0.10833333333333334 0.0140625 0.03148148148148148
2 0.6140625 0.20833333333333334 0.013541666666666667 0.05555555555555555
2 0.8708333333333333 0.3050925925925926 0.014583333333333334 0.06759259259259259
2 0.65859375 0.09074074074074075 0.011979166666666667 0.037037037037037035
2 0.6864583333333333 0.15324074074074073 0.010416666666666666 0.05092592592592592
1 0.6455729166666667 0.10416666666666667 0.0046875 0.008333333333333333
