1 0.12734375 0.2013888888888889 0.013020833333333334 0.049074074074074076
1 0.3377604166666667 0.26342592592592595 0.018229166666666668 0.062037037037037036
1 0.7216145833333333 0.16203703703703703 0.011979166666666667 0.05
1 0.47942708333333334 0.1685185185185185 0.018229166666666668 0.044444444444444446
1 0.86875 0.5555555555555556 0.022916666666666665 0.07222222222222222
1 0.5697916666666667 0.32407407407407407 0.017708333333333333 0.06296296296296296
1 0.5575520833333333 0.4708333333333333 0.018229166666666668 0.075
1 0.25729166666666664 0.8351851851851851 0.020833333333333332 0.11481481481481481
1 0.09192708333333334 0.3990740740740741 0.0203125 0.06666666666666667
1 0.15703125 0.09953703703703703 0.015104166666666667 0.03981481481481482
1 0.60546875 0.10324074074074074 0.011979166666666667 0.03425925925925926
1 0.13515625 0.22453703703703703 0.011979166666666667 0.05462962962962963
1 0.39375 0.27546296296296297 0.015625 0.05648148148148148
1 0.534375 0.16712962962962963 0.016666666666666666 0.03981481481481482
1 0.5950520833333334 0.20046296296296295 0.013020833333333334 0.04722222222222222
1 0.10416666666666667 0.2638888888888889 0.021875 0.05555555555555555
1 0.27734375 0.11990740740740741 0.019270833333333334 0.03611111111111111
1 0.23463541666666668 0.11712962962962963 0.0140625 0.03425925925925926
1 0.6078125 0.2074074074074074 0.013541666666666667 0.05
1 0.828125 0.30092592592592593 0.014583333333333334 0.05925925925925926
1 0.6380208333333334 0.09953703703703703 0.013541666666666667 0.03796296296296296
1 0.6825520833333333 0.1638888888888889 0.0140625 0.05
1 0.5057291666666667 0.09861111111111111 0.005208333333333333 0.008333333333333333
