1 0.12786458333333334 0.2101851851851852 0.009895833333333333 0.06296296296296296
1 0.33229166666666665 0.2898148148148148 0.013541666666666667 0.06481481481481481
1 0.7135416666666666 0.15185185185185185 0.016666666666666666 0.05185185185185185
1 0.4234375 0.175 0.013541666666666667 0.05740740740740741
1 0.90859375 0.5712962962962963 0.022395833333333334 0.08518518518518518
1 0.5432291666666667 0.3611111111111111 0.013541666666666667 0.06851851851851852
1 0.59765625 0.475462962962963 0.022395833333333334 0.0824074074074074
1 0.29296875 0.8828703703703704 0.021354166666666667 0.11388888888888889
1 0.071875 0.4824074074074074 0.019791666666666666 0.07592592592592592
1 0.18828125 0.05925925925925926 0.0140625 0.04259259259259259
1 0.5684895833333333 0.11296296296296296 0.013020833333333334 0.044444444444444446
1 0.13020833333333334 0.26064814814814813 0.0125 0.06018518518518518
1 0.4296875 0.2935185185185185 0.013541666666666667 0.06666666666666667
1 0.49375 0.17962962962962964 0.014583333333333334 0.05185185185185185
1 0.60703125 0.21481481481481482 0.011979166666666667 0.05555555555555555
1 0.12135416666666667 0.2828703703703704 0.013541666666666667 0.06574074074074074
1 0.25 0.11851851851851852 0.013541666666666667 0.04814814814814815
1 0.27578125 0.10416666666666667 0.0109375 0.041666666666666664
1 0.63828125 0.2324074074074074 0.011979166666666667 0.06481481481481481
1 0.915625 0.32685185185185184 0.014583333333333334 0.07037037037037037
1 0.6776041666666667 0.08055555555555556 0.011458333333333333 0.04259259259259259
1 0.6713541666666667 0.15092592592592594 0.010416666666666666 0.05185185185185185
1 0.6872395833333333 0.11851851851851852 0.0046875 0.009259259259259259
