2 0.1359375 0.20416666666666666 0.013541666666666667 0.058333333333333334
2 0.3419270833333333 0.27037037037037037 0.013020833333333334 0.06296296296296296
2 0.7216145833333333 0.15648148148148147 0.011979166666666667 0.05185185185185185
2 0.471875 0.16527777777777777 0.009375 0.05277777777777778
2 0.9098958333333333 0.5685185185185185 0.019791666666666666 0.08148148148148149
2 0.5653645833333333 0.3416666666666667 0.0140625 0.06851851851851852
2 0.5747395833333333 0.4675925925925926 0.016145833333333335 0.07777777777777778
2 0.2713541666666667 0.8537037037037037 0.020833333333333332 0.11666666666666667
2 0.08697916666666666 0.43425925925925923 0.016666666666666666 0.07777777777777778
2 0.1765625 0.07962962962962963 0.013541666666666667 0.040740740740740744
2 0.6096354166666667 0.10416666666666667 0.013020833333333334 0.03981481481481482
2 0.12317708333333334 0.24212962962962964 0.0140625 0.05277777777777778
2 0.42421875 0.2796296296296296 0.016145833333333335 0.05925925925925926
2 0.54140625 0.17407407407407408 0.0140625 0.04814814814814815
2 0.5916666666666667 0.1986111111111111 0.013541666666666667 0.05277777777777778
2 0.12578125 0.27037037037037037 0.018229166666666668 0.06296296296296296
2 0.29401041666666666 0.11481481481481481 0.013020833333333334 0.044444444444444446
2 0.2877604166666667 0.11157407407407408 0.0109375 0.03981481481481482
2 0.6184895833333334 0.20787037037037037 0.011979166666666667 0.05462962962962963
2 0.8760416666666667 0.3060185185185185 0.0125 0.06759259259259259
2 0.66171875 0.08935185185185185 0.016145833333333335 0.03981481481481482
2 0.684375 0.15324074074074073 0.014583333333333334 0.049074074074074076
1 0.6489583333333333 0.10324074074074074 0.004166666666666667 0.008333333333333333
