1 0.38619791666666664 0.26342592592592595 0.015104166666666667 0.04351851851851852
1 0.40911458333333334 0.35462962962962963 0.0171875 0.05740740740740741
1 0.7744791666666667 0.2851851851851852 0.017708333333333333 0.05185185185185185
1 0.47734375 0.26990740740740743 0.016145833333333335 0.04722222222222222
1 0.790625 0.6486111111111111 0.027083333333333334 0.07685185185185185
1 0.5393229166666667 0.38101851851851853 0.0140625 0.05277777777777778
1 0.6236979166666666 0.5898148148148148 0.0109375 0.07592592592592592
1 0.2625 0.7180555555555556 0.01875 0.08796296296296297
1 0.15182291666666667 0.4356481481481482 0.021354166666666667 0.06018518518518518
1 0.24739583333333334 0.20972222222222223 0.011458333333333333 0.03981481481481482
1 0.63359375 0.2310185185185185 0.0109375 0.04351851851851852
1 0.4328125 0.2611111111111111 0.0125 0.040740740740740744
1 0.42239583333333336 0.3476851851851852 0.0125 0.05092592592592592
1 0.5020833333333333 0.275 0.0125 0.046296296296296294
1 0.6520833333333333 0.3212962962962963 0.0125 0.04814814814814815
1 0.14244791666666667 0.3101851851851852 0.016145833333333335 0.044444444444444446
1 0.26953125 0.25194444444444447 0.0109375 0.049814814814814826
1 0.26938802083333335 0.2381574074074074 0.009036458333333315 0.03761111111111109
1 0.6807291666666667 0.33240740740740743 0.013541666666666667 0.05740740740740741
1 0.8317708333333333 0.41574074074074074 0.020833333333333332 0.06296296296296296
1 0.64375 0.2351851851851852 0.013541666666666667 0.040740740740740744
1 0.746875 0.2875 0.009375 0.05092592592592592
1 0.2552083333333333 0.2953703703703704 0.005208333333333333 0.009259259259259259
