2 0.39869791666666665 0.31851851851851853 0.0140625 0.05
2 0.434375 0.40694444444444444 0.0125 0.05648148148148148
2 0.7932291666666667 0.3527777777777778 0.013541666666666667 0.04814814814814815
2 0.5026041666666666 0.32916666666666666 0.010416666666666666 0.05092592592592592
2 0.7580729166666667 0.700462962962963 0.021354166666666667 0.0787037037037037
2 0.4765625 0.4398148148148148 0.0125 0.053703703703703705
2 0.65390625 0.6680555555555555 0.011979166666666667 0.0787037037037037
2 0.2955729166666667 0.6648148148148149 0.016145833333333335 0.08333333333333333
2 0.16953125 0.4986111111111111 0.0109375 0.06018518518518518
2 0.278125 0.25277777777777777 0.010416666666666666 0.04814814814814815
2 0.6848958333333334 0.28935185185185186 0.0125 0.04351851851851852
2 0.46484375 0.31203703703703706 0.013020833333333334 0.040740740740740744
2 0.42578125 0.4 0.008854166666666666 0.05185185185185185
2 0.5208333333333334 0.34074074074074073 0.011458333333333333 0.05
2 0.6723958333333333 0.39305555555555555 0.013541666666666667 0.05277777777777778
2 0.165625 0.37592592592592594 0.011458333333333333 0.04814814814814815
2 0.30755208333333334 0.30925925925925923 0.0140625 0.04814814814814815
2 0.31588541666666664 0.2949074074074074 0.008854166666666666 0.041666666666666664
2 0.7182291666666667 0.3972222222222222 0.013541666666666667 0.05925925925925926
2 0.83359375 0.4777777777777778 0.018229166666666668 0.06481481481481481
2 0.6958333333333333 0.30092592592592593 0.0125 0.044444444444444446
2 0.76953125 0.34305555555555556 0.0109375 0.05092592592592592
1 0.221875 0.39537037037037037 0.004166666666666667 0.009259259259259259
