2 0.2908854166666667 0.23287037037037037 0.019270833333333334 0.049074074074074076
2 0.3729166666666667 0.31203703703703706 0.0125 0.06111111111111111
2 0.7515625 0.22546296296296298 0.016666666666666666 0.05092592592592592
2 0.4747395833333333 0.2273148148148148 0.015104166666666667 0.05092592592592592
2 0.8270833333333333 0.6046296296296296 0.019791666666666666 0.07962962962962963
2 0.5666666666666667 0.34953703703703703 0.014583333333333334 0.062037037037037036
2 0.5916666666666667 0.5324074074074074 0.014583333333333334 0.07407407407407407
2 0.2669270833333333 0.7870370370370371 0.0234375 0.10555555555555556
2 0.1234375 0.4097222222222222 0.01875 0.06574074074074074
2 0.20520833333333333 0.1587962962962963 0.013541666666666667 0.04351851851851852
2 0.6223958333333334 0.1675925925925926 0.010416666666666666 0.040740740740740744
2 0.3033854166666667 0.2310185185185185 0.0140625 0.03796296296296296
2 0.4 0.31296296296296294 0.013541666666666667 0.05740740740740741
2 0.5231770833333333 0.22314814814814815 0.015104166666666667 0.046296296296296294
2 0.6268229166666667 0.26342592592592595 0.0109375 0.05092592592592592
2 0.11354166666666667 0.29212962962962963 0.014583333333333334 0.058333333333333334
2 0.26328125 0.19166666666666668 0.0109375 0.044444444444444446
2 0.24661458333333333 0.18611111111111112 0.008854166666666666 0.044444444444444446
2 0.6484375 0.27314814814814814 0.014583333333333334 0.05555555555555555
2 0.8223958333333333 0.362962962962963 0.011458333333333333 0.06296296296296296
2 0.6520833333333333 0.17175925925925925 0.013541666666666667 0.03981481481481482
2 0.71796875 0.23148148148148148 0.013020833333333334 0.053703703703703705
