1 0.37578125 0.24861111111111112 0.019270833333333334 0.04351851851851852
1 0.403125 0.3375 0.014583333333333334 0.05462962962962963
1 0.7700520833333333 0.26435185185185184 0.0109375 0.05092592592592592
1 0.47682291666666665 0.2513888888888889 0.013020833333333334 0.049074074074074076
1 0.8072916666666666 0.6342592592592593 0.017708333333333333 0.07592592592592592
1 0.5591145833333333 0.36574074074074076 0.019270833333333334 0.05185185185185185
1 0.615625 0.5671296296296297 0.011458333333333333 0.0712962962962963
1 0.26796875 0.7412037037037037 0.021354166666666667 0.09722222222222222
1 0.14375 0.42268518518518516 0.016666666666666666 0.06388888888888888
1 0.24296875 0.19212962962962962 0.015104166666666667 0.03796296296296296
1 0.6317708333333333 0.20879629629629629 0.008333333333333333 0.041666666666666664
1 0.40651041666666665 0.2513888888888889 0.0140625 0.04351851851851852
1 0.42083333333333334 0.3337962962962963 0.015625 0.05648148148148148
1 0.5127604166666667 0.25462962962962965 0.013020833333333334 0.046296296296296294
1 0.6463541666666667 0.29953703703703705 0.008333333333333333 0.049074074074074076
1 0.13776041666666666 0.2972222222222222 0.018229166666666668 0.05
1 0.265625 0.23212962962962963 0.015625 0.04499999999999999
1 0.265625 0.22824074074074074 0.015625 0.05277777777777778
1 0.6721354166666667 0.31157407407407406 0.0109375 0.05648148148148148
1 0.8317708333333333 0.39537037037037037 0.019791666666666666 0.06666666666666667
1 0.6486979166666667 0.21157407407407408 0.009895833333333333 0.03981481481481482
1 0.740625 0.2671296296296296 0.015625 0.05277777777777778
0 0.2623828125 0.21751851851851853 0.0040781249999999915 0.008166666666666687
