2 0.23671875 0.22361111111111112 0.0109375 0.049074074074074076
2 0.35520833333333335 0.3 0.014583333333333334 0.05925925925925926
2 0.74140625 0.20925925925925926 0.016145833333333335 0.04814814814814815
2 0.471875 0.21435185185185185 0.011458333333333333 0.049074074074074076
2 0.83125 0.5921296296296297 0.016666666666666666 0.07685185185185185
2 0.5658854166666667 0.34305555555555556 0.013020833333333334 0.058333333333333334
2 0.5783854166666667 0.5171296296296296 0.0234375 0.0712962962962963
2 0.265625 0.8083333333333333 0.026041666666666668 0.10740740740740741
2 0.10833333333333334 0.4060185185185185 0.015625 0.06574074074074074
2 0.18203125 0.14537037037037037 0.0140625 0.044444444444444446
2 0.61328125 0.15185185185185185 0.008854166666666666 0.03518518518518519
2 0.2484375 0.22824074074074074 0.010416666666666666 0.04722222222222222
2 0.39010416666666664 0.3050925925925926 0.014583333333333334 0.058333333333333334
2 0.521875 0.20925925925925926 0.010416666666666666 0.04259259259259259
2 0.61328125 0.24675925925925926 0.008854166666666666 0.049074074074074076
2 0.10182291666666667 0.2916666666666667 0.013020833333333334 0.05740740740740741
2 0.26223958333333336 0.17222222222222222 0.016145833333333335 0.03888888888888889
2 0.23151041666666666 0.1726851851851852 0.0109375 0.04351851851851852
2 0.6325520833333333 0.2564814814814815 0.011979166666666667 0.053703703703703705
2 0.8158854166666667 0.3476851851851852 0.011979166666666667 0.06388888888888888
2 0.6447916666666667 0.1527777777777778 0.008333333333333333 0.037037037037037035
2 0.7041666666666667 0.21481481481481482 0.0125 0.05
1 0.3265625 0.21712962962962962 0.004166666666666667 0.008333333333333333
