2 0.3109375 0.23472222222222222 0.017708333333333333 0.04722222222222222
2 0.3796875 0.3148148148148148 0.0125 0.05925925925925926
2 0.7541666666666667 0.23055555555555557 0.009375 0.04814814814814815
2 0.4752604166666667 0.23148148148148148 0.0140625 0.05
2 0.8263020833333333 0.6087962962962963 0.024479166666666666 0.0787037037037037
2 0.5666666666666667 0.34953703703703703 0.020833333333333332 0.058333333333333334
2 0.5958333333333333 0.5388888888888889 0.022916666666666665 0.07407407407407407
2 0.26666666666666666 0.7805555555555556 0.017708333333333333 0.09814814814814815
2 0.128125 0.4111111111111111 0.020833333333333332 0.06296296296296296
2 0.21197916666666666 0.16342592592592592 0.011458333333333333 0.04351851851851852
2 0.6247395833333333 0.17314814814814813 0.013020833333333334 0.04259259259259259
2 0.32083333333333336 0.2310185185185185 0.010416666666666666 0.03796296296296296
2 0.40286458333333336 0.31712962962962965 0.0109375 0.05648148148148148
2 0.5208333333333334 0.22777777777777777 0.013541666666666667 0.04814814814814815
2 0.63203125 0.26805555555555555 0.016145833333333335 0.05277777777777778
2 0.11796875 0.2902777777777778 0.016145833333333335 0.05462962962962963
2 0.26458333333333334 0.19722222222222222 0.013541666666666667 0.044444444444444446
2 0.2520833333333333 0.19212962962962962 0.009375 0.04537037037037037
2 0.6518229166666667 0.27824074074074073 0.0109375 0.05648148148148148
2 0.8252604166666667 0.36712962962962964 0.016145833333333335 0.06759259259259259
2 0.6528645833333333 0.17824074074074073 0.0109375 0.03981481481481482
2 0.7229166666666667 0.23703703703703705 0.016666666666666666 0.05185185185185185
1 0.29401041666666666 0.20787037037037037 0.0046875 0.010185185185185186
