1 0.39947916666666666 0.3175925925925926 0.014583333333333334 0.05
1 0.434375 0.40694444444444444 0.0125 0.05648148148148148
1 0.7934895833333333 0.3527777777777778 0.013020833333333334 0.04814814814814815
1 0.5026041666666666 0.32916666666666666 0.010416666666666666 0.05092592592592592
1 0.7583333333333333 0.700462962962963 0.021875 0.0787037037037037
1 0.47760416666666666 0.4393518518518518 0.014583333333333334 0.05462962962962963
1 0.6544270833333333 0.6680555555555555 0.011979166666666667 0.0787037037037037
1 0.2955729166666667 0.6652777777777777 0.016145833333333335 0.08425925925925926
1 0.17005208333333333 0.4981481481481482 0.0109375 0.05925925925925926
1 0.2786458333333333 0.2523148148148148 0.010416666666666666 0.04722222222222222
1 0.684375 0.28888888888888886 0.0125 0.04259259259259259
1 0.46536458333333336 0.31157407407407406 0.013020833333333334 0.041666666666666664
1 0.42630208333333336 0.4 0.008854166666666666 0.05185185185185185
1 0.5208333333333334 0.3402777777777778 0.010416666666666666 0.049074074074074076
1 0.67265625 0.39305555555555555 0.013020833333333334 0.05277777777777778
1 0.16614583333333333 0.37546296296296294 0.011458333333333333 0.049074074074074076
1 0.30755208333333334 0.30925925925925923 0.0140625 0.04814814814814815
1 0.31588541666666664 0.2949074074074074 0.008854166666666666 0.041666666666666664
1 0.7182291666666667 0.39675925925925926 0.013541666666666667 0.058333333333333334
1 0.8341145833333333 0.4777777777777778 0.0171875 0.06481481481481481
1 0.6953125 0.30092592592592593 0.0125 0.044444444444444446
1 0.7697916666666667 0.34305555555555556 0.011458333333333333 0.05092592592592592
1 0.22213541666666667 0.39537037037037037 0.0046875 0.009259259259259259
