2 0.37005208333333334 0.3388888888888889 0.0171875 0.05
2 0.48671875 0.4324074074074074 0.011979166666666667 0.05925925925925926
2 0.8377604166666667 0.3814814814814815 0.0171875 0.05555555555555555
2 0.5341145833333333 0.33564814814814814 0.008854166666666666 0.05092592592592592
2 0.7020833333333333 0.7106481481481481 0.015625 0.07685185185185185
2 0.3734375 0.47129629629629627 0.016666666666666666 0.05740740740740741
2 0.6283854166666667 0.6949074074074074 0.016145833333333335 0.08425925925925926
2 0.33359375 0.6083333333333333 0.0140625 0.07592592592592592
2 0.23854166666666668 0.5527777777777778 0.025 0.06481481481481481
2 0.30703125 0.2587962962962963 0.0109375 0.041666666666666664
2 0.7596354166666667 0.29398148148148145 0.0109375 0.041666666666666664
2 0.45859375 0.3398148148148148 0.009895833333333333 0.046296296296296294
2 0.446875 0.42314814814814816 0.011458333333333333 0.05925925925925926
2 0.5541666666666667 0.3680555555555556 0.009375 0.05462962962962963
2 0.66015625 0.4263888888888889 0.013020833333333334 0.058333333333333334
2 0.17265625 0.41388888888888886 0.018229166666666668 0.05555555555555555
2 0.3372395833333333 0.3236111111111111 0.013020833333333334 0.05092592592592592
2 0.37135416666666665 0.3101851851851852 0.010416666666666666 0.040740740740740744
2 0.75 0.4212962962962963 0.014583333333333334 0.06111111111111111
2 0.8440104166666667 0.5115740740740741 0.0171875 0.0712962962962963
2 0.7700520833333333 0.3226851851851852 0.009895833333333333 0.04537037037037037
2 0.784375 0.3453703703703704 0.014583333333333334 0.05
1 0.1921875 0.4388888888888889 0.005208333333333333 0.009259259259259259
