2 0.3966145833333333 0.3263888888888889 0.0109375 0.049074074074074076
2 0.4473958333333333 0.4162037037037037 0.011458333333333333 0.05648148148148148
2 0.8088541666666667 0.3638888888888889 0.0125 0.05185185185185185
2 0.5143229166666666 0.337037037037037 0.0109375 0.05185185185185185
2 0.7515625 0.7087962962962963 0.015625 0.075
2 0.45989583333333334 0.45092592592592595 0.011458333333333333 0.05740740740740741
2 0.6604166666666667 0.6842592592592592 0.021875 0.07777777777777778
2 0.30963541666666666 0.6467592592592593 0.015104166666666667 0.08055555555555556
2 0.17994791666666668 0.5148148148148148 0.0203125 0.05555555555555555
2 0.2869791666666667 0.25833333333333336 0.009375 0.04259259259259259
2 0.7109375 0.2935185185185185 0.009375 0.044444444444444446
2 0.46822916666666664 0.32083333333333336 0.009375 0.04351851851851852
2 0.43046875 0.40879629629629627 0.009895833333333333 0.05277777777777778
2 0.5317708333333333 0.35138888888888886 0.009375 0.05092592592592592
2 0.6752604166666667 0.4050925925925926 0.013020833333333334 0.05462962962962963
2 0.171875 0.387037037037037 0.0125 0.05
2 0.31979166666666664 0.31527777777777777 0.011458333333333333 0.049074074074074076
2 0.3333333333333333 0.3037037037037037 0.009375 0.044444444444444446
2 0.73125 0.4074074074074074 0.015625 0.05925925925925926
2 0.8369791666666667 0.4875 0.016666666666666666 0.06574074074074074
2 0.7203125 0.3106481481481482 0.011458333333333333 0.04351851851851852
2 0.775 0.3476851851851852 0.016666666666666666 0.05092592592592592
1 0.20755208333333333 0.4097222222222222 0.0046875 0.010185185185185186
