2 0.39739583333333334 0.3212962962962963 0.013541666666666667 0.05
2 0.4401041666666667 0.4125 0.0125 0.05462962962962963
2 0.79921875 0.3592592592592593 0.0140625 0.05185185185185185
2 0.5078125 0.33425925925925926 0.0125 0.05185185185185185
2 0.7559895833333333 0.7055555555555556 0.0140625 0.07777777777777778
2 0.47161458333333334 0.4439814814814815 0.018229166666666668 0.05648148148148148
2 0.65625 0.6763888888888889 0.021875 0.0787037037037037
2 0.3028645833333333 0.6597222222222222 0.015104166666666667 0.08055555555555556
2 0.17447916666666666 0.5032407407407408 0.0125 0.06018518518518518
2 0.2830729166666667 0.25833333333333336 0.011979166666666667 0.04259259259259259
2 0.6966145833333334 0.29212962962962963 0.0109375 0.041666666666666664
2 0.4661458333333333 0.3162037037037037 0.009375 0.041666666666666664
2 0.4278645833333333 0.4046296296296296 0.0140625 0.05555555555555555
2 0.5263020833333333 0.34629629629629627 0.009895833333333333 0.04814814814814815
2 0.6747395833333333 0.4 0.011979166666666667 0.05185185185185185
2 0.16927083333333334 0.37916666666666665 0.015625 0.049074074074074076
2 0.31276041666666665 0.31157407407407406 0.008854166666666666 0.049074074074074076
2 0.3234375 0.2986111111111111 0.008333333333333333 0.041666666666666664
2 0.725 0.4023148148148148 0.016666666666666666 0.058333333333333334
2 0.8369791666666667 0.4842592592592593 0.013541666666666667 0.06296296296296296
2 0.7075520833333333 0.30462962962962964 0.0109375 0.046296296296296294
2 0.7716145833333333 0.3453703703703704 0.013020833333333334 0.05185185185185185
1 0.21536458333333333 0.4013888888888889 0.0036458333333333334 0.010185185185185186
