2 0.325 0.3439814814814815 0.011458333333333333 0.05462962962962963
2 0.5234375 0.43657407407407406 0.0125 0.06388888888888888
2 0.8658854166666666 0.38842592592592595 0.013020833333333334 0.05648148148148148
2 0.54453125 0.33055555555555555 0.011979166666666667 0.05185185185185185
2 0.6953125 0.7189814814814814 0.034375 0.07685185185185185
2 0.27890625 0.44907407407407407 0.018229166666666668 0.053703703703703705
2 0.60625 0.7310185185185185 0.01875 0.08055555555555556
2 0.35546875 0.5962962962962963 0.018229166666666668 0.07407407407407407
2 0.32473958333333336 0.5675925925925925 0.022395833333333334 0.07037037037037037
2 0.3171875 0.26064814814814813 0.010416666666666666 0.03981481481481482
2 0.7734375 0.29074074074074074 0.013541666666666667 0.03888888888888889
2 0.42942708333333335 0.35462962962962963 0.011979166666666667 0.05185185185185185
2 0.46927083333333336 0.42962962962962964 0.0125 0.05925925925925926
2 0.5609375 0.3824074074074074 0.014583333333333334 0.053703703703703705
2 0.6283854166666667 0.43842592592592594 0.016145833333333335 0.05648148148148148
2 0.19401041666666666 0.42777777777777776 0.022395833333333334 0.05740740740740741
2 0.3489583333333333 0.32731481481481484 0.015625 0.05092592592592592
2 0.3919270833333333 0.3189814814814815 0.0109375 0.04722222222222222
2 0.75546875 0.4337962962962963 0.0171875 0.062037037037037036
2 0.8799479166666667 0.5166666666666667 0.015104166666666667 0.07037037037037037
2 0.7997395833333333 0.33240740740740743 0.018229166666666668 0.044444444444444446
2 0.7980989583333333 0.3435185185185185 0.013906250000000024 0.05
1 0.20243229166666668 0.4528518518518519 0.0046875 0.009870370370370394
