2 0.25625 0.31574074074074077 0.013541666666666667 0.05185185185185185
2 0.534375 0.3907407407407407 0.017708333333333333 0.06111111111111111
2 0.8734375 0.3365740740740741 0.013541666666666667 0.05462962962962963
2 0.52109375 0.27870370370370373 0.011979166666666667 0.046296296296296294
2 0.734375 0.6703703703703704 0.022916666666666665 0.07592592592592592
2 0.2109375 0.3888888888888889 0.017708333333333333 0.05
2 0.5841145833333333 0.7263888888888889 0.024479166666666666 0.09166666666666666
2 0.34010416666666665 0.5453703703703704 0.014583333333333334 0.07037037037037037
2 0.3692708333333333 0.5319444444444444 0.016666666666666666 0.0712962962962963
2 0.28515625 0.21944444444444444 0.013020833333333334 0.037037037037037035
2 0.77578125 0.23935185185185184 0.015104166666666667 0.03796296296296296
2 0.36276041666666664 0.32731481481481484 0.011979166666666667 0.05277777777777778
2 0.45 0.3921296296296296 0.015625 0.062037037037037036
2 0.5479166666666667 0.33240740740740743 0.015625 0.05
2 0.6260416666666667 0.38842592592592595 0.016666666666666666 0.05277777777777778
2 0.14973958333333334 0.38055555555555554 0.018229166666666668 0.05925925925925926
2 0.32083333333333336 0.2847222222222222 0.013541666666666667 0.05092592592592592
2 0.3763020833333333 0.2759259259259259 0.0109375 0.044444444444444446
2 0.73828125 0.39166666666666666 0.0203125 0.06111111111111111
2 0.884375 0.45092592592592595 0.021875 0.06666666666666667
2 0.8020833333333334 0.27685185185185185 0.01875 0.044444444444444446
2 0.7799479166666666 0.2898148148148148 0.018229166666666668 0.04814814814814815
1 0.5384453125 0.1872962962962963 0.00440104166666669 0.007796296296296311
