1 0.35651041666666666 0.33935185185185185 0.015104166666666667 0.05648148148148148
1 0.4953125 0.4356481481481482 0.015625 0.062037037037037036
1 0.8419270833333333 0.38472222222222224 0.0140625 0.05462962962962963
1 0.5361979166666667 0.33425925925925926 0.009895833333333333 0.05
1 0.6833333333333333 0.7125 0.022916666666666665 0.06574074074074074
1 0.3463541666666667 0.46574074074074073 0.013541666666666667 0.05925925925925926
1 0.6208333333333333 0.7027777777777777 0.021875 0.07222222222222222
1 0.3380208333333333 0.6074074074074074 0.01875 0.07592592592592592
1 0.2635416666666667 0.5578703703703703 0.023958333333333335 0.06574074074074074
1 0.3104166666666667 0.25925925925925924 0.009375 0.04259259259259259
1 0.76484375 0.29212962962962963 0.0109375 0.04537037037037037
1 0.45078125 0.3449074074074074 0.009895833333333333 0.049074074074074076
1 0.45208333333333334 0.425462962962963 0.014583333333333334 0.058333333333333334
1 0.55703125 0.3731481481481482 0.009895833333333333 0.05185185185185185
1 0.6489583333333333 0.4300925925925926 0.015625 0.058333333333333334
1 0.16953125 0.41944444444444445 0.0171875 0.04814814814814815
1 0.340625 0.324537037037037 0.014583333333333334 0.05092592592592592
1 0.37786458333333334 0.3143518518518518 0.009895833333333333 0.04537037037037037
1 0.7515625 0.4263888888888889 0.0125 0.062037037037037036
1 0.8528645833333334 0.512962962962963 0.016145833333333335 0.07037037037037037
1 0.7765625 0.32592592592592595 0.015625 0.04814814814814815
1 0.7885416666666667 0.3453703703703704 0.015625 0.05
1 0.19661458333333334 0.44351851851851853 0.005729166666666666 0.009259259259259259
