2 0.28567708333333336 0.3314814814814815 0.011979166666666667 0.053703703703703705
2 0.5369791666666667 0.41759259259259257 0.0125 0.06111111111111111
2 0.8796875 0.3638888888888889 0.014583333333333334 0.05740740740740741
2 0.5354166666666667 0.3055555555555556 0.015625 0.04814814814814815
2 0.7197916666666667 0.7013888888888888 0.029166666666666667 0.075
2 0.23489583333333333 0.41574074074074074 0.01875 0.05555555555555555
2 0.5903645833333333 0.7379629629629629 0.018229166666666668 0.08703703703703704
2 0.35625 0.5694444444444444 0.0125 0.07222222222222222
2 0.36380208333333336 0.5513888888888889 0.009895833333333333 0.06759259259259259
2 0.30364583333333334 0.23703703703703705 0.0125 0.046296296296296294
2 0.7786458333333334 0.2657407407407407 0.014583333333333334 0.040740740740740744
2 0.3921875 0.3449074074074074 0.010416666666666666 0.05092592592592592
2 0.46380208333333334 0.41435185185185186 0.0171875 0.058333333333333334
2 0.55859375 0.35694444444444445 0.015104166666666667 0.05277777777777778
2 0.6315104166666666 0.41574074074074074 0.016145833333333335 0.05740740740740741
2 0.18385416666666668 0.4046296296296296 0.0125 0.05925925925925926
2 0.3385416666666667 0.3087962962962963 0.014583333333333334 0.049074074074074076
2 0.3893229166666667 0.29953703703703705 0.011979166666666667 0.04722222222222222
2 0.7513020833333334 0.41388888888888886 0.013020833333333334 0.06481481481481481
2 0.890625 0.4847222222222222 0.019791666666666666 0.06944444444444445
2 0.8098958333333334 0.3055555555555556 0.013541666666666667 0.04814814814814815
2 0.796875 0.31574074074074077 0.011458333333333333 0.05185185185185185
1 0.4109375 0.29212962962962963 0.004166666666666667 0.008333333333333333
