1 0.33880208333333334 0.3425925925925926 0.018229166666666668 0.05555555555555555
1 0.5114583333333333 0.4375 0.011458333333333333 0.062037037037037036
1 0.8533854166666667 0.38842592592592595 0.0140625 0.05462962962962963
1 0.5403645833333334 0.33287037037037037 0.013020833333333334 0.049074074074074076
1 0.6890625 0.7143518518518519 0.022916666666666665 0.0787037037037037
1 0.30755208333333334 0.45185185185185184 0.018229166666666668 0.05740740740740741
1 0.6135416666666667 0.7166666666666667 0.016666666666666666 0.07592592592592592
1 0.35052083333333334 0.5990740740740741 0.016666666666666666 0.07592592592592592
1 0.2989583333333333 0.5643518518518519 0.027083333333333334 0.06944444444444445
1 0.31536458333333334 0.2601851851851852 0.009895833333333333 0.040740740740740744
1 0.7692708333333333 0.29074074074074074 0.010416666666666666 0.04259259259259259
1 0.440625 0.3527777777777778 0.011458333333333333 0.05185185185185185
1 0.46458333333333335 0.4305555555555556 0.015625 0.05740740740740741
1 0.559375 0.37824074074074077 0.011458333333333333 0.05648148148148148
1 0.62890625 0.43796296296296294 0.018229166666666668 0.05185185185185185
1 0.17838541666666666 0.425 0.019270833333333334 0.05185185185185185
1 0.3453125 0.32546296296296295 0.015625 0.049074074074074076
1 0.3859375 0.31712962962962965 0.011458333333333333 0.04537037037037037
1 0.7533854166666667 0.4310185185185185 0.0140625 0.062037037037037036
1 0.86484375 0.5189814814814815 0.021354166666666667 0.06944444444444445
1 0.7911458333333333 0.3296296296296296 0.010416666666666666 0.04814814814814815
1 0.7934895833333333 0.34444444444444444 0.015104166666666667 0.04814814814814815
0 0.20078125 0.44907407407407407 0.005729166666666666 0.009259259259259259
