2 0.39479166666666665 0.3300925925925926 0.016666666666666666 0.05277777777777778
2 0.46067708333333335 0.4217592592592593 0.011979166666666667 0.05462962962962963
2 0.8205729166666667 0.3712962962962963 0.013020833333333334 0.053703703703703705
2 0.5229166666666667 0.34074074074074073 0.010416666666666666 0.05
2 0.746875 0.7138888888888889 0.01875 0.07962962962962963
2 0.4434895833333333 0.4583333333333333 0.0140625 0.05555555555555555
2 0.6565104166666667 0.6898148148148148 0.0171875 0.08333333333333333
2 0.3182291666666667 0.6342592592592593 0.014583333333333334 0.08518518518518518
2 0.18932291666666667 0.5282407407407408 0.021354166666666667 0.05092592592592592
2 0.2955729166666667 0.25833333333333336 0.008854166666666666 0.044444444444444446
2 0.72890625 0.29398148148148145 0.0109375 0.041666666666666664
2 0.46979166666666666 0.32685185185185184 0.010416666666666666 0.046296296296296294
2 0.4354166666666667 0.4148148148148148 0.010416666666666666 0.05555555555555555
2 0.5424479166666667 0.3578703703703704 0.009895833333333333 0.05277777777777778
2 0.6752604166666667 0.4125 0.013020833333333334 0.05462962962962963
2 0.17552083333333332 0.3962962962962963 0.015625 0.05555555555555555
2 0.32734375 0.3175925925925926 0.0109375 0.05185185185185185
2 0.34739583333333335 0.3060185185185185 0.010416666666666666 0.04537037037037037
2 0.73984375 0.4125 0.0140625 0.06018518518518518
2 0.8432291666666667 0.4962962962962963 0.013541666666666667 0.06851851851851852
2 0.7375 0.3148148148148148 0.011458333333333333 0.04259259259259259
2 0.778125 0.3472222222222222 0.0125 0.05185185185185185
1 0.19427083333333334 0.41944444444444445 0.005208333333333333 0.009259259259259259
