2 0.39609375 0.3277777777777778 0.013020833333333334 0.05
2 0.4549479166666667 0.41574074074074074 0.0109375 0.04814814814814815
2 0.81640625 0.36898148148148147 0.013020833333333334 0.05648148148148148
2 0.51875 0.3388888888888889 0.010416666666666666 0.05185185185185185
2 0.7494791666666667 0.7101851851851851 0.01875 0.07592592592592592
2 0.45416666666666666 0.4537037037037037 0.019791666666666666 0.05740740740740741
2 0.6578125 0.6856481481481481 0.014583333333333334 0.08055555555555556
2 0.3143229166666667 0.6412037037037037 0.015104166666666667 0.0787037037037037
2 0.18359375 0.524537037037037 0.019270833333333334 0.058333333333333334
2 0.2921875 0.2587962962962963 0.009375 0.04537037037037037
2 0.72109375 0.2949074074074074 0.008854166666666666 0.041666666666666664
2 0.46927083333333336 0.32314814814814813 0.009375 0.04259259259259259
2 0.43255208333333334 0.4125 0.013020833333333334 0.05648148148148148
2 0.5377604166666666 0.3560185185185185 0.009895833333333333 0.049074074074074076
2 0.67578125 0.4101851851851852 0.009895833333333333 0.05185185185185185
2 0.175 0.3921296296296296 0.011458333333333333 0.05648148148148148
2 0.32447916666666665 0.31712962962962965 0.011458333333333333 0.05092592592592592
2 0.34140625 0.30416666666666664 0.009895833333333333 0.04351851851851852
2 0.7364583333333333 0.40925925925925927 0.013541666666666667 0.05925925925925926
2 0.8401041666666667 0.4930555555555556 0.014583333333333334 0.06388888888888888
2 0.7294270833333333 0.3138888888888889 0.009895833333333333 0.04259259259259259
2 0.7776041666666667 0.34629629629629627 0.009375 0.05185185185185185
1 0.20052083333333334 0.4166666666666667 0.005208333333333333 0.009259259259259259
