2 0.2955729166666667 0.33611111111111114 0.011979166666666667 0.05555555555555555
2 0.5354166666666667 0.42268518518518516 0.015625 0.06388888888888888
2 0.8791666666666667 0.37407407407407406 0.011458333333333333 0.05740740740740741
2 0.54140625 0.31342592592592594 0.013020833333333334 0.04722222222222222
2 0.7122395833333334 0.7087962962962963 0.028645833333333332 0.075
2 0.2453125 0.4273148148148148 0.016666666666666666 0.05648148148148148
2 0.5950520833333334 0.7356481481481482 0.019270833333333334 0.08611111111111111
2 0.35625 0.5810185185185185 0.021875 0.06944444444444445
2 0.35885416666666664 0.5569444444444445 0.014583333333333334 0.062037037037037036
2 0.3104166666666667 0.2449074074074074 0.0125 0.04722222222222222
2 0.7799479166666666 0.2726851851851852 0.0140625 0.041666666666666664
2 0.4010416666666667 0.35 0.0125 0.05185185185185185
2 0.46770833333333334 0.4199074074074074 0.014583333333333334 0.058333333333333334
2 0.5627604166666667 0.3675925925925926 0.0140625 0.053703703703703705
2 0.6330729166666667 0.425462962962963 0.015104166666666667 0.05648148148148148
2 0.18984375 0.412962962962963 0.0109375 0.05740740740740741
2 0.34322916666666664 0.31574074074074077 0.010416666666666666 0.05185185185185185
2 0.39296875 0.30648148148148147 0.0109375 0.046296296296296294
2 0.7526041666666666 0.4236111111111111 0.015625 0.06388888888888888
2 0.8916666666666667 0.4976851851851852 0.017708333333333333 0.0712962962962963
2 0.8104166666666667 0.3148148148148148 0.0125 0.04814814814814815
2 0.7979166666666667 0.3263888888888889 0.017708333333333333 0.04722222222222222
1 0.359375 0.33425925925925926 0.005208333333333333 0.009259259259259259
