2 0.21875 0.3347222222222222 0.015625 0.05648148148148148
2 0.5638020833333334 0.37037037037037035 0.0203125 0.05555555555555555
2 0.8802083333333334 0.32175925925925924 0.01875 0.05092592592592592
2 0.50390625 0.27685185185185185 0.0140625 0.046296296296296294
2 0.8078125 0.6402777777777777 0.028125 0.07314814814814814
2 0.20130208333333333 0.3888888888888889 0.0140625 0.05185185185185185
2 0.6205729166666667 0.7203703703703703 0.0265625 0.08333333333333333
2 0.30442708333333335 0.5546296296296296 0.018229166666666668 0.07222222222222222
2 0.3770833333333333 0.5319444444444444 0.013541666666666667 0.06944444444444445
2 0.25286458333333334 0.2263888888888889 0.011979166666666667 0.041666666666666664
2 0.8098958333333334 0.23842592592592593 0.011458333333333333 0.03611111111111111
2 0.31197916666666664 0.34814814814814815 0.011458333333333333 0.05185185185185185
2 0.41432291666666665 0.40324074074074073 0.016145833333333335 0.058333333333333334
2 0.5432291666666667 0.32222222222222224 0.017708333333333333 0.04814814814814815
2 0.6510416666666666 0.37592592592592594 0.016666666666666666 0.053703703703703705
2 0.07786458333333333 0.3990740740740741 0.009895833333333333 0.05925925925925926
2 0.2869791666666667 0.2902777777777778 0.013541666666666667 0.05092592592592592
2 0.3455729166666667 0.275 0.009895833333333333 0.044444444444444446
2 0.7552083333333334 0.38935185185185184 0.025 0.05648148148148148
2 0.89375 0.42685185185185187 0.020833333333333332 0.06111111111111111
2 0.83046875 0.26944444444444443 0.018229166666666668 0.03888888888888889
2 0.75390625 0.2884259259259259 0.0140625 0.04537037037037037
1 0.8364218749999999 0.1504490740740741 0.0032395833333333473 0.005805555555555565
