2 0.2171875 0.38055555555555554 0.014583333333333334 0.053703703703703705
2 0.603125 0.39490740740740743 0.014583333333333334 0.05277777777777778
2 0.890625 0.35555555555555557 0.019791666666666666 0.053703703703703705
2 0.5098958333333333 0.31157407407407406 0.013541666666666667 0.04537037037037037
2 0.86484375 0.6574074074074074 0.021354166666666667 0.07222222222222222
2 0.21927083333333333 0.4356481481481482 0.017708333333333333 0.05462962962962963
2 0.6567708333333333 0.7162037037037037 0.023958333333333335 0.0787037037037037
2 0.2864583333333333 0.5986111111111111 0.011458333333333333 0.07314814814814814
2 0.35442708333333334 0.5638888888888889 0.013020833333333334 0.06851851851851852
2 0.24244791666666668 0.27175925925925926 0.0109375 0.03981481481481482
2 0.84296875 0.27314814814814814 0.009895833333333333 0.037037037037037035
2 0.29322916666666665 0.3939814814814815 0.010416666666666666 0.05277777777777778
2 0.38984375 0.4449074074074074 0.0140625 0.058333333333333334
2 0.5651041666666666 0.3537037037037037 0.010416666666666666 0.04814814814814815
2 0.6770833333333334 0.4041666666666667 0.015625 0.05462962962962963
2 0.043229166666666666 0.4532407407407407 0.014583333333333334 0.062037037037037036
2 0.27447916666666666 0.3300925925925926 0.016666666666666666 0.049074074074074076
2 0.32526041666666666 0.31342592592592594 0.0109375 0.04537037037037037
2 0.8005208333333333 0.4212962962962963 0.01875 0.05925925925925926
2 0.9140625 0.45 0.01875 0.06111111111111111
2 0.865625 0.2962962962962963 0.015625 0.04259259259259259
2 0.7434895833333334 0.33055555555555555 0.0140625 0.04814814814814815
1 0.9427083333333334 0.2740740740740741 0.004166666666666667 0.007407407407407408
