2 0.21692708333333333 0.3680555555555556 0.015104166666666667 0.05648148148148148
2 0.59296875 0.38796296296296295 0.015104166666666667 0.05555555555555555
2 0.88984375 0.3458333333333333 0.019270833333333334 0.05277777777777778
2 0.5088541666666667 0.30185185185185187 0.014583333333333334 0.04814814814814815
2 0.8494791666666667 0.6546296296296297 0.027083333333333334 0.07222222222222222
2 0.2125 0.4217592592592593 0.01875 0.05462962962962963
2 0.6473958333333333 0.7203703703703703 0.022916666666666665 0.07962962962962963
2 0.29244791666666664 0.5875 0.015104166666666667 0.07314814814814814
2 0.3640625 0.5560185185185185 0.020833333333333332 0.06944444444444445
2 0.24505208333333334 0.2587962962962963 0.0109375 0.041666666666666664
2 0.8361979166666667 0.2625 0.0109375 0.03981481481481482
2 0.29921875 0.3819444444444444 0.011979166666666667 0.05462962962962963
2 0.4 0.43472222222222223 0.009375 0.06018518518518518
2 0.5591145833333333 0.3458333333333333 0.011979166666666667 0.04722222222222222
2 0.671875 0.3972222222222222 0.014583333333333334 0.053703703703703705
2 0.0546875 0.43796296296296294 0.016666666666666666 0.06111111111111111
2 0.27786458333333336 0.3189814814814815 0.016145833333333335 0.05092592592592592
2 0.33229166666666665 0.30324074074074076 0.0125 0.04537037037037037
2 0.7869791666666667 0.41388888888888886 0.017708333333333333 0.05925925925925926
2 0.9096354166666667 0.44537037037037036 0.0203125 0.06111111111111111
2 0.8565104166666667 0.29074074074074074 0.018229166666666668 0.040740740740740744
2 0.7479166666666667 0.3199074074074074 0.014583333333333334 0.04722222222222222
1 0.9208333333333333 0.2712962962962963 0.004166666666666667 0.007407407407407408
