2 0.22786458333333334 0.41574074074074074 0.0140625 0.05555555555555555
2 0.6252604166666667 0.4166666666666667 0.018229166666666668 0.05185185185185185
2 0.865625 0.37546296296296294 0.010416666666666666 0.049074074074074076
2 0.5182291666666666 0.3486111111111111 0.014583333333333334 0.04537037037037037
2 0.8997395833333334 0.6722222222222223 0.0203125 0.06666666666666667
2 0.2526041666666667 0.475 0.0125 0.05555555555555555
2 0.67265625 0.6990740740740741 0.021354166666666667 0.07222222222222222
2 0.2833333333333333 0.6370370370370371 0.01875 0.07222222222222222
2 0.32265625 0.5796296296296296 0.0109375 0.06481481481481481
2 0.24166666666666667 0.3087962962962963 0.009375 0.041666666666666664
2 0.8325520833333333 0.3087962962962963 0.009895833333333333 0.03611111111111111
2 0.27421875 0.42824074074074076 0.013020833333333334 0.05277777777777778
2 0.3875 0.47962962962962963 0.014583333333333334 0.05740740740740741
2 0.5809895833333333 0.37407407407407406 0.008854166666666666 0.04259259259259259
2 0.6809895833333334 0.4162037037037037 0.0109375 0.05277777777777778
2 0.022395833333333334 0.4986111111111111 0.015625 0.06018518518518518
2 0.27447916666666666 0.36203703703703705 0.015625 0.046296296296296294
2 0.30234375 0.3458333333333333 0.0109375 0.04351851851851852
2 0.8265625 0.44074074074074077 0.020833333333333332 0.05185185185185185
2 0.9276041666666667 0.46574074074074073 0.015625 0.05555555555555555
2 0.86875 0.3125 0.011458333333333333 0.03611111111111111
2 0.7255208333333333 0.3611111111111111 0.015625 0.05
1 0.9729166666666667 0.29305555555555557 0.004166666666666667 0.008333333333333333
