2 0.15026041666666667 0.44212962962962965 0.0078125 0.05092592592592592
2 0.5015625 0.4439814814814815 0.015625 0.049074074074074076
2 0.6622395833333333 0.37916666666666665 0.0078125 0.041666666666666664
2 0.4440104166666667 0.38842592592592595 0.009895833333333333 0.04351851851851852
2 0.8307291666666666 0.6958333333333333 0.021875 0.06944444444444445
2 0.19244791666666666 0.5148148148148148 0.015104166666666667 0.05185185185185185
2 0.5942708333333333 0.6685185185185185 0.0125 0.06481481481481481
2 0.19661458333333334 0.675 0.013020833333333334 0.07037037037037037
2 0.21041666666666667 0.5912037037037037 0.0125 0.058333333333333334
2 0.15572916666666667 0.3435185185185185 0.011458333333333333 0.044444444444444446
2 0.6401041666666667 0.337037037037037 0.007291666666666667 0.03518518518518519
2 0.17057291666666666 0.4638888888888889 0.009895833333333333 0.05
2 0.9611979166666667 0.4199074074074074 0.0109375 0.04537037037037037
2 0.3536458333333333 0.48703703703703705 0.0125 0.05
2 0.47161458333333334 0.4 0.011979166666666667 0.04259259259259259
2 0.5653645833333333 0.412962962962963 0.008854166666666666 0.044444444444444446
2 0.21276041666666667 0.4009259259259259 0.008854166666666666 0.04259259259259259
2 0.19088541666666667 0.37222222222222223 0.0067708333333333336 0.03333333333333333
2 0.7401041666666667 0.44814814814814813 0.008333333333333333 0.05
2 0.8075520833333333 0.4685185185185185 0.009895833333333333 0.05
2 0.6484375 0.31851851851851853 0.00625 0.03148148148148148
2 0.6015625 0.3800925925925926 0.008333333333333333 0.04351851851851852
