1 0.17109375 0.4425925925925926 0.0109375 0.05185185185185185
1 0.5372395833333333 0.44166666666666665 0.0171875 0.05
1 0.70703125 0.3824074074074074 0.008854166666666666 0.044444444444444446
1 0.46041666666666664 0.387037037037037 0.008333333333333333 0.04259259259259259
1 0.8481770833333333 0.6953703703703704 0.019270833333333334 0.06666666666666667
1 0.20859375 0.512962962962963 0.015104166666666667 0.053703703703703705
1 0.6135416666666667 0.6777777777777778 0.016666666666666666 0.06666666666666667
1 0.21744791666666666 0.6722222222222223 0.015104166666666667 0.07222222222222222
1 0.23958333333333334 0.5898148148148148 0.014583333333333334 0.06481481481481481
1 0.17578125 0.3435185185185185 0.0109375 0.03888888888888889
1 0.684375 0.33611111111111114 0.007291666666666667 0.03518518518518519
1 0.19322916666666667 0.4615740740740741 0.009375 0.05092592592592592
1 0.36015625 0.49166666666666664 0.016145833333333335 0.053703703703703705
1 0.4981770833333333 0.3990740740740741 0.011979166666666667 0.044444444444444446
1 0.59140625 0.41805555555555557 0.008854166666666666 0.04537037037037037
1 0.2265625 0.39861111111111114 0.008333333333333333 0.04351851851851852
1 0.21458333333333332 0.3712962962962963 0.008333333333333333 0.037037037037037035
1 0.76484375 0.4527777777777778 0.0140625 0.05185185185185185
1 0.8458333333333333 0.4722222222222222 0.009375 0.05185185185185185
1 0.6963541666666667 0.32037037037037036 0.008333333333333333 0.03148148148148148
1 0.6317708333333333 0.3819444444444444 0.013541666666666667 0.04351851851851852
