2 0.22682291666666668 0.425 0.013020833333333334 0.05555555555555555
2 0.6208333333333333 0.425462962962963 0.015625 0.05092592592592592
2 0.8419270833333333 0.3787037037037037 0.0078125 0.04814814814814815
2 0.51796875 0.3597222222222222 0.015104166666666667 0.04537037037037037
2 0.9067708333333333 0.6819444444444445 0.01875 0.06574074074074074
2 0.25677083333333334 0.48564814814814816 0.017708333333333333 0.05462962962962963
2 0.671875 0.6967592592592593 0.026041666666666668 0.07314814814814814
2 0.27838541666666666 0.6481481481481481 0.018229166666666668 0.07407407407407407
2 0.31197916666666664 0.5833333333333334 0.013541666666666667 0.06481481481481481
2 0.23776041666666667 0.31851851851851853 0.008854166666666666 0.040740740740740744
2 0.8145833333333333 0.31851851851851853 0.008333333333333333 0.03518518518518519
2 0.2638020833333333 0.43796296296296294 0.008854166666666666 0.05
2 0.3919270833333333 0.48518518518518516 0.018229166666666668 0.05740740740740741
2 0.57734375 0.38055555555555554 0.0078125 0.044444444444444446
2 0.6734375 0.41759259259259257 0.013541666666666667 0.05
2 0.01796875 0.5078703703703704 0.0171875 0.06018518518518518
2 0.2734375 0.3712962962962963 0.013541666666666667 0.046296296296296294
2 0.2903645833333333 0.3523148148148148 0.0078125 0.041666666666666664
2 0.83046875 0.4462962962962963 0.0140625 0.053703703703703705
2 0.9270833333333334 0.4703703703703704 0.016666666666666666 0.053703703703703705
2 0.8473958333333333 0.31527777777777777 0.0125 0.03425925925925926
2 0.7177083333333333 0.3699074074074074 0.011458333333333333 0.04537037037037037
1 0.9666666666666667 0.3111111111111111 0.004166666666666667 0.007407407407407408
