2 0.15338541666666666 0.38287037037037036 0.008854166666666666 0.04537037037037037
2 0.4244791666666667 0.42407407407407405 0.010416666666666666 0.04814814814814815
2 0.5421875 0.34444444444444444 0.009375 0.040740740740740744
2 0.44583333333333336 0.3680555555555556 0.008333333333333333 0.041666666666666664
2 0.8520833333333333 0.6884259259259259 0.010416666666666666 0.06574074074074074
2 0.22213541666666667 0.49166666666666664 0.013020833333333334 0.05185185185185185
2 0.6338541666666667 0.6217592592592592 0.011458333333333333 0.062037037037037036
2 0.20442708333333334 0.6717592592592593 0.011979166666666667 0.0712962962962963
2 0.1890625 0.5833333333333334 0.0125 0.05925925925925926
2 0.15208333333333332 0.30833333333333335 0.010416666666666666 0.037037037037037035
2 0.5361979166666667 0.31574074074074077 0.0067708333333333336 0.03333333333333333
2 0.14036458333333332 0.44166666666666665 0.008854166666666666 0.04814814814814815
2 0.86953125 0.35 0.009895833333333333 0.040740740740740744
2 0.4401041666666667 0.425462962962963 0.008333333333333333 0.04722222222222222
2 0.45026041666666666 0.37777777777777777 0.0078125 0.040740740740740744
2 0.4947916666666667 0.3819444444444444 0.010416666666666666 0.041666666666666664
2 0.03229166666666667 0.5064814814814815 0.014583333333333334 0.053703703703703705
2 0.27317708333333335 0.3837962962962963 0.008854166666666666 0.04537037037037037
2 0.16875 0.33425925925925926 0.007291666666666667 0.03518518518518519
2 0.65546875 0.42268518518518516 0.009895833333333333 0.049074074074074076
2 0.6903645833333333 0.44027777777777777 0.008854166666666666 0.049074074074074076
2 0.5286458333333334 0.29074074074074074 0.007291666666666667 0.03333333333333333
2 0.51796875 0.35 0.009895833333333333 0.03888888888888889
