1 0.14869791666666668 0.40694444444444444 0.0140625 0.04722222222222222
1 0.45651041666666664 0.42268518518518516 0.0109375 0.049074074074074076
1 0.590625 0.34953703703703703 0.011458333333333333 0.03981481481481482
1 0.4583333333333333 0.36712962962962964 0.008333333333333333 0.03981481481481482
1 0.8627604166666667 0.6875 0.022395833333333334 0.06759259259259259
1 0.19921875 0.49027777777777776 0.015104166666666667 0.05277777777777778
1 0.5942708333333333 0.6314814814814815 0.010416666666666666 0.06481481481481481
1 0.18671875 0.6597222222222222 0.016145833333333335 0.0712962962962963
1 0.1890625 0.5736111111111111 0.0125 0.06018518518518518
1 0.1515625 0.32222222222222224 0.009375 0.03333333333333333
1 0.5755208333333334 0.31574074074074077 0.007291666666666667 0.03518518518518519
1 0.16067708333333333 0.4412037037037037 0.011979166666666667 0.049074074074074076
1 0.8971354166666666 0.37222222222222223 0.008854166666666666 0.04259259259259259
1 0.3932291666666667 0.4439814814814815 0.010416666666666666 0.04722222222222222
1 0.45078125 0.37824074074074077 0.009895833333333333 0.03981481481481482
1 0.5380208333333333 0.38333333333333336 0.009375 0.040740740740740744
1 0.23411458333333332 0.3814814814814815 0.008854166666666666 0.044444444444444446
1 0.17447916666666666 0.34444444444444444 0.007291666666666667 0.037037037037037035
1 0.7046875 0.42268518518518516 0.010416666666666666 0.049074074074074076
1 0.7432291666666667 0.44027777777777777 0.009375 0.05092592592592592
1 0.5765625 0.2912037037037037 0.00625 0.026851851851851852
1 0.5622395833333333 0.35462962962962963 0.0078125 0.040740740740740744
