1 0.1484375 0.3824074074074074 0.009375 0.044444444444444446
1 0.4158854166666667 0.43472222222222223 0.009895833333333333 0.049074074074074076
1 0.528125 0.35138888888888886 0.008333333333333333 0.03796296296296296
1 0.42864583333333334 0.3763888888888889 0.0125 0.041666666666666664
1 0.815625 0.6851851851851852 0.022916666666666665 0.06481481481481481
1 0.22604166666666667 0.5013888888888889 0.0125 0.05277777777777778
1 0.63984375 0.6333333333333333 0.011979166666666667 0.06481481481481481
1 0.21640625 0.6884259259259259 0.016145833333333335 0.06759259259259259
1 0.18671875 0.6 0.013020833333333334 0.06111111111111111
1 0.14479166666666668 0.3111111111111111 0.009375 0.037037037037037035
1 0.5213541666666667 0.32175925925925924 0.00625 0.032407407407407406
1 0.12708333333333333 0.4532407407407407 0.010416666666666666 0.049074074074074076
1 0.8645833333333334 0.35694444444444445 0.009375 0.03981481481481482
1 0.43255208333333334 0.43148148148148147 0.0109375 0.046296296296296294
1 0.44166666666666665 0.38657407407407407 0.008333333333333333 0.041666666666666664
1 0.48072916666666665 0.38981481481481484 0.007291666666666667 0.040740740740740744
1 0.04192708333333333 0.5162037037037037 0.0140625 0.05462962962962963
1 0.2794270833333333 0.3921296296296296 0.0109375 0.04537037037037037
1 0.16510416666666666 0.3388888888888889 0.007291666666666667 0.03518518518518519
1 0.640625 0.43194444444444446 0.009375 0.049074074074074076
1 0.67421875 0.45092592592592595 0.011979166666666667 0.05
1 0.5161458333333333 0.2972222222222222 0.00625 0.03333333333333333
1 0.49973958333333335 0.35648148148148145 0.009895833333333333 0.03888888888888889
0 0.8631041666666667 0.3502962962962963 0.0036458333333333334 0.006870370370370332
