2 0.15130208333333334 0.38472222222222224 0.008854166666666666 0.04537037037037037
2 0.4317708333333333 0.4203703703703704 0.014583333333333334 0.05555555555555555
2 0.55625 0.3402777777777778 0.007291666666666667 0.03981481481481482
2 0.46119791666666665 0.36342592592592593 0.009895833333333333 0.041666666666666664
2 0.8716145833333333 0.6921296296296297 0.011979166666666667 0.06944444444444445
2 0.215625 0.4847222222222222 0.0125 0.05092592592592592
2 0.6197916666666666 0.6189814814814815 0.017708333333333333 0.062037037037037036
2 0.19635416666666666 0.6620370370370371 0.0125 0.07037037037037037
2 0.18723958333333332 0.5763888888888888 0.013020833333333334 0.062037037037037036
2 0.15494791666666666 0.30694444444444446 0.009895833333333333 0.03796296296296296
2 0.5481770833333334 0.3106481481481482 0.0067708333333333336 0.03425925925925926
2 0.15052083333333333 0.43657407407407406 0.0125 0.04722222222222222
2 0.871875 0.35 0.009375 0.03888888888888889
2 0.43203125 0.42083333333333334 0.015104166666666667 0.05462962962962963
2 0.4513020833333333 0.37175925925925923 0.0078125 0.041666666666666664
2 0.50859375 0.3768518518518518 0.008854166666666666 0.040740740740740744
2 0.0203125 0.5023148148148148 0.017708333333333333 0.05462962962962963
2 0.26276041666666666 0.37824074074074077 0.008854166666666666 0.041666666666666664
2 0.1703125 0.33287037037037037 0.007291666666666667 0.03611111111111111
2 0.671875 0.4166666666666667 0.011458333333333333 0.04814814814814815
2 0.7046875 0.43472222222222223 0.010416666666666666 0.049074074074074076
2 0.5411458333333333 0.2865740740740741 0.007291666666666667 0.032407407407407406
2 0.5315104166666667 0.3472222222222222 0.009895833333333333 0.03888888888888889
