2 0.15130208333333334 0.38287037037037036 0.009895833333333333 0.04537037037037037
2 0.42109375 0.4287037037037037 0.009895833333333333 0.04814814814814815
2 0.5348958333333333 0.3476851851851852 0.008333333333333333 0.03981481481481482
2 0.43776041666666665 0.37222222222222223 0.008854166666666666 0.04259259259259259
2 0.8364583333333333 0.6884259259259259 0.020833333333333332 0.062037037037037036
2 0.225 0.4962962962962963 0.013541666666666667 0.05
2 0.63828125 0.6277777777777778 0.015104166666666667 0.06296296296296296
2 0.21067708333333332 0.6773148148148148 0.013020833333333334 0.06759259259259259
2 0.18854166666666666 0.5930555555555556 0.013541666666666667 0.062037037037037036
2 0.14869791666666668 0.3087962962962963 0.009895833333333333 0.03611111111111111
2 0.52890625 0.31851851851851853 0.0067708333333333336 0.03333333333333333
2 0.13541666666666666 0.44722222222222224 0.0125 0.04814814814814815
2 0.8677083333333333 0.3541666666666667 0.007291666666666667 0.03981481481481482
2 0.43828125 0.42962962962962964 0.0067708333333333336 0.046296296296296294
2 0.4471354166666667 0.3824074074074074 0.008854166666666666 0.040740740740740744
2 0.48854166666666665 0.38564814814814813 0.008333333333333333 0.041666666666666664
2 0.0375 0.5111111111111111 0.016666666666666666 0.053703703703703705
2 0.2755208333333333 0.38842592592592595 0.010416666666666666 0.04537037037037037
2 0.16770833333333332 0.337037037037037 0.008333333333333333 0.03518518518518519
2 0.6486979166666667 0.4263888888888889 0.009895833333333333 0.049074074074074076
2 0.6828125 0.4449074074074074 0.010416666666666666 0.049074074074074076
2 0.5223958333333333 0.29398148148148145 0.007291666666666667 0.032407407407407406
2 0.5091145833333334 0.3537037037037037 0.009895833333333333 0.03888888888888889
