2 0.14609375 0.3731481481481482 0.008854166666666666 0.044444444444444446
2 0.41119791666666666 0.43703703703703706 0.0109375 0.05185185185185185
2 0.5213541666666667 0.35 0.009375 0.040740740740740744
2 0.4171875 0.37777777777777777 0.011458333333333333 0.04259259259259259
2 0.7895833333333333 0.6768518518518518 0.020833333333333332 0.06481481481481481
2 0.23177083333333334 0.5064814814814815 0.011458333333333333 0.053703703703703705
2 0.6463541666666667 0.6416666666666667 0.009375 0.06481481481481481
2 0.22578125 0.7101851851851851 0.015104166666666667 0.07592592592592592
2 0.184375 0.611574074074074 0.013541666666666667 0.062037037037037036
2 0.13880208333333333 0.30185185185185187 0.0109375 0.040740740740740744
2 0.5145833333333333 0.31805555555555554 0.008333333333333333 0.03425925925925926
2 0.11145833333333334 0.45416666666666666 0.010416666666666666 0.05092592592592592
2 0.8791666666666667 0.35648148148148145 0.009375 0.040740740740740744
2 0.428125 0.43287037037037035 0.010416666666666666 0.049074074074074076
2 0.4361979166666667 0.387037037037037 0.008854166666666666 0.04259259259259259
2 0.46927083333333336 0.3912037037037037 0.009375 0.041666666666666664
2 0.05078125 0.5203703703703704 0.016145833333333335 0.05740740740740741
2 0.2825520833333333 0.39166666666666666 0.009895833333333333 0.046296296296296294
2 0.16171875 0.3337962962962963 0.009895833333333333 0.03611111111111111
2 0.63203125 0.43333333333333335 0.0109375 0.05185185185185185
2 0.6697916666666667 0.4532407407407407 0.011458333333333333 0.05277777777777778
2 0.5125 0.2916666666666667 0.007291666666666667 0.03148148148148148
2 0.490625 0.35462962962962963 0.008333333333333333 0.040740740740740744
1 0.8789713541666667 0.35228703703703707 0.0036614583333334375 0.006870370370370385
