2 0.15572916666666667 0.36157407407407405 0.008333333333333333 0.04537037037037037
2 0.42239583333333336 0.4300925925925926 0.009375 0.05092592592592592
2 0.5341145833333333 0.3421296296296296 0.0078125 0.041666666666666664
2 0.42630208333333336 0.3712962962962963 0.008854166666666666 0.04259259259259259
2 0.8013020833333333 0.6731481481481482 0.013020833333333334 0.06666666666666667
2 0.24713541666666666 0.5037037037037037 0.0140625 0.05555555555555555
2 0.6598958333333333 0.6416666666666667 0.015625 0.06481481481481481
2 0.23958333333333334 0.7166666666666667 0.014583333333333334 0.07777777777777778
2 0.196875 0.6111111111111112 0.013541666666666667 0.06481481481481481
2 0.14973958333333334 0.2916666666666667 0.009895833333333333 0.037037037037037035
2 0.5260416666666666 0.3111111111111111 0.008333333333333333 0.03518518518518519
2 0.12057291666666667 0.44814814814814813 0.011979166666666667 0.05185185185185185
2 0.90703125 0.3541666666666667 0.008854166666666666 0.041666666666666664
2 0.440625 0.42685185185185187 0.011458333333333333 0.046296296296296294
2 0.446875 0.3814814814814815 0.010416666666666666 0.044444444444444446
2 0.47994791666666664 0.387037037037037 0.0078125 0.04259259259259259
2 0.06692708333333333 0.512962962962963 0.015104166666666667 0.05740740740740741
2 0.2950520833333333 0.3851851851851852 0.009895833333333333 0.04814814814814815
2 0.1734375 0.3226851851851852 0.008333333333333333 0.03611111111111111
2 0.6458333333333334 0.42962962962962964 0.0125 0.053703703703703705
2 0.6854166666666667 0.45 0.010416666666666666 0.053703703703703705
2 0.52734375 0.2847222222222222 0.0067708333333333336 0.03425925925925926
2 0.5026041666666666 0.34814814814814815 0.011458333333333333 0.040740740740740744
1 0.9049140625 0.3473055555555556 0.003661458333333319 0.006870370370370385
