2 0.18020833333333333 0.30833333333333335 0.011458333333333333 0.046296296296296294
2 0.4473958333333333 0.39444444444444443 0.014583333333333334 0.05740740740740741
2 0.5802083333333333 0.2967592592592593 0.009375 0.049074074074074076
2 0.44088541666666664 0.3439814814814815 0.013020833333333334 0.05277777777777778
2 0.8322916666666667 0.6694444444444444 0.017708333333333333 0.07407407407407407
2 0.3145833333333333 0.47962962962962963 0.015625 0.06666666666666667
2 0.6838541666666667 0.6337962962962963 0.025 0.07314814814814814
2 0.2903645833333333 0.7449074074074075 0.016145833333333335 0.08796296296296297
2 0.22994791666666667 0.6143518518518518 0.016145833333333335 0.075
2 0.1734375 0.2175925925925926 0.011458333333333333 0.04259259259259259
2 0.5497395833333333 0.26296296296296295 0.008854166666666666 0.03888888888888889
2 0.13098958333333333 0.412962962962963 0.013020833333333334 0.05925925925925926
2 0.47109375 0.4064814814814815 0.0109375 0.053703703703703705
2 0.48932291666666666 0.34444444444444444 0.011979166666666667 0.05
2 0.5067708333333333 0.3638888888888889 0.011458333333333333 0.053703703703703705
2 0.11119791666666666 0.49027777777777776 0.024479166666666666 0.06759259259259259
2 0.31640625 0.3416666666666667 0.015104166666666667 0.053703703703703705
2 0.21067708333333332 0.26064814814814813 0.008854166666666666 0.041666666666666664
2 0.7036458333333333 0.40555555555555556 0.0125 0.06296296296296296
2 0.7427083333333333 0.4305555555555556 0.011458333333333333 0.06296296296296296
2 0.5822916666666667 0.23194444444444445 0.010416666666666666 0.03981481481481482
2 0.5401041666666667 0.3013888888888889 0.014583333333333334 0.04722222222222222
