2 0.1828125 0.31851851851851853 0.010416666666666666 0.04814814814814815
2 0.44947916666666665 0.399537037037037 0.010416666666666666 0.05462962962962963
2 0.5723958333333333 0.30787037037037035 0.011458333333333333 0.04537037037037037
2 0.45078125 0.34444444444444444 0.0109375 0.05
2 0.8348958333333333 0.6652777777777777 0.021875 0.06759259259259259
2 0.29661458333333335 0.47962962962962963 0.013020833333333334 0.05925925925925926
2 0.6911458333333333 0.6287037037037037 0.021875 0.06666666666666667
2 0.2828125 0.7240740740740741 0.017708333333333333 0.08333333333333333
2 0.22786458333333334 0.6027777777777777 0.015104166666666667 0.07222222222222222
2 0.17578125 0.24305555555555555 0.0109375 0.030555555555555555
2 0.55546875 0.27314814814814814 0.0109375 0.03888888888888889
2 0.13958333333333334 0.4148148148148148 0.011458333333333333 0.05555555555555555
2 0.47552083333333334 0.4041666666666667 0.011458333333333333 0.05277777777777778
2 0.48541666666666666 0.350462962962963 0.010416666666666666 0.049074074074074076
2 0.50703125 0.362962962962963 0.009895833333333333 0.04814814814814815
2 0.10703125 0.4861111111111111 0.015104166666666667 0.06296296296296296
2 0.3229166666666667 0.35 0.010416666666666666 0.05185185185185185
2 0.20859375 0.27685185185185185 0.008854166666666666 0.037037037037037035
2 0.6947916666666667 0.40925925925925927 0.014583333333333334 0.05740740740740741
2 0.73203125 0.43194444444444446 0.0140625 0.058333333333333334
2 0.57265625 0.24722222222222223 0.0078125 0.037037037037037035
2 0.5369791666666667 0.31203703703703706 0.008333333333333333 0.044444444444444446
