1 0.18333333333333332 0.31342592592592594 0.011458333333333333 0.049074074074074076
1 0.44973958333333336 0.39675925925925926 0.015104166666666667 0.05462962962962963
1 0.5768229166666666 0.30185185185185187 0.008854166666666666 0.046296296296296294
1 0.44817708333333334 0.3416666666666667 0.009895833333333333 0.04814814814814815
1 0.8377604166666667 0.6657407407407407 0.016145833333333335 0.07222222222222222
1 0.30390625 0.4777777777777778 0.0140625 0.06111111111111111
1 0.6890625 0.6282407407407408 0.015625 0.06944444444444445
1 0.2869791666666667 0.7305555555555555 0.017708333333333333 0.08703703703703704
1 0.22864583333333333 0.6064814814814815 0.015625 0.07407407407407407
1 0.17473958333333334 0.22916666666666666 0.009895833333333333 0.03981481481481482
1 0.5541666666666667 0.2671296296296296 0.010416666666666666 0.03981481481481482
1 0.13723958333333333 0.4125 0.011979166666666667 0.05648148148148148
1 0.47708333333333336 0.4041666666666667 0.013541666666666667 0.05092592592592592
1 0.48854166666666665 0.34675925925925927 0.011458333333333333 0.049074074074074076
1 0.5083333333333333 0.36157407407407405 0.009375 0.04722222222222222
1 0.10859375 0.48703703703703705 0.016145833333333335 0.06666666666666667
1 0.3223958333333333 0.3458333333333333 0.014583333333333334 0.05092592592592592
1 0.20989583333333334 0.26990740740740743 0.008333333333333333 0.03981481481481482
1 0.6986979166666667 0.4060185185185185 0.013020833333333334 0.06018518518518518
1 0.7385416666666667 0.42962962962962964 0.011458333333333333 0.05925925925925926
1 0.5765625 0.24074074074074073 0.008333333333333333 0.03888888888888889
1 0.5385416666666667 0.30694444444444446 0.011458333333333333 0.04537037037037037
