2 0.17057291666666666 0.3458333333333333 0.011979166666666667 0.04537037037037037
2 0.4359375 0.4203703703703704 0.014583333333333334 0.05185185185185185
2 0.55234375 0.33194444444444443 0.009895833333333333 0.04351851851851852
2 0.44036458333333334 0.362962962962963 0.008854166666666666 0.040740740740740744
2 0.8192708333333333 0.6708333333333333 0.01875 0.06574074074074074
2 0.2669270833333333 0.4935185185185185 0.0109375 0.05555555555555555
2 0.6776041666666667 0.638425925925926 0.013541666666666667 0.06759259259259259
2 0.25729166666666664 0.7162037037037037 0.017708333333333333 0.07314814814814814
2 0.2125 0.6064814814814815 0.014583333333333334 0.06851851851851852
2 0.1640625 0.2759259259259259 0.010416666666666666 0.03518518518518519
2 0.5421875 0.29814814814814816 0.009375 0.03518518518518519
2 0.1328125 0.4356481481481482 0.011458333333333333 0.05277777777777778
2 0.9421875 0.3472222222222222 0.009375 0.044444444444444446
2 0.45729166666666665 0.4185185185185185 0.010416666666666666 0.05
2 0.4640625 0.37083333333333335 0.010416666666666666 0.04537037037037037
2 0.4934895833333333 0.3787037037037037 0.009895833333333333 0.04259259259259259
2 0.08697916666666666 0.5013888888888889 0.015625 0.06018518518518518
2 0.31015625 0.3731481481481482 0.011979166666666667 0.04814814814814815
2 0.190625 0.3074074074074074 0.008333333333333333 0.03888888888888889
2 0.6669270833333333 0.42407407407407405 0.013020833333333334 0.05555555555555555
2 0.7057291666666666 0.44537037037037036 0.0125 0.053703703703703705
2 0.5458333333333333 0.27361111111111114 0.007291666666666667 0.03611111111111111
2 0.5177083333333333 0.337037037037037 0.009375 0.04259259259259259
1 0.9414921875 0.3400092592592593 0.003661458333333319 0.006870370370370385
