2 0.18333333333333332 0.31203703703703706 0.011458333333333333 0.05
2 0.45026041666666666 0.3962962962962963 0.0140625 0.053703703703703705
2 0.5770833333333333 0.300462962962963 0.008333333333333333 0.04722222222222222
2 0.4473958333333333 0.34120370370370373 0.010416666666666666 0.05092592592592592
2 0.8375 0.6662037037037037 0.01875 0.0712962962962963
2 0.30442708333333335 0.47824074074074074 0.013020833333333334 0.062037037037037036
2 0.6875 0.6291666666666667 0.021875 0.06759259259259259
2 0.28802083333333334 0.7310185185185185 0.015625 0.08611111111111111
2 0.22864583333333333 0.6060185185185185 0.015625 0.07314814814814814
2 0.17447916666666666 0.22824074074074074 0.010416666666666666 0.03981481481481482
2 0.5544270833333333 0.2662037037037037 0.009895833333333333 0.041666666666666664
2 0.13723958333333333 0.41203703703703703 0.013020833333333334 0.05740740740740741
2 0.47734375 0.4046296296296296 0.0140625 0.05185185185185185
2 0.4895833333333333 0.34629629629629627 0.011458333333333333 0.04814814814814815
2 0.5083333333333333 0.36064814814814816 0.009375 0.049074074074074076
2 0.10859375 0.4875 0.0171875 0.06759259259259259
2 0.32265625 0.3453703703703704 0.0140625 0.05185185185185185
2 0.21015625 0.26805555555555555 0.008854166666666666 0.03796296296296296
2 0.69921875 0.4060185185185185 0.0140625 0.06018518518518518
2 0.7395833333333334 0.42916666666666664 0.010416666666666666 0.06018518518518518
2 0.5776041666666667 0.2388888888888889 0.010416666666666666 0.03888888888888889
2 0.5393229166666667 0.30648148148148147 0.011979166666666667 0.046296296296296294
