2 0.159375 0.35833333333333334 0.010416666666666666 0.046296296296296294
2 0.42578125 0.42777777777777776 0.008854166666666666 0.05
2 0.5385416666666667 0.3398148148148148 0.009375 0.04259259259259259
2 0.4296875 0.36944444444444446 0.009375 0.04259259259259259
2 0.8036458333333333 0.6722222222222223 0.01875 0.06666666666666667
2 0.25234375 0.5013888888888889 0.013020833333333334 0.05648148148148148
2 0.6645833333333333 0.6412037037037037 0.015625 0.06574074074074074
2 0.24401041666666667 0.7148148148148148 0.0140625 0.07777777777777778
2 0.20104166666666667 0.6078703703703704 0.013541666666666667 0.06388888888888888
2 0.15338541666666666 0.2875 0.009895833333333333 0.03611111111111111
2 0.5296875 0.30925925925925923 0.007291666666666667 0.03333333333333333
2 0.12421875 0.4444444444444444 0.011979166666666667 0.05185185185185185
2 0.9153645833333334 0.35324074074074074 0.008854166666666666 0.041666666666666664
2 0.44505208333333335 0.42453703703703705 0.011979166666666667 0.04537037037037037
2 0.45078125 0.3787037037037037 0.0109375 0.044444444444444446
2 0.48333333333333334 0.38472222222222224 0.008333333333333333 0.04351851851851852
2 0.07161458333333333 0.5097222222222222 0.0140625 0.05648148148148148
2 0.29921875 0.3814814814814815 0.009895833333333333 0.04814814814814815
2 0.17786458333333333 0.3189814814814815 0.0078125 0.03611111111111111
2 0.65 0.4287037037037037 0.013541666666666667 0.053703703703703705
2 0.690625 0.4486111111111111 0.010416666666666666 0.05277777777777778
2 0.53203125 0.2828703703703704 0.0067708333333333336 0.03425925925925926
2 0.5065104166666666 0.3449074074074074 0.009895833333333333 0.041666666666666664
1 0.9133098958333332 0.34664814814814815 0.003661458333333319 0.006870370370370332
