2 0.18125 0.300462962962963 0.010416666666666666 0.049074074074074076
2 0.4484375 0.38333333333333336 0.010416666666666666 0.06111111111111111
2 0.5911458333333334 0.2884259259259259 0.013541666666666667 0.05092592592592592
2 0.4359375 0.3449074074074074 0.010416666666666666 0.05462962962962963
2 0.8307291666666666 0.6722222222222223 0.013541666666666667 0.07777777777777778
2 0.34010416666666665 0.4773148148148148 0.014583333333333334 0.06388888888888888
2 0.67578125 0.638425925925926 0.0171875 0.0787037037037037
2 0.3026041666666667 0.7569444444444444 0.017708333333333333 0.09166666666666666
2 0.23776041666666667 0.6282407407407408 0.015104166666666667 0.08055555555555556
2 0.17994791666666668 0.1986111111111111 0.013020833333333334 0.041666666666666664
2 0.5471354166666667 0.2513888888888889 0.009895833333333333 0.03796296296296296
2 0.13125 0.40555555555555556 0.0125 0.06111111111111111
2 0.4674479166666667 0.41064814814814815 0.013020833333333334 0.058333333333333334
2 0.49557291666666664 0.3375 0.013020833333333334 0.05277777777777778
2 0.509375 0.3648148148148148 0.010416666666666666 0.05185185185185185
2 0.1203125 0.49027777777777776 0.023958333333333335 0.0712962962962963
2 0.31197916666666664 0.33194444444444443 0.0125 0.05648148148148148
2 0.21979166666666666 0.24675925925925926 0.009375 0.04351851851851852
2 0.7161458333333334 0.40324074074074073 0.013541666666666667 0.06388888888888888
2 0.7541666666666667 0.43148148148148147 0.014583333333333334 0.06481481481481481
2 0.5971354166666667 0.21944444444444444 0.0078125 0.04259259259259259
2 0.546875 0.2902777777777778 0.011458333333333333 0.049074074074074076
