2 0.18411458333333333 0.3087962962962963 0.0109375 0.058333333333333334
2 0.45677083333333335 0.3819444444444444 0.013541666666666667 0.062037037037037036
2 0.6184895833333334 0.2898148148148148 0.011979166666666667 0.05555555555555555
2 0.42942708333333335 0.36574074074074076 0.013020833333333334 0.05925925925925926
2 0.82421875 0.6958333333333333 0.019270833333333334 0.08055555555555556
2 0.3807291666666667 0.4949074074074074 0.014583333333333334 0.06944444444444445
2 0.6549479166666666 0.6620370370370371 0.027604166666666666 0.08148148148148149
2 0.3177083333333333 0.7875 0.021875 0.10092592592592593
2 0.2526041666666667 0.6652777777777777 0.01875 0.08796296296296297
2 0.19869791666666667 0.17962962962962964 0.011979166666666667 0.04259259259259259
2 0.5455729166666666 0.2569444444444444 0.0109375 0.04722222222222222
2 0.14375 0.4134259259259259 0.013541666666666667 0.06388888888888888
2 0.44765625 0.4393518518518518 0.016145833333333335 0.06574074074074074
2 0.5072916666666667 0.34074074074074073 0.013541666666666667 0.05555555555555555
2 0.5080729166666667 0.3851851851851852 0.011979166666666667 0.05740740740740741
2 0.13072916666666667 0.5037037037037037 0.016666666666666666 0.07407407407407407
2 0.3111979166666667 0.33101851851851855 0.013020833333333334 0.06018518518518518
2 0.24348958333333334 0.23472222222222222 0.015104166666666667 0.04722222222222222
2 0.7359375 0.41203703703703703 0.011458333333333333 0.06851851851851852
2 0.7786458333333334 0.45 0.016666666666666666 0.07037037037037037
2 0.6236979166666666 0.21388888888888888 0.008854166666666666 0.046296296296296294
2 0.5661458333333333 0.28888888888888886 0.010416666666666666 0.05555555555555555
