2 0.18125 0.29953703703703705 0.010416666666666666 0.049074074074074076
2 0.44817708333333334 0.38333333333333336 0.011979166666666667 0.06111111111111111
2 0.5919270833333333 0.2875 0.0140625 0.05092592592592592
2 0.4359375 0.34444444444444444 0.010416666666666666 0.053703703703703705
2 0.8299479166666667 0.6726851851851852 0.0140625 0.0787037037037037
2 0.34088541666666666 0.4777777777777778 0.015104166666666667 0.06481481481481481
2 0.6752604166666667 0.638425925925926 0.0203125 0.07685185185185185
2 0.303125 0.7574074074074074 0.017708333333333333 0.09259259259259259
2 0.23802083333333332 0.6291666666666667 0.015625 0.08055555555555556
2 0.18020833333333333 0.19768518518518519 0.013541666666666667 0.041666666666666664
2 0.5471354166666667 0.2513888888888889 0.009895833333333333 0.03796296296296296
2 0.13151041666666666 0.40555555555555556 0.013020833333333334 0.06111111111111111
2 0.46770833333333334 0.4115740740740741 0.014583333333333334 0.06018518518518518
2 0.49583333333333335 0.337037037037037 0.013541666666666667 0.05185185185185185
2 0.509375 0.3648148148148148 0.010416666666666666 0.05185185185185185
2 0.12109375 0.4898148148148148 0.0234375 0.07037037037037037
2 0.31223958333333335 0.3314814814814815 0.015104166666666667 0.05555555555555555
2 0.2203125 0.2462962962962963 0.009375 0.044444444444444446
2 0.7169270833333333 0.4027777777777778 0.013020833333333334 0.06481481481481481
2 0.7549479166666667 0.43148148148148147 0.0140625 0.06481481481481481
2 0.59765625 0.21898148148148147 0.0078125 0.04351851851851852
2 0.5471354166666667 0.28935185185185186 0.013020833333333334 0.049074074074074076
