2 0.18203125 0.30324074074074076 0.0109375 0.05462962962962963
2 0.44921875 0.38287037037037036 0.0140625 0.062037037037037036
2 0.6049479166666667 0.2861111111111111 0.009895833333333333 0.053703703703703705
2 0.43203125 0.3537037037037037 0.011979166666666667 0.05740740740740741
2 0.8270833333333333 0.6824074074074075 0.025 0.07777777777777778
2 0.3606770833333333 0.48657407407407405 0.013020833333333334 0.06759259259259259
2 0.66640625 0.6472222222222223 0.016145833333333335 0.07962962962962963
2 0.30572916666666666 0.7726851851851851 0.020833333333333332 0.09722222222222222
2 0.24270833333333333 0.6439814814814815 0.015625 0.0787037037037037
2 0.18776041666666668 0.18796296296296297 0.0109375 0.04259259259259259
2 0.5455729166666666 0.2537037037037037 0.0109375 0.044444444444444446
2 0.1359375 0.4101851851851852 0.0125 0.06481481481481481
2 0.4583333333333333 0.42407407407407405 0.014583333333333334 0.06111111111111111
2 0.5018229166666667 0.3384259259259259 0.009895833333333333 0.05462962962962963
2 0.5088541666666667 0.3736111111111111 0.010416666666666666 0.05462962962962963
2 0.12864583333333332 0.5 0.016666666666666666 0.07592592592592592
2 0.31223958333333335 0.3296296296296296 0.016145833333333335 0.05740740740740741
2 0.23046875 0.23935185185185184 0.013020833333333334 0.04537037037037037
2 0.7236979166666667 0.4074074074074074 0.015104166666666667 0.06666666666666667
2 0.7661458333333333 0.43703703703703706 0.013541666666666667 0.06666666666666667
2 0.6091145833333333 0.2152777777777778 0.0109375 0.04351851851851852
2 0.5565104166666667 0.28935185185185186 0.013020833333333334 0.05092592592592592
