2 0.20104166666666667 0.3175925925925926 0.0125 0.06481481481481481
2 0.475 0.37916666666666665 0.010416666666666666 0.06759259259259259
2 0.6502604166666667 0.29398148148148145 0.013020833333333334 0.058333333333333334
2 0.43072916666666666 0.38564814814814813 0.016666666666666666 0.06759259259259259
2 0.8252604166666667 0.725462962962963 0.016145833333333335 0.08796296296296297
2 0.4127604166666667 0.5162037037037037 0.015104166666666667 0.075
2 0.640625 0.6847222222222222 0.029166666666666667 0.08611111111111111
2 0.33307291666666666 0.8037037037037037 0.019270833333333334 0.1037037037037037
2 0.25677083333333334 0.6773148148148148 0.015625 0.08425925925925926
2 0.22942708333333334 0.16296296296296298 0.0109375 0.044444444444444446
2 0.5484375 0.2671296296296296 0.0125 0.049074074074074076
2 0.16796875 0.425 0.0171875 0.07037037037037037
2 0.4375 0.4685185185185185 0.013541666666666667 0.06851851851851852
2 0.5265625 0.34675925925925927 0.0125 0.06018518518518518
2 0.5135416666666667 0.4097222222222222 0.011458333333333333 0.062037037037037036
2 0.14505208333333333 0.5087962962962963 0.016145833333333335 0.07685185185185185
2 0.32083333333333336 0.33194444444444443 0.011458333333333333 0.062037037037037036
2 0.27630208333333334 0.22777777777777777 0.015104166666666667 0.04814814814814815
2 0.7588541666666667 0.42314814814814816 0.015625 0.07222222222222222
2 0.8098958333333334 0.4699074074074074 0.016666666666666666 0.07685185185185185
2 0.6572916666666667 0.21481481481481482 0.010416666666666666 0.04814814814814815
2 0.59140625 0.29305555555555557 0.013020833333333334 0.05648148148148148
