2 0.18255208333333334 0.3060185185185185 0.015104166666666667 0.058333333333333334
2 0.45078125 0.3800925925925926 0.009895833333333333 0.06018518518518518
2 0.6083333333333333 0.28935185185185186 0.014583333333333334 0.05462962962962963
2 0.42942708333333335 0.3578703703703704 0.011979166666666667 0.062037037037037036
2 0.8234375 0.6884259259259259 0.021875 0.0824074074074074
2 0.36822916666666666 0.4888888888888889 0.015625 0.06851851851851852
2 0.6609375 0.6546296296296297 0.029166666666666667 0.07962962962962963
2 0.31171875 0.7800925925925926 0.018229166666666668 0.09907407407407408
2 0.24505208333333334 0.6550925925925926 0.0171875 0.08425925925925926
2 0.18958333333333333 0.1824074074074074 0.009375 0.046296296296296294
2 0.5447916666666667 0.2564814814814815 0.008333333333333333 0.044444444444444446
2 0.13619791666666667 0.4115740740740741 0.0140625 0.06388888888888888
2 0.4513020833333333 0.4300925925925926 0.013020833333333334 0.062037037037037036
2 0.5010416666666667 0.3402777777777778 0.015625 0.05462962962962963
2 0.5065104166666666 0.37962962962962965 0.011979166666666667 0.05555555555555555
2 0.12708333333333333 0.49953703703703706 0.014583333333333334 0.06944444444444445
2 0.30833333333333335 0.3314814814814815 0.017708333333333333 0.05740740740740741
2 0.23307291666666666 0.23796296296296296 0.0109375 0.046296296296296294
2 0.728125 0.40879629629629627 0.010416666666666666 0.06944444444444445
2 0.7692708333333333 0.4439814814814815 0.016666666666666666 0.06944444444444445
2 0.6135416666666667 0.21481481481481482 0.008333333333333333 0.046296296296296294
2 0.5575520833333333 0.28935185185185186 0.013020833333333334 0.05277777777777778
