2 0.18203125 0.2986111111111111 0.0109375 0.049074074074074076
2 0.4484375 0.38333333333333336 0.013541666666666667 0.06111111111111111
2 0.5932291666666667 0.2875 0.013541666666666667 0.05092592592592592
2 0.4356770833333333 0.3435185185185185 0.0109375 0.053703703703703705
2 0.8278645833333333 0.6731481481481482 0.019270833333333334 0.07777777777777778
2 0.34348958333333335 0.4787037037037037 0.0171875 0.06666666666666667
2 0.67421875 0.6388888888888888 0.024479166666666666 0.07592592592592592
2 0.30390625 0.7592592592592593 0.018229166666666668 0.09444444444444444
2 0.2390625 0.6300925925925925 0.015625 0.08055555555555556
2 0.18072916666666666 0.19490740740740742 0.013541666666666667 0.04351851851851852
2 0.5473958333333333 0.25092592592592594 0.009375 0.040740740740740744
2 0.13229166666666667 0.40555555555555556 0.013541666666666667 0.06296296296296296
2 0.46770833333333334 0.4125 0.015625 0.06018518518518518
2 0.49609375 0.3375 0.0140625 0.05277777777777778
2 0.5096354166666667 0.36435185185185187 0.0109375 0.05462962962962963
2 0.12213541666666666 0.48935185185185187 0.022395833333333334 0.06944444444444445
2 0.31302083333333336 0.33101851851851855 0.016666666666666666 0.05462962962962963
2 0.22135416666666666 0.2449074074074074 0.009375 0.04351851851851852
2 0.7184895833333333 0.4023148148148148 0.0109375 0.06574074074074074
2 0.7565104166666666 0.4310185185185185 0.013020833333333334 0.06574074074074074
2 0.5986979166666667 0.21805555555555556 0.008854166666666666 0.04351851851851852
2 0.5479166666666667 0.28935185185185186 0.014583333333333334 0.049074074074074076
