2 0.21119791666666668 0.33194444444444443 0.013020833333333334 0.06944444444444445
2 0.49375 0.3726851851851852 0.013541666666666667 0.06574074074074074
2 0.6815104166666667 0.3023148148148148 0.011979166666666667 0.062037037037037036
2 0.42682291666666666 0.4050925925925926 0.013020833333333334 0.0712962962962963
2 0.809375 0.7421296296296296 0.021875 0.09166666666666666
2 0.4309895833333333 0.5365740740740741 0.018229166666666668 0.0787037037037037
2 0.6096354166666667 0.6995370370370371 0.013020833333333334 0.08981481481481482
2 0.3229166666666667 0.8018518518518518 0.025 0.09814814814814815
2 0.25546875 0.6824074074074075 0.016145833333333335 0.08703703703703704
2 0.25885416666666666 0.14675925925925926 0.0125 0.04351851851851852
2 0.5390625 0.2773148148148148 0.013541666666666667 0.05277777777777778
2 0.18385416666666668 0.43472222222222223 0.016666666666666666 0.07314814814814814
2 0.4265625 0.4828703703703704 0.013541666666666667 0.06018518518518518
2 0.5424479166666667 0.3541666666666667 0.013020833333333334 0.062037037037037036
2 0.5065104166666666 0.43287037037037035 0.013020833333333334 0.06759259259259259
2 0.15963541666666667 0.5078703703703704 0.018229166666666668 0.08055555555555556
2 0.3216145833333333 0.3337962962962963 0.009895833333333333 0.06388888888888888
2 0.303125 0.22175925925925927 0.011458333333333333 0.049074074074074076
2 0.7778645833333333 0.44351851851851853 0.019270833333333334 0.07592592592592592
2 0.8317708333333333 0.49074074074074076 0.01875 0.07962962962962963
2 0.6872395833333333 0.21481481481481482 0.0109375 0.05
2 0.5981770833333333 0.30277777777777776 0.011979166666666667 0.05925925925925926
