1 0.20494791666666667 0.3560185185185185 0.0140625 0.0712962962962963
1 0.5135416666666667 0.37916666666666665 0.014583333333333334 0.0712962962962963
1 0.6903645833333333 0.31805555555555554 0.015104166666666667 0.06574074074074074
1 0.4010416666666667 0.4217592592592593 0.019791666666666666 0.07314814814814814
1 0.7994791666666666 0.7671296296296296 0.023958333333333335 0.09722222222222222
1 0.4200520833333333 0.5583333333333333 0.013020833333333334 0.08148148148148149
1 0.5466145833333333 0.7231481481481481 0.011979166666666667 0.09259259259259259
1 0.26588541666666665 0.8087962962962963 0.015104166666666667 0.10462962962962963
1 0.221875 0.6833333333333333 0.022916666666666665 0.09074074074074075
1 0.2734375 0.13287037037037036 0.010416666666666666 0.04351851851851852
1 0.5 0.29768518518518516 0.011458333333333333 0.05648148148148148
1 0.17421875 0.45185185185185184 0.015104166666666667 0.07407407407407407
1 0.40286458333333336 0.5078703703703704 0.016145833333333335 0.07685185185185185
1 0.5393229166666667 0.3726851851851852 0.015104166666666667 0.06759259259259259
1 0.4864583333333333 0.4546296296296296 0.016666666666666666 0.07037037037037037
1 0.17213541666666668 0.5125 0.0171875 0.0787037037037037
1 0.2953125 0.34074074074074073 0.020833333333333332 0.06666666666666667
1 0.3125 0.22083333333333333 0.0125 0.05092592592592592
1 0.7674479166666667 0.4648148148148148 0.0140625 0.08148148148148149
1 0.8143229166666667 0.5120370370370371 0.019270833333333334 0.08148148148148149
1 0.6893229166666667 0.2199074074074074 0.013020833333333334 0.05277777777777778
1 0.57109375 0.325 0.016145833333333335 0.06296296296296296
