2 0.20755208333333333 0.32083333333333336 0.015104166666666667 0.062037037037037036
2 0.48411458333333335 0.3731481481481482 0.0109375 0.06666666666666667
2 0.6635416666666667 0.29444444444444445 0.011458333333333333 0.05925925925925926
2 0.428125 0.3925925925925926 0.014583333333333334 0.07037037037037037
2 0.81953125 0.7328703703703704 0.022395833333333334 0.08796296296296297
2 0.42239583333333336 0.5208333333333334 0.016666666666666666 0.07685185185185185
2 0.63046875 0.687037037037037 0.016145833333333335 0.08703703703703704
2 0.33567708333333335 0.8037037037037037 0.021354166666666667 0.10555555555555556
2 0.2552083333333333 0.6800925925925926 0.017708333333333333 0.08796296296296297
2 0.240625 0.1527777777777778 0.011458333333333333 0.044444444444444446
2 0.5484375 0.2675925925925926 0.014583333333333334 0.053703703703703705
2 0.17421875 0.42592592592592593 0.015104166666666667 0.07222222222222222
2 0.43333333333333335 0.4773148148148148 0.014583333333333334 0.06944444444444445
2 0.53359375 0.34675925925925927 0.015104166666666667 0.06018518518518518
2 0.5111979166666667 0.41759259259259257 0.013020833333333334 0.06851851851851852
2 0.14973958333333334 0.5064814814814815 0.015104166666666667 0.07592592592592592
2 0.321875 0.3300925925925926 0.011458333333333333 0.06574074074074074
2 0.28802083333333334 0.2222222222222222 0.0125 0.04814814814814815
2 0.7682291666666666 0.4263888888888889 0.0125 0.0712962962962963
2 0.8205729166666667 0.47685185185185186 0.018229166666666668 0.07592592592592592
2 0.6708333333333333 0.2111111111111111 0.009375 0.05
2 0.596875 0.29259259259259257 0.011458333333333333 0.05555555555555555
