1 0.203125 0.35555555555555557 0.014583333333333334 0.07222222222222222
1 0.5091145833333334 0.37777777777777777 0.013020833333333334 0.06851851851851852
1 0.68828125 0.31574074074074077 0.011979166666666667 0.06481481481481481
1 0.40182291666666664 0.41805555555555557 0.0140625 0.07314814814814814
1 0.7986979166666667 0.7620370370370371 0.024479166666666666 0.09259259259259259
1 0.4205729166666667 0.5592592592592592 0.019270833333333334 0.08333333333333333
1 0.5536458333333333 0.7231481481481481 0.03125 0.08888888888888889
1 0.27395833333333336 0.8111111111111111 0.03125 0.1037037037037037
1 0.22682291666666668 0.6861111111111111 0.021354166666666667 0.08888888888888889
1 0.26953125 0.13518518518518519 0.011979166666666667 0.044444444444444446
1 0.5033854166666667 0.29583333333333334 0.013020833333333334 0.058333333333333334
1 0.17552083333333332 0.45092592592592595 0.016666666666666666 0.07222222222222222
1 0.4036458333333333 0.5083333333333333 0.016666666666666666 0.07777777777777778
1 0.53671875 0.37175925925925923 0.018229166666666668 0.06574074074074074
1 0.4890625 0.4537037037037037 0.015625 0.07037037037037037
1 0.16875 0.5120370370370371 0.019791666666666666 0.08148148148148149
1 0.29739583333333336 0.3398148148148148 0.016666666666666666 0.06666666666666667
1 0.30963541666666666 0.22175925925925927 0.016145833333333335 0.05092592592592592
1 0.7713541666666667 0.4675925925925926 0.01875 0.07777777777777778
1 0.8158854166666667 0.5087962962962963 0.0171875 0.0824074074074074
1 0.68984375 0.2199074074074074 0.0109375 0.05277777777777778
1 0.57265625 0.3226851851851852 0.0109375 0.06018518518518518
