2 0.20416666666666666 0.3509259259259259 0.015625 0.07222222222222222
2 0.5010416666666667 0.37592592592592594 0.0125 0.06851851851851852
2 0.6856770833333333 0.3125 0.011979166666666667 0.06388888888888888
2 0.40598958333333335 0.4166666666666667 0.018229166666666668 0.07037037037037037
2 0.7971354166666667 0.7574074074074074 0.024479166666666666 0.0962962962962963
2 0.42473958333333334 0.5527777777777778 0.018229166666666668 0.07962962962962963
2 0.5677083333333334 0.7194444444444444 0.030208333333333334 0.09074074074074075
2 0.28567708333333336 0.8083333333333333 0.030729166666666665 0.10185185185185185
2 0.23020833333333332 0.687037037037037 0.019791666666666666 0.08888888888888889
2 0.2638020833333333 0.13935185185185187 0.011979166666666667 0.04537037037037037
2 0.51171875 0.29259259259259257 0.0140625 0.05555555555555555
2 0.1765625 0.44722222222222224 0.015625 0.07407407407407407
2 0.4078125 0.5060185185185185 0.019791666666666666 0.075
2 0.5390625 0.3675925925925926 0.014583333333333334 0.06481481481481481
2 0.4890625 0.449537037037037 0.014583333333333334 0.0712962962962963
2 0.16484375 0.5087962962962963 0.0234375 0.0787037037037037
2 0.3020833333333333 0.3388888888888889 0.020833333333333332 0.06481481481481481
2 0.30625 0.2222222222222222 0.016666666666666666 0.05185185185185185
2 0.7713541666666667 0.46064814814814814 0.015625 0.0787037037037037
2 0.8171875 0.5050925925925925 0.021875 0.0787037037037037
2 0.6869791666666667 0.21851851851851853 0.010416666666666666 0.05185185185185185
2 0.5776041666666667 0.31851851851851853 0.013541666666666667 0.05925925925925926
