2 0.20729166666666668 0.3425925925925926 0.014583333333333334 0.06666666666666667
2 0.49635416666666665 0.375 0.010416666666666666 0.06851851851851852
2 0.684375 0.30787037037037035 0.011458333333333333 0.062037037037037036
2 0.4161458333333333 0.4115740740740741 0.011458333333333333 0.0712962962962963
2 0.7986979166666667 0.7462962962962963 0.025520833333333333 0.09259259259259259
2 0.4276041666666667 0.5472222222222223 0.016666666666666666 0.07777777777777778
2 0.5859375 0.7106481481481481 0.029166666666666667 0.08796296296296297
2 0.30520833333333336 0.8083333333333333 0.030208333333333334 0.1037037037037037
2 0.24166666666666667 0.6875 0.016666666666666666 0.08796296296296297
2 0.2609375 0.1425925925925926 0.011458333333333333 0.044444444444444446
2 0.5260416666666666 0.2861111111111111 0.0125 0.05555555555555555
2 0.18203125 0.44166666666666665 0.0171875 0.07407407407407407
2 0.41770833333333335 0.500462962962963 0.021875 0.0787037037037037
2 0.5385416666666667 0.362962962962963 0.016666666666666666 0.06481481481481481
2 0.4979166666666667 0.44583333333333336 0.016666666666666666 0.0712962962962963
2 0.16302083333333334 0.5097222222222222 0.025 0.0787037037037037
2 0.31197916666666664 0.33796296296296297 0.016666666666666666 0.06481481481481481
2 0.30520833333333336 0.22268518518518518 0.013541666666666667 0.05092592592592592
2 0.7723958333333333 0.45231481481481484 0.016666666666666666 0.07314814814814814
2 0.8247395833333333 0.5013888888888889 0.019270833333333334 0.08055555555555556
2 0.68828125 0.21805555555555556 0.009895833333333333 0.05092592592592592
2 0.5872395833333334 0.3101851851851852 0.013020833333333334 0.06111111111111111
