2 0.20572916666666666 0.34444444444444444 0.013541666666666667 0.07037037037037037
2 0.496875 0.375 0.011458333333333333 0.06851851851851852
2 0.6848958333333334 0.3106481481481482 0.0125 0.06388888888888888
2 0.41458333333333336 0.41388888888888886 0.016666666666666666 0.07222222222222222
2 0.7989583333333333 0.7476851851851852 0.023958333333333335 0.09166666666666666
2 0.42682291666666666 0.5476851851851852 0.0140625 0.07685185185185185
2 0.584375 0.7125 0.028125 0.08981481481481482
2 0.30182291666666666 0.8083333333333333 0.022395833333333334 0.1037037037037037
2 0.23854166666666668 0.687962962962963 0.022916666666666665 0.08703703703703704
2 0.26197916666666665 0.14212962962962963 0.011458333333333333 0.04351851851851852
2 0.5213541666666667 0.2875 0.0125 0.05277777777777778
2 0.17942708333333332 0.44212962962962965 0.0140625 0.07314814814814814
2 0.4158854166666667 0.5027777777777778 0.0203125 0.07592592592592592
2 0.5385416666666667 0.3638888888888889 0.016666666666666666 0.06481481481481481
2 0.4940104166666667 0.4462962962962963 0.019270833333333334 0.07037037037037037
2 0.16354166666666667 0.5097222222222222 0.025 0.08055555555555556
2 0.3104166666666667 0.33935185185185185 0.020833333333333332 0.06388888888888888
2 0.30546875 0.22268518518518518 0.011979166666666667 0.05092592592592592
2 0.7723958333333333 0.4537037037037037 0.014583333333333334 0.07592592592592592
2 0.8231770833333333 0.5037037037037037 0.019270833333333334 0.07962962962962963
2 0.6872395833333333 0.21851851851851853 0.0109375 0.05185185185185185
2 0.58515625 0.31342592592592594 0.013020833333333334 0.06018518518518518
