2 0.20494791666666667 0.3189814814814815 0.013020833333333334 0.062037037037037036
2 0.478125 0.3763888888888889 0.014583333333333334 0.06574074074074074
2 0.6567708333333333 0.29583333333333334 0.013541666666666667 0.058333333333333334
2 0.42864583333333334 0.38564814814814813 0.0125 0.06944444444444445
2 0.8231770833333333 0.7324074074074074 0.0234375 0.08888888888888889
2 0.4171875 0.5175925925925926 0.014583333333333334 0.07407407407407407
2 0.634375 0.6856481481481481 0.025 0.08611111111111111
2 0.33619791666666665 0.8069444444444445 0.0234375 0.10648148148148148
2 0.2578125 0.6800925925925926 0.01875 0.08796296296296297
2 0.23645833333333333 0.15787037037037038 0.0125 0.04537037037037037
2 0.5484375 0.2689814814814815 0.010416666666666666 0.05277777777777778
2 0.16979166666666667 0.42453703703703705 0.014583333333333334 0.0712962962962963
2 0.4359375 0.475 0.017708333333333333 0.07037037037037037
2 0.52890625 0.34814814814814815 0.0171875 0.06111111111111111
2 0.51328125 0.4134259259259259 0.0140625 0.06388888888888888
2 0.14973958333333334 0.5101851851851852 0.019270833333333334 0.07777777777777778
2 0.32109375 0.33287037037037037 0.018229166666666668 0.06388888888888888
2 0.2828125 0.225 0.014583333333333334 0.04814814814814815
2 0.7635416666666667 0.425462962962963 0.014583333333333334 0.07314814814814814
2 0.815625 0.475462962962963 0.016666666666666666 0.07685185185185185
2 0.6638020833333333 0.2125 0.0109375 0.049074074074074076
2 0.5953125 0.2953703703703704 0.015625 0.053703703703703705
