2 0.20520833333333333 0.34675925925925927 0.013541666666666667 0.06944444444444445
2 0.49765625 0.37546296296296294 0.011979166666666667 0.06759259259259259
2 0.6854166666666667 0.31157407407407406 0.013541666666666667 0.062037037037037036
2 0.41354166666666664 0.4152777777777778 0.017708333333333333 0.0712962962962963
2 0.7997395833333333 0.7481481481481481 0.022395833333333334 0.09259259259259259
2 0.42604166666666665 0.5486111111111112 0.014583333333333334 0.07685185185185185
2 0.5809895833333333 0.7129629629629629 0.0171875 0.09074074074074075
2 0.29453125 0.8078703703703703 0.016145833333333335 0.10277777777777777
2 0.2390625 0.687962962962963 0.022916666666666665 0.08888888888888889
2 0.26223958333333336 0.1412037037037037 0.0109375 0.04351851851851852
2 0.5197916666666667 0.287962962962963 0.013541666666666667 0.05740740740740741
2 0.17864583333333334 0.44351851851851853 0.014583333333333334 0.07407407407407407
2 0.4140625 0.5023148148148148 0.017708333333333333 0.075
2 0.5390625 0.3638888888888889 0.014583333333333334 0.06481481481481481
2 0.49192708333333335 0.44675925925925924 0.019270833333333334 0.0712962962962963
2 0.16380208333333332 0.5097222222222222 0.024479166666666666 0.08055555555555556
2 0.30911458333333336 0.3398148148148148 0.0171875 0.06481481481481481
2 0.30572916666666666 0.22268518518518518 0.011458333333333333 0.05092592592592592
2 0.7721354166666666 0.45694444444444443 0.015104166666666667 0.0787037037037037
2 0.8234375 0.5037037037037037 0.016666666666666666 0.07962962962962963
2 0.6861979166666666 0.21898148148148147 0.013020833333333334 0.05092592592592592
2 0.58359375 0.3138888888888889 0.0109375 0.05740740740740741
