2 0.20260416666666667 0.3541666666666667 0.014583333333333334 0.07314814814814814
2 0.5078125 0.37777777777777777 0.0125 0.06851851851851852
2 0.6877604166666667 0.31574074074074077 0.011979166666666667 0.06481481481481481
2 0.40208333333333335 0.41759259259259257 0.014583333333333334 0.07222222222222222
2 0.8 0.7611111111111111 0.023958333333333335 0.09444444444444444
2 0.42109375 0.5578703703703703 0.019270833333333334 0.0824074074074074
2 0.5541666666666667 0.7217592592592592 0.030208333333333334 0.08796296296296297
2 0.27395833333333336 0.8101851851851852 0.030208333333333334 0.1037037037037037
2 0.22838541666666667 0.6861111111111111 0.0234375 0.08888888888888889
2 0.26875 0.1361111111111111 0.0125 0.044444444444444446
2 0.5041666666666667 0.2953703703703704 0.0125 0.05740740740740741
2 0.175 0.44907407407407407 0.015625 0.07222222222222222
2 0.4041666666666667 0.5074074074074074 0.014583333333333334 0.07777777777777778
2 0.5369791666666667 0.37083333333333335 0.016666666666666666 0.06759259259259259
2 0.4895833333333333 0.4532407407407407 0.016666666666666666 0.0712962962962963
2 0.16875 0.5111111111111111 0.021875 0.08148148148148149
2 0.2981770833333333 0.3398148148148148 0.011979166666666667 0.06666666666666667
2 0.30885416666666665 0.2222222222222222 0.016666666666666666 0.05185185185185185
2 0.7705729166666667 0.4671296296296296 0.018229166666666668 0.0787037037037037
2 0.8166666666666667 0.5069444444444444 0.015625 0.08055555555555556
2 0.6890625 0.2199074074074074 0.0125 0.05277777777777778
2 0.5731770833333333 0.3226851851851852 0.011979166666666667 0.06018518518518518
