1 0.22473958333333333 0.3699074074074074 0.0171875 0.075
1 0.53515625 0.37962962962962965 0.015104166666666667 0.07222222222222222
1 0.71015625 0.3314814814814815 0.013020833333333334 0.06666666666666667
1 0.3932291666666667 0.43425925925925923 0.016666666666666666 0.07777777777777778
1 0.803125 0.7981481481481482 0.030208333333333334 0.09814814814814815
1 0.42161458333333335 0.5606481481481481 0.0171875 0.08611111111111111
1 0.5026041666666666 0.7310185185185185 0.019791666666666666 0.08981481481481482
1 0.24166666666666667 0.8101851851851852 0.03125 0.10555555555555556
1 0.20677083333333332 0.6763888888888889 0.019791666666666666 0.08796296296296297
1 0.3140625 0.11944444444444445 0.010416666666666666 0.044444444444444446
1 0.5033854166666667 0.3055555555555556 0.016145833333333335 0.05925925925925926
1 0.18880208333333334 0.4671296296296296 0.016145833333333335 0.07685185185185185
1 0.40208333333333335 0.5032407407407408 0.017708333333333333 0.075
1 0.55 0.3814814814814815 0.014583333333333334 0.06666666666666667
1 0.48723958333333334 0.4648148148148148 0.015104166666666667 0.07407407407407407
1 0.19322916666666667 0.5125 0.019791666666666666 0.07685185185185185
1 0.29010416666666666 0.3398148148148148 0.014583333333333334 0.06851851851851852
1 0.3359375 0.21805555555555556 0.013541666666666667 0.05092592592592592
1 0.7447916666666666 0.4759259259259259 0.023958333333333335 0.08148148148148149
1 0.8067708333333333 0.5194444444444445 0.014583333333333334 0.08333333333333333
1 0.7072916666666667 0.22407407407407406 0.0125 0.053703703703703705
1 0.5575520833333333 0.3416666666666667 0.0140625 0.06481481481481481
