1 0.22630208333333332 0.3685185185185185 0.0140625 0.07407407407407407
1 0.5369791666666667 0.3787037037037037 0.016666666666666666 0.07037037037037037
1 0.7109375 0.33101851851851855 0.016666666666666666 0.06574074074074074
1 0.39557291666666666 0.43703703703703706 0.018229166666666668 0.07777777777777778
1 0.8028645833333333 0.7986111111111112 0.024479166666666666 0.09722222222222222
1 0.42630208333333336 0.5592592592592592 0.019270833333333334 0.08703703703703704
1 0.4973958333333333 0.7328703703703704 0.01875 0.09351851851851851
1 0.23645833333333333 0.8078703703703703 0.017708333333333333 0.10462962962962963
1 0.20598958333333334 0.674537037037037 0.021354166666666667 0.08611111111111111
1 0.31875 0.11805555555555555 0.010416666666666666 0.04351851851851852
1 0.5044270833333333 0.30416666666666664 0.011979166666666667 0.06018518518518518
1 0.190625 0.4634259259259259 0.015625 0.06944444444444445
1 0.40338541666666666 0.5027777777777778 0.019270833333333334 0.07592592592592592
1 0.553125 0.3819444444444444 0.013541666666666667 0.06388888888888888
1 0.48671875 0.4634259259259259 0.013020833333333334 0.07314814814814814
1 0.19713541666666667 0.5115740740740741 0.0203125 0.075
1 0.29010416666666666 0.33935185185185185 0.020833333333333332 0.06759259259259259
1 0.3372395833333333 0.21666666666666667 0.009895833333333333 0.05185185185185185
1 0.7450520833333333 0.47638888888888886 0.025520833333333333 0.08055555555555556
1 0.80390625 0.5194444444444445 0.021354166666666667 0.08148148148148149
1 0.709375 0.22361111111111112 0.010416666666666666 0.05462962962962963
1 0.5559895833333334 0.3402777777777778 0.013020833333333334 0.05462962962962963
