1 0.21380208333333334 0.36712962962962964 0.016145833333333335 0.07314814814814814
1 0.5283854166666667 0.3824074074074074 0.013020833333333334 0.07037037037037037
1 0.6986979166666667 0.3277777777777778 0.016145833333333335 0.06666666666666667
1 0.39557291666666666 0.4324074074074074 0.018229166666666668 0.07592592592592592
1 0.7966145833333333 0.7856481481481481 0.0234375 0.09907407407407408
1 0.41458333333333336 0.5662037037037037 0.0125 0.08611111111111111
1 0.5166666666666667 0.7337962962962963 0.026041666666666668 0.09537037037037037
1 0.24401041666666667 0.8074074074074075 0.021354166666666667 0.1037037037037037
1 0.21041666666666667 0.6814814814814815 0.021875 0.08703703703703704
1 0.29375 0.1287037037037037 0.0125 0.04259259259259259
1 0.49713541666666666 0.3055555555555556 0.008854166666666666 0.06111111111111111
1 0.18046875 0.45787037037037037 0.016145833333333335 0.06759259259259259
1 0.40182291666666664 0.5060185185185185 0.011979166666666667 0.0787037037037037
1 0.5427083333333333 0.3800925925925926 0.011458333333333333 0.06944444444444445
1 0.48463541666666665 0.4615740740740741 0.018229166666666668 0.0712962962962963
1 0.18411458333333333 0.5180555555555556 0.019270833333333334 0.08055555555555556
1 0.29010416666666666 0.34305555555555556 0.015625 0.06574074074074074
1 0.32578125 0.22083333333333333 0.013020833333333334 0.05092592592592592
1 0.7497395833333333 0.47685185185185186 0.018229166666666668 0.08148148148148149
1 0.8083333333333333 0.5203703703703704 0.019791666666666666 0.08148148148148149
1 0.696875 0.22407407407407406 0.013541666666666667 0.05185185185185185
1 0.5619791666666667 0.3365740740740741 0.013541666666666667 0.06574074074074074
