2 0.2125 0.3638888888888889 0.014583333333333334 0.07407407407407407
2 0.5263020833333333 0.38101851851851853 0.0140625 0.0712962962962963
2 0.6989583333333333 0.324537037037037 0.013541666666666667 0.06574074074074074
2 0.4005208333333333 0.425 0.015625 0.07407407407407407
2 0.8015625 0.7796296296296297 0.030208333333333334 0.0962962962962963
2 0.41744791666666664 0.562962962962963 0.0171875 0.08518518518518518
2 0.5307291666666667 0.7300925925925926 0.03125 0.08981481481481482
2 0.25494791666666666 0.8050925925925926 0.0265625 0.10462962962962963
2 0.22057291666666667 0.6819444444444445 0.022395833333333334 0.08981481481481482
2 0.28880208333333335 0.12962962962962962 0.013020833333333334 0.04259259259259259
2 0.4984375 0.30324074074074076 0.013541666666666667 0.06018518518518518
2 0.18229166666666666 0.45601851851851855 0.015625 0.07314814814814814
2 0.4044270833333333 0.5078703703703704 0.011979166666666667 0.0787037037037037
2 0.5432291666666667 0.37777777777777777 0.014583333333333334 0.06851851851851852
2 0.4908854166666667 0.4597222222222222 0.0171875 0.07314814814814814
2 0.18411458333333333 0.513425925925926 0.0203125 0.0787037037037037
2 0.2947916666666667 0.33935185185185185 0.010416666666666666 0.06574074074074074
2 0.3229166666666667 0.2212962962962963 0.017708333333333333 0.05185185185185185
2 0.76171875 0.4722222222222222 0.015104166666666667 0.08333333333333333
2 0.815625 0.5148148148148148 0.016666666666666666 0.07962962962962963
2 0.6979166666666666 0.22268518518518518 0.013541666666666667 0.05277777777777778
2 0.5682291666666667 0.33194444444444443 0.013541666666666667 0.06388888888888888
