1 0.28046875 0.36527777777777776 0.0140625 0.07685185185185185
1 0.5393229166666667 0.3814814814814815 0.013020833333333334 0.07222222222222222
1 0.7705729166666667 0.37453703703703706 0.0171875 0.07685185185185185
1 0.39817708333333335 0.38935185185185184 0.018229166666666668 0.075
1 0.7953125 0.8194444444444444 0.025 0.10185185185185185
1 0.47239583333333335 0.5731481481481482 0.01875 0.08888888888888889
1 0.43307291666666664 0.7185185185185186 0.0171875 0.09444444444444444
1 0.19713541666666667 0.788425925925926 0.025520833333333333 0.10277777777777777
1 0.20963541666666666 0.6513888888888889 0.019270833333333334 0.08796296296296297
1 0.40234375 0.07962962962962963 0.0109375 0.040740740740740744
1 0.5153645833333333 0.3087962962962963 0.0109375 0.06388888888888888
1 0.21953125 0.4935185185185185 0.019270833333333334 0.08333333333333333
1 0.39114583333333336 0.48564814814814816 0.011458333333333333 0.08055555555555556
1 0.5510416666666667 0.41203703703703703 0.019791666666666666 0.07222222222222222
1 0.496875 0.45787037037037037 0.011458333333333333 0.075
1 0.24166666666666667 0.4708333333333333 0.017708333333333333 0.08055555555555556
1 0.31614583333333335 0.3023148148148148 0.010416666666666666 0.06759259259259259
1 0.3651041666666667 0.2152777777777778 0.013541666666666667 0.05462962962962963
1 0.7361979166666667 0.4773148148148148 0.022395833333333334 0.08425925925925926
1 0.8205729166666667 0.5560185185185185 0.022395833333333334 0.09166666666666666
1 0.7486979166666666 0.2412037037037037 0.013020833333333334 0.06018518518518518
1 0.5265625 0.37962962962962965 0.01875 0.07407407407407407
