1 0.24973958333333332 0.3662037037037037 0.019270833333333334 0.0787037037037037
1 0.5442708333333334 0.37175925925925923 0.014583333333333334 0.06944444444444445
1 0.7325520833333333 0.3347222222222222 0.013020833333333334 0.06944444444444445
1 0.384375 0.4125 0.011458333333333333 0.075
1 0.7953125 0.8064814814814815 0.026041666666666668 0.09814814814814815
1 0.4622395833333333 0.5416666666666666 0.0234375 0.09074074074074075
1 0.4661458333333333 0.7296296296296296 0.014583333333333334 0.0962962962962963
1 0.21171875 0.7986111111111112 0.0234375 0.10277777777777777
1 0.20182291666666666 0.6583333333333333 0.022395833333333334 0.09259259259259259
1 0.35651041666666666 0.08888888888888889 0.011979166666666667 0.044444444444444446
1 0.5033854166666667 0.2898148148148148 0.013020833333333334 0.06111111111111111
1 0.1921875 0.4615740740740741 0.013541666666666667 0.0787037037037037
1 0.3924479166666667 0.4898148148148148 0.0171875 0.07777777777777778
1 0.5552083333333333 0.38657407407407407 0.015625 0.0712962962962963
1 0.4869791666666667 0.4537037037037037 0.013541666666666667 0.07592592592592592
1 0.21380208333333334 0.48055555555555557 0.021354166666666667 0.07777777777777778
1 0.28515625 0.3263888888888889 0.0203125 0.0712962962962963
1 0.3484375 0.2013888888888889 0.010416666666666666 0.05277777777777778
1 0.7328125 0.46296296296296297 0.014583333333333334 0.08333333333333333
1 0.81015625 0.5180555555555556 0.018229166666666668 0.08796296296296297
1 0.7203125 0.21712962962962962 0.010416666666666666 0.05462962962962963
1 0.53359375 0.34953703703703703 0.013020833333333334 0.06574074074074074
