1 0.24557291666666667 0.36527777777777776 0.016145833333333335 0.07314814814814814
1 0.5283854166666667 0.3578703703703704 0.016145833333333335 0.0712962962962963
1 0.825 0.4412037037037037 0.01875 0.0787037037037037
1 0.40234375 0.4412037037037037 0.016145833333333335 0.07685185185185185
1 0.8052083333333333 0.7453703703703703 0.019791666666666666 0.09814814814814815
1 0.5557291666666667 0.5810185185185185 0.019791666666666666 0.08796296296296297
1 0.36640625 0.6587962962962963 0.019270833333333334 0.08981481481481482
1 0.259375 0.6199074074074075 0.030208333333333334 0.0824074074074074
1 0.16979166666666667 0.5824074074074074 0.013541666666666667 0.08333333333333333
1 0.40598958333333335 0.08009259259259259 0.0109375 0.04537037037037037
1 0.5169270833333334 0.3384259259259259 0.015104166666666667 0.06574074074074074
1 0.38229166666666664 0.47824074074074074 0.014583333333333334 0.0712962962962963
1 0.54609375 0.49722222222222223 0.0171875 0.07407407407407407
1 0.57265625 0.48148148148148145 0.018229166666666668 0.07777777777777778
1 0.5677083333333334 0.5101851851851852 0.030208333333333334 0.07592592592592592
1 0.21770833333333334 0.47638888888888886 0.013541666666666667 0.0787037037037037
1 0.303125 0.27361111111111114 0.019791666666666666 0.062037037037037036
1 0.3729166666666667 0.23703703703703705 0.013541666666666667 0.05740740740740741
1 0.809375 0.5083333333333333 0.016666666666666666 0.08518518518518518
1 0.84765625 0.5402777777777777 0.0328125 0.08611111111111111
1 0.784375 0.31296296296296294 0.013541666666666667 0.06851851851851852
1 0.6002604166666666 0.4550925925925926 0.025520833333333333 0.06944444444444445
1 0.5346354166666667 0.27870370370370373 0.005729166666666666 0.011111111111111112
