1 0.24557291666666667 0.3578703703703704 0.019270833333333334 0.075
1 0.5380208333333333 0.3509259259259259 0.014583333333333334 0.07222222222222222
1 0.8552083333333333 0.42453703703703705 0.022916666666666665 0.06574074074074074
1 0.3723958333333333 0.41805555555555557 0.015625 0.07685185185185185
1 0.7895833333333333 0.7763888888888889 0.025 0.10092592592592593
1 0.54453125 0.5981481481481481 0.022395833333333334 0.09259259259259259
1 0.34739583333333335 0.6611111111111111 0.025 0.08333333333333333
1 0.23541666666666666 0.6393518518518518 0.014583333333333334 0.09537037037037037
1 0.14296875 0.600925925925926 0.0171875 0.09074074074074075
1 0.4192708333333333 0.07361111111111111 0.010416666666666666 0.04351851851851852
1 0.50546875 0.3296296296296296 0.0171875 0.06296296296296296
1 0.3875 0.4888888888888889 0.013541666666666667 0.07962962962962963
1 0.5213541666666667 0.5051018518518519 0.029583333333333368 0.05472222222222214
1 0.6333333333333333 0.42962962962962964 0.017708333333333333 0.07222222222222222
1 0.52140625 0.5208333333333334 0.029062499999999977 0.05462962962962963
1 0.21588541666666666 0.4726851851851852 0.019270833333333334 0.0787037037037037
1 0.30442708333333335 0.27361111111111114 0.011979166666666667 0.06574074074074074
1 0.36614583333333334 0.23472222222222222 0.0125 0.058333333333333334
1 0.83359375 0.5157407407407407 0.0203125 0.08333333333333333
1 0.8825520833333333 0.5453703703703704 0.028645833333333332 0.08703703703703704
1 0.7825520833333334 0.2986111111111111 0.015104166666666667 0.06574074074074074
1 0.60546875 0.43148148148148147 0.021354166666666667 0.07407407407407407
0 0.5213541666666667 0.24305555555555555 0.00625 0.012037037037037037
