1 0.24479166666666666 0.399537037037037 0.016666666666666666 0.07314814814814814
1 0.5104166666666666 0.39490740740740743 0.016666666666666666 0.0712962962962963
1 0.7614583333333333 0.46111111111111114 0.017708333333333333 0.07222222222222222
1 0.46796875 0.44027777777777777 0.0171875 0.0787037037037037
1 0.8145833333333333 0.7092592592592593 0.019791666666666666 0.09074074074074075
1 0.5671875 0.6129629629629629 0.019791666666666666 0.08888888888888889
1 0.43776041666666665 0.7453703703703703 0.027604166666666666 0.08888888888888889
1 0.3307291666666667 0.6555555555555556 0.021875 0.08703703703703704
1 0.20182291666666666 0.6402777777777777 0.025520833333333333 0.08425925925925926
1 0.37109375 0.1337962962962963 0.009895833333333333 0.041666666666666664
1 0.6072916666666667 0.3851851851851852 0.0125 0.06296296296296296
1 0.39453125 0.5064814814814815 0.019270833333333334 0.07592592592592592
1 0.3921875 0.5342592592592592 0.013541666666666667 0.07407407407407407
1 0.5901041666666667 0.46064814814814814 0.017708333333333333 0.06759259259259259
1 0.5768229166666666 0.5138888888888888 0.015104166666666667 0.07777777777777778
1 0.1765625 0.5208333333333334 0.025 0.0824074074074074
1 0.30807291666666664 0.31296296296296294 0.0109375 0.06296296296296296
1 0.37421875 0.275 0.009895833333333333 0.053703703703703705
1 0.61875 0.5347222222222222 0.025 0.08611111111111111
1 0.6463541666666667 0.5347222222222222 0.023958333333333335 0.0824074074074074
1 0.7572916666666667 0.37777777777777777 0.015625 0.06851851851851852
1 0.6888020833333334 0.462037037037037 0.0203125 0.07037037037037037
0 0.72890625 0.4203703703703704 0.0046875 0.009259259259259259
