1 0.23854166666666668 0.37962962962962965 0.01875 0.07037037037037037
1 0.49635416666666665 0.37962962962962965 0.0125 0.07222222222222222
1 0.72890625 0.4152777777777778 0.0203125 0.06759259259259259
1 0.45729166666666665 0.4083333333333333 0.016666666666666666 0.07407407407407407
1 0.8091145833333333 0.6851851851851852 0.022395833333333334 0.09074074074074075
1 0.55390625 0.5962962962962963 0.021354166666666667 0.08888888888888889
1 0.47630208333333335 0.7532407407407408 0.021354166666666667 0.09166666666666666
1 0.3145833333333333 0.6671296296296296 0.014583333333333334 0.09351851851851851
1 0.19505208333333332 0.637962962962963 0.021354166666666667 0.08703703703703704
1 0.34817708333333336 0.13240740740740742 0.0109375 0.04259259259259259
1 0.6229166666666667 0.362962962962963 0.015625 0.06111111111111111
1 0.359375 0.49398148148148147 0.017708333333333333 0.0787037037037037
1 0.37552083333333336 0.5092592592592593 0.014583333333333334 0.07592592592592592
1 0.5854166666666667 0.42453703703703705 0.016666666666666666 0.06759259259259259
1 0.5598958333333334 0.48703703703703705 0.016666666666666666 0.07592592592592592
1 0.15286458333333333 0.5013888888888889 0.0203125 0.0787037037037037
1 0.29453125 0.2972222222222222 0.011979166666666667 0.06111111111111111
1 0.36015625 0.26805555555555555 0.0109375 0.05277777777777778
1 0.6190104166666667 0.5111111111111111 0.021354166666666667 0.08333333333333333
1 0.6627604166666666 0.5180555555555556 0.024479166666666666 0.0824074074074074
1 0.7533854166666667 0.36203703703703705 0.013020833333333334 0.06481481481481481
1 0.70625 0.4115740740740741 0.016666666666666666 0.0712962962962963
1 0.675 0.3125 0.005208333333333333 0.010185185185185186
