1 0.2421875 0.40046296296296297 0.01875 0.0712962962962963
1 0.5140625 0.3958333333333333 0.014583333333333334 0.07314814814814814
1 0.7682291666666666 0.47129629629629627 0.023958333333333335 0.07962962962962963
1 0.46875 0.44722222222222224 0.014583333333333334 0.07777777777777778
1 0.8145833333333333 0.7138888888888889 0.019791666666666666 0.0962962962962963
1 0.57109375 0.6138888888888889 0.019270833333333334 0.08888888888888889
1 0.43333333333333335 0.7467592592592592 0.020833333333333332 0.08796296296296297
1 0.33177083333333335 0.6532407407407408 0.015625 0.08611111111111111
1 0.20520833333333333 0.6398148148148148 0.021875 0.08518518518518518
1 0.37447916666666664 0.1337962962962963 0.009375 0.041666666666666664
1 0.60390625 0.3875 0.0203125 0.062037037037037036
1 0.4002604166666667 0.512962962962963 0.0234375 0.08148148148148149
1 0.39505208333333336 0.5356481481481481 0.015104166666666667 0.07685185185185185
1 0.5880208333333333 0.46435185185185185 0.015625 0.06388888888888888
1 0.5796875 0.5175925925925926 0.015625 0.07962962962962963
1 0.18125 0.5208333333333334 0.022916666666666665 0.0824074074074074
1 0.3078125 0.3138888888888889 0.015625 0.06296296296296296
1 0.37552083333333336 0.2777777777777778 0.010416666666666666 0.05185185185185185
1 0.6200520833333333 0.538425925925926 0.0234375 0.08055555555555556
1 0.6453125 0.5375 0.023958333333333335 0.08425925925925926
1 0.7583333333333333 0.3814814814814815 0.016666666666666666 0.06481481481481481
1 0.6854166666666667 0.4740740740740741 0.019791666666666666 0.07222222222222222
1 0.7278645833333334 0.43472222222222223 0.0046875 0.010185185185185186
