1 0.24270833333333333 0.3921296296296296 0.016666666666666666 0.07314814814814814
1 0.5057291666666667 0.3888888888888889 0.013541666666666667 0.07222222222222222
1 0.7497395833333333 0.4393518518518518 0.0140625 0.06944444444444445
1 0.46432291666666664 0.42962962962962964 0.013020833333333334 0.07592592592592592
1 0.8135416666666667 0.6995370370370371 0.021875 0.08981481481481482
1 0.5635416666666667 0.6046296296296296 0.017708333333333333 0.08703703703703704
1 0.4515625 0.75 0.027083333333333334 0.08888888888888889
1 0.32473958333333336 0.6578703703703703 0.015104166666666667 0.08796296296296297
1 0.19817708333333334 0.6388888888888888 0.0140625 0.08518518518518518
1 0.36171875 0.13240740740740742 0.0109375 0.04259259259259259
1 0.6127604166666667 0.37453703703703706 0.021354166666666667 0.06388888888888888
1 0.37890625 0.4930555555555556 0.013020833333333334 0.058333333333333334
1 0.38515625 0.524074074074074 0.0171875 0.07962962962962963
1 0.5924479166666666 0.44907407407407407 0.018229166666666668 0.07222222222222222
1 0.5723958333333333 0.5046296296296297 0.015625 0.07962962962962963
1 0.16848958333333333 0.5152777777777777 0.015104166666666667 0.08055555555555556
1 0.30390625 0.30833333333333335 0.016145833333333335 0.06111111111111111
1 0.37005208333333334 0.2712962962962963 0.0109375 0.05555555555555555
1 0.61953125 0.5263888888888889 0.016145833333333335 0.08425925925925926
1 0.6479166666666667 0.5287037037037037 0.025 0.08148148148148149
1 0.7580729166666667 0.37222222222222223 0.019270833333333334 0.06481481481481481
1 0.7002604166666667 0.4425925925925926 0.022395833333333334 0.07222222222222222
1 0.7315104166666667 0.40370370370370373 0.0046875 0.009259259259259259
