1 0.23385416666666667 0.2439814814814815 0.014583333333333334 0.058333333333333334
1 0.45651041666666664 0.30324074074074076 0.0234375 0.06574074074074074
1 0.87578125 0.30694444444444446 0.013020833333333334 0.06574074074074074
1 0.45807291666666666 0.24537037037037038 0.011979166666666667 0.05740740740740741
1 0.8114583333333333 0.6421296296296296 0.022916666666666665 0.08796296296296297
1 0.5317708333333333 0.41388888888888886 0.01875 0.06851851851851852
1 0.73203125 0.8050925925925926 0.0296875 0.10648148148148148
1 0.33671875 0.4837962962962963 0.024479166666666666 0.0787037037037037
1 0.22395833333333334 0.49537037037037035 0.026041666666666668 0.07407407407407407
1 0.39609375 0.0763888888888889 0.013020833333333334 0.03425925925925926
1 0.69765625 0.22870370370370371 0.0109375 0.05555555555555555
1 0.19583333333333333 0.30092592592592593 0.025 0.06111111111111111
1 0.44140625 0.36712962962962964 0.0171875 0.06759259259259259
1 0.56171875 0.2625 0.015104166666666667 0.058333333333333334
1 0.6635416666666667 0.3574074074074074 0.015625 0.06666666666666667
1 0.14557291666666666 0.31203703703703706 0.025520833333333333 0.06111111111111111
1 0.3885416666666667 0.20925925925925926 0.010416666666666666 0.05555555555555555
1 0.4473958333333333 0.18564814814814815 0.013541666666666667 0.05092592592592592
1 0.8361979166666667 0.40185185185185185 0.018229166666666668 0.07962962962962963
1 0.8671875 0.4212962962962963 0.01875 0.07407407407407407
1 0.77578125 0.23657407407407408 0.009895833333333333 0.05648148148148148
1 0.77421875 0.26805555555555555 0.019270833333333334 0.05648148148148148
1 0.11927083333333334 0.29074074074074074 0.00625 0.011111111111111112
