1 0.6317708333333333 0.3111111111111111 0.010416666666666666 0.07592592592592592
1 0.3421875 0.8555555555555555 0.034375 0.1037037037037037
1 0.78359375 0.3537037037037037 0.0140625 0.07962962962962963
1 0.3372395833333333 0.5171296296296296 0.021354166666666667 0.10092592592592593
1 0.8403645833333333 0.4949074074074074 0.0265625 0.09537037037037037
1 0.5546875 0.2462962962962963 0.010416666666666666 0.06666666666666667
1 0.16067708333333333 0.3560185185185185 0.015104166666666667 0.08425925925925926
1 0.61328125 0.1814814814814815 0.0109375 0.05740740740740741
1 0.5161458333333333 0.6370370370370371 0.01875 0.10740740740740741
1 0.7182291666666667 0.2310185185185185 0.011458333333333333 0.0712962962962963
1 0.30859375 0.16944444444444445 0.0078125 0.06111111111111111
1 0.3265625 0.3680555555555556 0.0125 0.08055555555555556
1 0.42473958333333334 0.18703703703703703 0.015104166666666667 0.06296296296296296
1 0.48046875 0.16064814814814815 0.008854166666666666 0.05648148148148148
1 0.346875 0.24444444444444444 0.014583333333333334 0.06666666666666667
1 0.33932291666666664 0.16342592592592592 0.009895833333333333 0.05462962962962963
1 0.47421875 0.375 0.011979166666666667 0.07962962962962963
1 0.3424479166666667 0.7032407407407407 0.0265625 0.09907407407407408
1 0.17760416666666667 0.19907407407407407 0.009375 0.06666666666666667
1 0.3302083333333333 0.3333333333333333 0.014583333333333334 0.07592592592592592
1 0.3328125 0.2675925925925926 0.005208333333333333 0.011111111111111112
1 0.06145833333333333 0.047685185185185185 0.008333333333333333 0.03981481481481482
