1 0.6325520833333333 0.31203703703703706 0.009895833333333333 0.07592592592592592
1 0.34270833333333334 0.8532407407407407 0.034375 0.10462962962962963
1 0.7841145833333333 0.3537037037037037 0.0140625 0.07962962962962963
1 0.3380208333333333 0.5175925925925926 0.020833333333333332 0.1
1 0.8388020833333333 0.49537037037037035 0.0265625 0.09444444444444444
1 0.5557291666666667 0.2462962962962963 0.010416666666666666 0.06666666666666667
1 0.16223958333333333 0.3537037037037037 0.016145833333333335 0.08518518518518518
1 0.6166666666666667 0.1814814814814815 0.009375 0.05740740740740741
1 0.5171875 0.6375 0.01875 0.10462962962962963
1 0.7192708333333333 0.23148148148148148 0.010416666666666666 0.07037037037037037
1 0.31015625 0.16944444444444445 0.0078125 0.06111111111111111
1 0.32708333333333334 0.3675925925925926 0.013541666666666667 0.07962962962962963
1 0.42265625 0.18564814814814815 0.0140625 0.062037037037037036
1 0.48125 0.16157407407407406 0.009375 0.05648148148148148
1 0.34817708333333336 0.24444444444444444 0.0140625 0.06666666666666667
1 0.34036458333333336 0.16435185185185186 0.009895833333333333 0.05462962962962963
1 0.475 0.375 0.0125 0.07962962962962963
1 0.34296875 0.7023148148148148 0.030729166666666665 0.09537037037037037
1 0.17916666666666667 0.19907407407407407 0.009375 0.06666666666666667
1 0.33229166666666665 0.33287037037037037 0.014583333333333334 0.075
1 0.334375 0.2675925925925926 0.005208333333333333 0.011111111111111112
1 0.06302083333333333 0.04722222222222222 0.009375 0.040740740740740744
