1 0.7325520833333333 0.38796296296296295 0.019270833333333334 0.06851851851851852
1 0.6765625 0.7166666666666667 0.029166666666666667 0.11481481481481481
1 0.8635416666666667 0.38472222222222224 0.023958333333333335 0.06388888888888888
1 0.5645833333333333 0.5263888888888889 0.021875 0.0824074074074074
1 0.9520833333333333 0.5444444444444444 0.020833333333333332 0.08888888888888889
1 0.5880208333333333 0.3388888888888889 0.022916666666666665 0.05925925925925926
1 0.3234375 0.4648148148148148 0.021875 0.07962962962962963
1 0.6341145833333334 0.2523148148148148 0.016145833333333335 0.05648148148148148
1 0.6856770833333333 0.5546296296296296 0.0265625 0.07592592592592592
1 0.7669270833333334 0.2800925925925926 0.025520833333333333 0.058333333333333334
1 0.3385416666666667 0.2800925925925926 0.022916666666666665 0.05462962962962963
1 0.38828125 0.44907407407407407 0.028645833333333332 0.06851851851851852
1 0.5263020833333333 0.2759259259259259 0.0171875 0.05925925925925926
1 0.4890625 0.22916666666666666 0.011458333333333333 0.05277777777777778
1 0.5067708333333333 0.29398148148148145 0.016666666666666666 0.05648148148148148
1 0.03854166666666667 0.31666666666666665 0.014583333333333334 0.053703703703703705
1 0.5921875 0.4444444444444444 0.015625 0.07777777777777778
1 0.8458333333333333 0.6148148148148148 0.035416666666666666 0.09259259259259259
1 0.10598958333333333 0.29444444444444445 0.016145833333333335 0.05740740740740741
1 0.60234375 0.3476851851851852 0.0171875 0.06574074074074074
1 0.06786458333333334 0.12129629629629629 0.00854166666666667 0.03518518518518519
