1 0.7666666666666667 0.48055555555555557 0.010416666666666666 0.053703703703703705
1 0.77109375 0.6097222222222223 0.018229166666666668 0.06944444444444445
1 0.8075520833333333 0.3 0.0078125 0.037037037037037035
1 0.86015625 0.4449074074074074 0.019270833333333334 0.04537037037037037
1 0.18255208333333334 0.5194444444444445 0.018229166666666668 0.06111111111111111
1 0.6713541666666667 0.562962962962963 0.017708333333333333 0.06851851851851852
1 0.8703125 0.5347222222222222 0.029166666666666667 0.05277777777777778
1 0.66484375 0.42685185185185187 0.015104166666666667 0.04259259259259259
1 0.525 0.6291666666666667 0.026041666666666668 0.07314814814814814
1 0.66953125 0.34814814814814815 0.0078125 0.03148148148148148
1 0.8036458333333333 0.5847222222222223 0.019791666666666666 0.062037037037037036
1 0.7940104166666667 0.4064814814814815 0.0140625 0.04814814814814815
1 0.48802083333333335 0.362962962962963 0.010416666666666666 0.044444444444444446
1 0.6010416666666667 0.5055555555555555 0.013541666666666667 0.05925925925925926
1 0.5721354166666667 0.41064814814814815 0.011979166666666667 0.05092592592592592
1 0.5184895833333333 0.35648148148148145 0.0078125 0.040740740740740744
1 0.6684895833333333 0.38564814814814813 0.013020833333333334 0.04537037037037037
1 0.14713541666666666 0.5412037037037037 0.024479166666666666 0.058333333333333334
1 0.7036458333333333 0.5263888888888889 0.01875 0.06018518518518518
1 0.8338541666666667 0.5231481481481481 0.020833333333333332 0.05555555555555555
1 0.25442708333333336 0.4537037037037037 0.016145833333333335 0.05555555555555555
1 0.8859375 0.4861111111111111 0.017708333333333333 0.04814814814814815
1 0.18125 0.25925925925925924 0.00625 0.025925925925925925
