1 0.7036458333333333 0.4152777777777778 0.015625 0.04722222222222222
1 0.6776041666666667 0.6342592592592593 0.01875 0.08148148148148149
1 0.64765625 0.2671296296296296 0.009895833333333333 0.03981481481481482
1 0.87734375 0.40555555555555556 0.013020833333333334 0.04814814814814815
1 0.07734375 0.649537037037037 0.018229166666666668 0.0787037037037037
1 0.6177083333333333 0.5180555555555556 0.016666666666666666 0.07314814814814814
1 0.9955729166666667 0.5421296296296296 0.0078125 0.05277777777777778
1 0.5671875 0.3939814814814815 0.014583333333333334 0.049074074074074076
1 0.47109375 0.6643518518518519 0.022395833333333334 0.08055555555555556
1 0.56640625 0.300462962962963 0.0067708333333333336 0.03981481481481482
1 0.6986979166666667 0.6166666666666667 0.0171875 0.06851851851851852
1 0.6830729166666667 0.33101851851851855 0.011979166666666667 0.04722222222222222
1 0.36041666666666666 0.3560185185185185 0.010416666666666666 0.05092592592592592
1 0.5552083333333333 0.49212962962962964 0.008333333333333333 0.06574074074074074
1 0.5114583333333333 0.42916666666666664 0.009375 0.058333333333333334
1 0.40625 0.3458333333333333 0.0125 0.04351851851851852
1 0.6114583333333333 0.36064814814814816 0.014583333333333334 0.04722222222222222
1 0.09739583333333333 0.6611111111111111 0.025 0.07592592592592592
1 0.62734375 0.49074074074074076 0.016145833333333335 0.05555555555555555
1 0.81640625 0.48657407407407405 0.011979166666666667 0.058333333333333334
1 0.08854166666666667 0.5435185185185185 0.01875 0.07037037037037037
1 0.9964635416666667 0.5399259259259259 0.006302083333333286 0.011111111111111112
