1 0.8213541666666667 0.44583333333333336 0.015625 0.04537037037037037
1 0.6135416666666667 0.6305555555555555 0.025 0.07962962962962963
1 0.6643229166666667 0.2773148148148148 0.008854166666666666 0.03796296296296296
1 0.8833333333333333 0.399537037037037 0.011458333333333333 0.04537037037037037
1 0.14817708333333332 0.6898148148148148 0.024479166666666666 0.08518518518518518
1 0.58125 0.5268518518518519 0.014583333333333334 0.06666666666666667
1 0.9580729166666667 0.549537037037037 0.018229166666666668 0.06388888888888888
1 0.5302083333333333 0.39490740740740743 0.008333333333333333 0.049074074074074076
1 0.390625 0.6763888888888889 0.027083333333333334 0.07685185185185185
1 0.503125 0.27870370370370373 0.0125 0.040740740740740744
1 0.6307291666666667 0.6222222222222222 0.013541666666666667 0.06851851851851852
1 0.6424479166666667 0.3162037037037037 0.011979166666666667 0.041666666666666664
1 0.28411458333333334 0.36666666666666664 0.0140625 0.05
1 0.49947916666666664 0.4532407407407407 0.01875 0.05462962962962963
1 0.49244791666666665 0.4310185185185185 0.008854166666666666 0.049074074074074076
1 0.33255208333333336 0.3365740740740741 0.011979166666666667 0.04351851851851852
1 0.59453125 0.36018518518518516 0.008854166666666666 0.046296296296296294
1 0.18489583333333334 0.6935185185185185 0.026041666666666668 0.07777777777777778
1 0.5674479166666667 0.5300925925925926 0.011979166666666667 0.062037037037037036
1 0.7721354166666666 0.5 0.024479166666666666 0.05555555555555555
1 0.06145833333333333 0.5708333333333333 0.015625 0.075
1 0.8981770833333333 0.42592592592592593 0.018229166666666668 0.046296296296296294
1 0.81875 0.46620370370370373 0.005208333333333333 0.008333333333333333
