1 0.9122395833333333 0.42268518518518516 0.019270833333333334 0.04722222222222222
1 0.5877604166666667 0.6847222222222222 0.03177083333333333 0.09722222222222222
1 0.7739583333333333 0.22870370370370371 0.0125 0.04259259259259259
1 0.959375 0.3731481481481482 0.016666666666666666 0.053703703703703705
1 0.13958333333333334 0.637962962962963 0.021875 0.08518518518518518
1 0.5950520833333334 0.4875 0.024479166666666666 0.06388888888888888
1 0.5713541666666667 0.3226851851851852 0.009375 0.041666666666666664
1 0.34270833333333334 0.7185185185185186 0.019791666666666666 0.0962962962962963
1 0.5138020833333333 0.19398148148148148 0.009895833333333333 0.03796296296296296
1 0.5786458333333333 0.7777777777777778 0.027083333333333334 0.09259259259259259
1 0.6666666666666666 0.22314814814814815 0.009375 0.04259259259259259
1 0.209375 0.29444444444444445 0.010416666666666666 0.05
1 0.53203125 0.35833333333333334 0.019270833333333334 0.05
1 0.5041666666666667 0.36898148148148147 0.014583333333333334 0.05648148148148148
1 0.26848958333333334 0.25972222222222224 0.011979166666666667 0.03796296296296296
1 0.58125 0.27870370370370373 0.011458333333333333 0.044444444444444446
1 0.17291666666666666 0.6296296296296297 0.01875 0.08518518518518518
1 0.6026041666666667 0.5435185185185185 0.026041666666666668 0.06851851851851852
1 0.9239583333333333 0.45092592592592595 0.022916666666666665 0.05740740740740741
1 0.08802083333333334 0.45092592592592595 0.011458333333333333 0.06851851851851852
1 0.8864583333333333 0.3625 0.027083333333333334 0.04537037037037037
1 0.9543645833333334 0.3955231481481481 0.005854166666666672 0.009194444444444451
1 0.06484375 0.2 0.009895833333333333 0.03518518518518519
