1 0.9286458333333333 0.4615740740740741 0.013541666666666667 0.06018518518518518
1 0.6140625 0.7060185185185185 0.03333333333333333 0.09722222222222222
1 0.7713541666666667 0.25462962962962965 0.011458333333333333 0.04259259259259259
1 0.9526041666666667 0.39537037037037037 0.016666666666666666 0.05185185185185185
1 0.14296875 0.6736111111111112 0.018229166666666668 0.08611111111111111
1 0.6015625 0.5199074074074074 0.014583333333333334 0.06944444444444445
1 0.5580729166666667 0.35324074074074074 0.018229166666666668 0.04351851851851852
1 0.37057291666666664 0.7356481481481482 0.024479166666666666 0.09537037037037037
1 0.5236979166666667 0.22685185185185186 0.0078125 0.037037037037037035
1 0.63515625 0.7685185185185185 0.019270833333333334 0.08518518518518518
1 0.67265625 0.2564814814814815 0.0109375 0.040740740740740744
1 0.22786458333333334 0.325 0.009895833333333333 0.05185185185185185
1 0.53203125 0.39537037037037037 0.011979166666666667 0.05555555555555555
1 0.5013020833333334 0.39490740740740743 0.015104166666666667 0.05462962962962963
1 0.29140625 0.2865740740740741 0.013020833333333334 0.041666666666666664
1 0.58671875 0.31527777777777777 0.009895833333333333 0.04722222222222222
1 0.1734375 0.6888888888888889 0.019791666666666666 0.0962962962962963
1 0.5859375 0.5606481481481481 0.01875 0.075
1 0.9119791666666667 0.4810185185185185 0.025 0.04722222222222222
1 0.09036458333333333 0.4842592592592593 0.0109375 0.07407407407407407
1 0.8755208333333333 0.38842592592592595 0.020833333333333332 0.049074074074074076
1 0.9364635416666667 0.47113888888888894 0.004166666666666667 0.00740740740740746
1 0.06536458333333334 0.22592592592592592 0.009895833333333333 0.03518518518518519
