1 0.6770833333333334 0.42824074074074076 0.016666666666666666 0.05277777777777778
1 0.475 0.6717592592592593 0.03333333333333333 0.07314814814814814
1 0.76875 0.24583333333333332 0.008333333333333333 0.03611111111111111
1 0.8466145833333333 0.4078703703703704 0.015104166666666667 0.05092592592592592
1 0.26510416666666664 0.6018518518518519 0.021875 0.07037037037037037
1 0.47734375 0.5541666666666667 0.0203125 0.05648148148148148
1 0.86171875 0.5337962962962963 0.028645833333333332 0.06018518518518518
1 0.4940104166666667 0.3592592592592593 0.011979166666666667 0.044444444444444446
1 0.10286458333333333 0.7356481481481482 0.044270833333333336 0.04722222222222222
1 0.49921875 0.2125 0.0078125 0.032407407407407406
1 0.22213541666666667 0.85 0.0359375 0.06111111111111111
1 0.60859375 0.2587962962962963 0.009895833333333333 0.03981481481481482
1 0.16041666666666668 0.29305555555555557 0.015625 0.04351851851851852
1 0.45026041666666666 0.41435185185185186 0.018229166666666668 0.05462962962962963
1 0.40390625 0.375 0.018229166666666668 0.044444444444444446
1 0.2125 0.2796296296296296 0.011458333333333333 0.03518518518518519
1 0.5286458333333334 0.2865740740740741 0.015625 0.041666666666666664
1 0.30885416666666665 0.6037037037037037 0.017708333333333333 0.07037037037037037
1 0.51875 0.586574074074074 0.022916666666666665 0.06574074074074074
1 0.8559895833333333 0.5162037037037037 0.015104166666666667 0.05092592592592592
1 0.026302083333333334 0.49444444444444446 0.033854166666666664 0.06481481481481481
1 0.86171875 0.4305555555555556 0.016145833333333335 0.05555555555555555
1 0.10677083333333333 0.5699074074074074 0.010416666666666666 0.013888888888888888
1 0.10571093749999999 0.19941666666666666 0.009619791666666665 0.030240740740740738
