1 0.78203125 0.3337962962962963 0.019270833333333334 0.05092592592592592
1 0.5690104166666666 0.5842592592592593 0.0203125 0.07962962962962963
1 0.7338541666666667 0.17175925925925925 0.010416666666666666 0.03981481481481482
1 0.9229166666666667 0.32175925925925924 0.020833333333333332 0.05462962962962963
1 0.11666666666666667 0.5666666666666667 0.021875 0.07777777777777778
1 0.6135416666666667 0.46064814814814814 0.020833333333333332 0.062037037037037036
1 0.51015625 0.2564814814814815 0.0109375 0.04814814814814815
1 0.30078125 0.7162037037037037 0.024479166666666666 0.09166666666666666
1 0.4515625 0.1300925925925926 0.010416666666666666 0.032407407407407406
1 0.45390625 0.7356481481481482 0.0234375 0.09537037037037037
1 0.6036458333333333 0.1574074074074074 0.009375 0.03148148148148148
1 0.13541666666666666 0.23796296296296296 0.01875 0.046296296296296294
1 0.5213541666666667 0.30972222222222223 0.016666666666666666 0.049074074074074076
1 0.46380208333333334 0.3143518518518518 0.0140625 0.058333333333333334
1 0.17942708333333332 0.1986111111111111 0.011979166666666667 0.03796296296296296
1 0.55078125 0.2101851851851852 0.008854166666666666 0.046296296296296294
1 0.15833333333333333 0.5263888888888889 0.025 0.06018518518518518
1 0.6502604166666667 0.49027777777777776 0.018229166666666668 0.06574074074074074
1 0.9140625 0.4125 0.013541666666666667 0.062037037037037036
1 0.051041666666666666 0.41898148148148145 0.029166666666666667 0.06944444444444445
1 0.9013020833333333 0.3236111111111111 0.0140625 0.05462962962962963
1 0.83203125 0.29444444444444445 0.0067708333333333336 0.009259259259259259
1 0.009895833333333333 0.14722222222222223 0.011458333333333333 0.03888888888888889
