1 0.6822916666666666 0.4 0.0125 0.05185185185185185
1 0.4903645833333333 0.6347222222222222 0.0234375 0.0787037037037037
1 0.7294270833333333 0.22407407407407406 0.009895833333333333 0.03518518518518519
1 0.8455729166666667 0.3768518518518518 0.0140625 0.05185185185185185
1 0.22786458333333334 0.5944444444444444 0.022395833333333334 0.08333333333333333
1 0.49192708333333335 0.5388888888888889 0.0171875 0.07407407407407407
1 0.8755208333333333 0.5194444444444445 0.025 0.06666666666666667
1 0.47604166666666664 0.3287037037037037 0.0125 0.04259259259259259
1 0.13828125 0.750462962962963 0.0328125 0.09166666666666666
1 0.46119791666666665 0.19027777777777777 0.0078125 0.030555555555555555
1 0.2911458333333333 0.8069444444444445 0.034375 0.08425925925925926
1 0.5838541666666667 0.22870370370370371 0.009375 0.03888888888888889
1 0.11432291666666666 0.2861111111111111 0.016145833333333335 0.044444444444444446
1 0.4552083333333333 0.3925925925925926 0.013541666666666667 0.05555555555555555
1 0.3958333333333333 0.3611111111111111 0.015625 0.05185185185185185
1 0.17109375 0.2625 0.0109375 0.03796296296296296
1 0.5200520833333333 0.26851851851851855 0.016145833333333335 0.044444444444444446
1 0.25104166666666666 0.5722222222222222 0.021875 0.07962962962962963
1 0.5515625 0.5662037037037037 0.023958333333333335 0.06759259259259259
1 0.85546875 0.4888888888888889 0.0140625 0.06111111111111111
1 0.008072916666666667 0.48842592592592593 0.0140625 0.06388888888888888
1 0.8546875 0.4013888888888889 0.015625 0.058333333333333334
1 0.203125 0.5138888888888888 0.008333333333333333 0.011111111111111112
1 0.046375000000000006 0.1903148148148148 0.010270833333333333 0.03518518518518519
