1 0.7359375 0.43842592592592594 0.021875 0.05092592592592592
1 0.4515625 0.6402777777777777 0.034375 0.06944444444444445
1 0.9455729166666667 0.48564814814814816 0.019270833333333334 0.05648148148148148
1 0.39166666666666666 0.4930555555555556 0.015625 0.05462962962962963
1 0.521296875 0.5394953703703703 0.0203125 0.057768518518518504
1 0.953125 0.6222222222222222 0.021875 0.05925925925925926
1 0.5971354166666667 0.3662037037037037 0.015104166666666667 0.04351851851851852
1 0.12786458333333334 0.7319444444444444 0.033854166666666664 0.08981481481481482
1 0.6833333333333333 0.2222222222222222 0.008333333333333333 0.03148148148148148
1 0.16067708333333333 0.6611111111111111 0.0359375 0.06296296296296296
1 0.7533854166666667 0.28194444444444444 0.009895833333333333 0.03981481481481482
1 0.40078125 0.23796296296296296 0.008854166666666666 0.02962962962962963
1 0.5388020833333333 0.38333333333333336 0.019270833333333334 0.04814814814814815
1 0.5119791666666667 0.362962962962963 0.0125 0.046296296296296294
1 0.4200520833333333 0.24166666666666667 0.0078125 0.03148148148148148
1 0.6434895833333333 0.274537037037037 0.0067708333333333336 0.03425925925925926
1 0.42890625 0.55 0.019270833333333334 0.05740740740740741
1 0.5190104166666667 0.5643518518518519 0.0171875 0.05092592592592592
1 0.9627604166666667 0.5777777777777777 0.0171875 0.04814814814814815
1 0.23515625 0.36342592592592593 0.018229166666666668 0.05092592592592592
1 0.9802083333333333 0.4912037037037037 0.025 0.05648148148148148
1 0.09348958333333333 0.7916666666666666 0.0109375 0.014814814814814815
1 0.3729973958333333 0.1497962962962963 0.0064635416666666504 0.024000000000000014
