1 0.67890625 0.4425925925925926 0.0203125 0.05555555555555555
1 0.4505208333333333 0.6856481481481481 0.03125 0.06944444444444445
1 0.8205729166666667 0.25601851851851853 0.0109375 0.03611111111111111
1 0.8549479166666667 0.4310185185185185 0.011979166666666667 0.049074074074074076
1 0.29739583333333336 0.5740740740740741 0.019791666666666666 0.053703703703703705
1 0.46458333333333335 0.5537037037037037 0.015625 0.05555555555555555
1 0.8627604166666667 0.5523009259259258 0.0234375 0.06515740740740741
1 0.5182291666666666 0.37777777777777777 0.016666666666666666 0.05
1 0.08723958333333333 0.7481481481481481 0.04010416666666667 0.06666666666666667
1 0.5481770833333334 0.22268518518518518 0.0078125 0.032407407407407406
1 0.14973958333333334 0.8666666666666667 0.04635416666666667 0.08333333333333333
1 0.6427083333333333 0.275 0.011458333333333333 0.037037037037037035
1 0.22552083333333334 0.2828703703703704 0.015625 0.03981481481481482
1 0.4578125 0.4166666666666667 0.021875 0.053703703703703705
1 0.42630208333333336 0.38101851851851853 0.015104166666666667 0.04537037037037037
1 0.26953125 0.2740740740740741 0.0109375 0.025925925925925925
1 0.5473958333333333 0.2898148148148148 0.009375 0.03888888888888889
1 0.36744791666666665 0.6125 0.028645833333333332 0.058333333333333334
1 0.49921875 0.5879629629629629 0.021354166666666667 0.06111111111111111
1 0.86853125 0.5356574074074074 0.014583333333333334 0.057388888888888906
1 0.06666666666666667 0.4689814814814815 0.029166666666666667 0.062037037037037036
1 0.8807291666666667 0.44814814814814813 0.016666666666666666 0.05185185185185185
1 0.05546875 0.8203703703703704 0.009895833333333333 0.016666666666666666
1 0.17666666666666667 0.18996296296296297 0.0078125 0.025925925925925925
