1 0.7333333333333333 0.43703703703703706 0.023958333333333335 0.05
1 0.4515625 0.6407407407407407 0.03125 0.06851851851851852
1 0.9416666666666667 0.48194444444444445 0.022916666666666665 0.05648148148148148
1 0.39088541666666665 0.49537037037037035 0.019270833333333334 0.053703703703703705
1 0.519875 0.5396666666666666 0.019916666666666673 0.058740740740740684
1 0.95078125 0.6175925925925926 0.0203125 0.06296296296296296
1 0.5950520833333334 0.36666666666666664 0.015104166666666667 0.044444444444444446
1 0.12473958333333333 0.7310185185185185 0.03802083333333333 0.08981481481481482
1 0.6791666666666667 0.2222222222222222 0.007291666666666667 0.03148148148148148
1 0.15677083333333333 0.6638888888888889 0.03229166666666667 0.06851851851851852
1 0.74921875 0.2814814814814815 0.013020833333333334 0.03888888888888889
1 0.3958333333333333 0.23842592592592593 0.008333333333333333 0.032407407407407406
1 0.5364583333333334 0.38333333333333336 0.017708333333333333 0.04814814814814815
1 0.5104166666666666 0.36203703703703705 0.015625 0.046296296296296294
1 0.41640625 0.24212962962962964 0.0078125 0.032407407407407406
1 0.640625 0.27361111111111114 0.009375 0.03425925925925926
1 0.4283854166666667 0.5513888888888889 0.0234375 0.058333333333333334
1 0.51875 0.562037037037037 0.017708333333333333 0.05
1 0.9591145833333333 0.5736111111111111 0.0171875 0.04722222222222222
1 0.2296875 0.36574074074074076 0.017708333333333333 0.05185185185185185
1 0.9755208333333333 0.48703703703703705 0.028125 0.05740740740740741
1 0.09270833333333334 0.7837962962962963 0.010416666666666666 0.013888888888888888
1 0.36686718749999997 0.1497962962962963 0.006463541666666709 0.024000000000000014
