1 0.7533854166666667 0.45416666666666666 0.011979166666666667 0.05092592592592592
1 0.44375 0.6328703703703704 0.03333333333333333 0.06944444444444445
1 0.050520833333333334 0.2912037037037037 0.016666666666666666 0.041666666666666664
1 0.9734375 0.5175925925925926 0.019791666666666666 0.05740740740740741
1 0.40859375 0.4824074074074074 0.0171875 0.05185185185185185
1 0.5255 0.5357453703703704 0.02191666666666669 0.04939814814814817
1 0.9794270833333333 0.662962962962963 0.025520833333333333 0.07407407407407407
1 0.6135416666666667 0.3726851851851852 0.01875 0.041666666666666664
1 0.12864583333333332 0.7208333333333333 0.030208333333333334 0.0824074074074074
1 0.7171875 0.2351851851851852 0.009375 0.02962962962962963
1 0.17802604166666666 0.6425601851851851 0.022677083333333313 0.04543518518518523
1 0.7833333333333333 0.29907407407407405 0.0125 0.03888888888888889
1 0.44036458333333334 0.23796296296296296 0.011979166666666667 0.03333333333333333
1 0.5567708333333333 0.3851851851851852 0.015625 0.046296296296296294
1 0.5276041666666667 0.36574074074074076 0.009375 0.04259259259259259
1 0.4546875 0.24722222222222223 0.007291666666666667 0.027777777777777776
1 0.6677083333333333 0.27824074074074073 0.0125 0.03796296296296296
1 0.43307291666666664 0.5412037037037037 0.0171875 0.062037037037037036
1 0.5200520833333333 0.5782407407407407 0.024479166666666666 0.062037037037037036
1 0.9889296875 0.6158148148148147 0.014838541666666672 0.055888888888888905
1 0.2791666666666667 0.34953703703703703 0.017708333333333333 0.04722222222222222
1 0.13984375 0.8351851851851851 0.0078125 0.012962962962962963
1 0.42135416666666664 0.15138888888888888 0.007291666666666667 0.021296296296296296
