1 0.5596354166666667 0.5111111111111111 0.0140625 0.05740740740740741
1 0.08880208333333334 0.5837962962962963 0.022395833333333334 0.06759259259259259
1 0.12291666666666666 0.2351851851851852 0.011458333333333333 0.03888888888888889
1 0.9140625 0.6986111111111111 0.03333333333333333 0.08055555555555556
1 0.15182291666666667 0.4009259259259259 0.016145833333333335 0.05185185185185185
1 0.23723958333333334 0.45694444444444443 0.018229166666666668 0.06018518518518518
1 0.38149479166666667 0.7882962962962963 0.026895833333333327 0.0824074074074074
1 0.43046875 0.34444444444444444 0.013020833333333334 0.046296296296296294
1 0.07552083333333333 0.4638888888888889 0.023958333333333335 0.06111111111111111
1 0.5890625 0.2412037037037037 0.007291666666666667 0.03611111111111111
1 0.23932291666666666 0.6291666666666667 0.022395833333333334 0.06944444444444445
1 0.7447916666666666 0.37175925925925923 0.0125 0.05092592592592592
1 0.33203125 0.2449074074074074 0.009895833333333333 0.03981481481481482
1 0.35 0.3509259259259259 0.014583333333333334 0.05185185185185185
1 0.33203125 0.4 0.009895833333333333 0.05555555555555555
1 0.3875 0.24027777777777778 0.011458333333333333 0.03796296296296296
1 0.43359375 0.30694444444444446 0.0109375 0.04537037037037037
1 0.21458333333333332 0.36018518518518516 0.014583333333333334 0.05
1 0.24140625 0.4351851851851852 0.015104166666666667 0.05185185185185185
1 0.9888125 0.9448148148148149 0.02237500000000002 0.06851851851851862
1 0.46145833333333336 0.6314814814814815 0.019791666666666666 0.06481481481481481
1 0.23255208333333333 0.3162037037037037 0.0109375 0.049074074074074076
1 0.6731770833333334 0.5138888888888888 0.0203125 0.06111111111111111
1 0.37403906249999996 0.7659537037037037 0.00983854166666666 0.0147037037037037
1 0.4265625 0.13425925925925927 0.007291666666666667 0.024074074074074074
