1 0.4401041666666667 0.5523148148148148 0.014583333333333334 0.05092592592592592
1 0.11640625 0.6226851851851852 0.0171875 0.06944444444444445
1 0.078125 0.2953703703703704 0.010416666666666666 0.03888888888888889
1 0.9140625 0.6967592592592593 0.019791666666666666 0.07314814814814814
1 0.10807291666666667 0.4476851851851852 0.013020833333333334 0.05092592592592592
1 0.2046875 0.5037037037037037 0.017708333333333333 0.05555555555555555
1 0.2713541666666667 0.7685185185185185 0.022916666666666665 0.06666666666666667
1 0.38229166666666664 0.3912037037037037 0.010416666666666666 0.04537037037037037
1 0.06380208333333333 0.5259259259259259 0.024479166666666666 0.06111111111111111
1 0.5419270833333333 0.28935185185185186 0.0067708333333333336 0.03425925925925926
1 0.190625 0.6416666666666667 0.017708333333333333 0.06481481481481481
1 0.69453125 0.38472222222222224 0.011979166666666667 0.04722222222222222
1 0.28411458333333334 0.29074074074074074 0.0078125 0.037037037037037035
1 0.30807291666666664 0.3990740740740741 0.009895833333333333 0.046296296296296294
1 0.29270833333333335 0.43796296296296294 0.0125 0.05185185185185185
1 0.34921875 0.27685185185185185 0.0078125 0.03148148148148148
1 0.4080729166666667 0.36064814814814816 0.008854166666666666 0.04351851851851852
1 0.13723958333333333 0.43287037037037035 0.011979166666666667 0.05092592592592592
1 0.23046875 0.48518518518518516 0.0140625 0.053703703703703705
1 0.98125 0.9328703703703703 0.036458333333333336 0.09537037037037037
1 0.28619791666666666 0.6421296296296296 0.011979166666666667 0.06574074074074074
1 0.1890625 0.37592592592592594 0.0125 0.046296296296296294
1 0.525 0.5300925925925926 0.010416666666666666 0.05462962962962963
1 0.36432291666666666 0.6796296296296296 0.008854166666666666 0.011111111111111112
1 0.38046875 0.19305555555555556 0.005729166666666666 0.021296296296296296
