1 0.42473958333333334 0.562962962962963 0.018229166666666668 0.05740740740740741
1 0.12395833333333334 0.6162037037037037 0.019791666666666666 0.06759259259259259
1 0.08046875 0.2972222222222222 0.0109375 0.03888888888888889
1 0.9125 0.6995370370370371 0.023958333333333335 0.075
1 0.11276041666666667 0.45046296296296295 0.013020833333333334 0.049074074074074076
1 0.21171875 0.5013888888888889 0.0140625 0.05462962962962963
1 0.27890625 0.7685185185185185 0.0203125 0.06666666666666667
1 0.38307291666666665 0.38842592592592595 0.008854166666666666 0.04537037037037037
1 0.06692708333333333 0.5194444444444445 0.019270833333333334 0.05740740740740741
1 0.5447916666666667 0.29212962962962963 0.011458333333333333 0.03425925925925926
1 0.18697916666666667 0.6370370370370371 0.017708333333333333 0.06851851851851852
1 0.6953125 0.38055555555555554 0.011458333333333333 0.046296296296296294
1 0.28619791666666666 0.29259259259259257 0.0067708333333333336 0.037037037037037035
1 0.31588541666666664 0.39861111111111114 0.0171875 0.04351851851851852
1 0.2950520833333333 0.4356481481481482 0.008854166666666666 0.05277777777777778
1 0.35104166666666664 0.2763888888888889 0.007291666666666667 0.030555555555555555
1 0.41354166666666664 0.3625 0.013541666666666667 0.04351851851851852
1 0.14348958333333334 0.43703703703703706 0.013020833333333334 0.05
1 0.23567708333333334 0.48842592592592593 0.0140625 0.05462962962962963
1 0.9837760416666667 0.9277777777777778 0.031406249999999976 0.09444444444444444
1 0.28463541666666664 0.6370370370370371 0.0109375 0.06666666666666667
1 0.19609375 0.3787037037037037 0.011979166666666667 0.04259259259259259
1 0.5111979166666667 0.5282407407407408 0.013020833333333334 0.058333333333333334
1 0.4895833333333333 0.6657407407407407 0.008333333333333333 0.011111111111111112
1 0.38307291666666665 0.19490740740740742 0.005729166666666666 0.021296296296296296
