1 0.49140625 0.5092592592592593 0.018229166666666668 0.04814814814814815
1 0.16875 0.6157407407407407 0.020833333333333332 0.07407407407407407
1 0.07473958333333333 0.30972222222222223 0.015104166666666667 0.041666666666666664
1 0.8736979166666666 0.6675925925925926 0.024479166666666666 0.08148148148148149
1 0.17291666666666666 0.4439814814814815 0.01875 0.05277777777777778
1 0.29661458333333335 0.4912037037037037 0.015104166666666667 0.062037037037037036
1 0.36822916666666666 0.850925925925926 0.01875 0.08333333333333333
1 0.40130208333333334 0.3509259259259259 0.0078125 0.040740740740740744
1 0.1109375 0.5305555555555556 0.014583333333333334 0.06851851851851852
1 0.5934895833333333 0.27314814814814814 0.005729166666666666 0.03333333333333333
1 0.17890625 0.5782407407407407 0.016145833333333335 0.062037037037037036
1 0.7580729166666667 0.362962962962963 0.011979166666666667 0.044444444444444446
1 0.3234375 0.28379629629629627 0.008333333333333333 0.03611111111111111
1 0.35572916666666665 0.3638888888888889 0.009375 0.044444444444444446
1 0.34453125 0.4078703703703704 0.009895833333333333 0.049074074074074076
1 0.3809895833333333 0.25555555555555554 0.005729166666666666 0.027777777777777776
1 0.4359375 0.3375 0.007291666666666667 0.041666666666666664
1 0.20833333333333334 0.42407407407407405 0.015625 0.053703703703703705
1 0.26171875 0.5055555555555555 0.018229166666666668 0.05740740740740741
1 0.31354166666666666 0.6407407407407407 0.01875 0.07592592592592592
1 0.24739583333333334 0.3560185185185185 0.010416666666666666 0.049074074074074076
1 0.48125 0.48055555555555557 0.011458333333333333 0.05925925925925926
1 0.85390625 0.6708333333333333 0.0067708333333333336 0.010185185185185186
1 0.3958333333333333 0.20185185185185187 0.007291666666666667 0.025925925925925925
