1 0.5411458333333333 0.5328703703703703 0.01875 0.06018518518518518
1 0.16822916666666668 0.6291666666666667 0.021875 0.07685185185185185
1 0.05755208333333333 0.325 0.015104166666666667 0.04259259259259259
1 0.8690104166666667 0.6425925925925926 0.024479166666666666 0.06481481481481481
1 0.18333333333333332 0.44907407407407407 0.013541666666666667 0.053703703703703705
1 0.3033854166666667 0.4949074074074074 0.011979166666666667 0.06018518518518518
1 0.390625 0.8935185185185185 0.03125 0.08703703703703704
1 0.4 0.3527777777777778 0.008333333333333333 0.04259259259259259
1 0.11145833333333334 0.5300925925925926 0.013541666666666667 0.06759259259259259
1 0.6028645833333334 0.2773148148148148 0.0067708333333333336 0.032407407407407406
1 0.1609375 0.5791666666666667 0.013541666666666667 0.049074074074074076
1 0.7791666666666667 0.3731481481481482 0.013541666666666667 0.04814814814814815
1 0.32708333333333334 0.2875 0.00625 0.03796296296296296
1 0.359375 0.36712962962962964 0.009375 0.04722222222222222
1 0.35 0.4064814814814815 0.009375 0.05
1 0.3848958333333333 0.25787037037037036 0.00625 0.028703703703703703
1 0.4395833333333333 0.3365740740740741 0.007291666666666667 0.04351851851851852
1 0.21588541666666666 0.42592592592592593 0.015104166666666667 0.05185185185185185
1 0.25729166666666664 0.5217592592592593 0.011458333333333333 0.058333333333333334
1 0.31015625 0.6537037037037037 0.015104166666666667 0.07592592592592592
1 0.24557291666666667 0.36064814814814816 0.008854166666666666 0.04722222222222222
1 0.48411458333333335 0.47638888888888886 0.0140625 0.05462962962962963
1 0.8533854166666667 0.6550925925925926 0.0078125 0.01574074074074074
1 0.39348958333333334 0.2101851851851852 0.0078125 0.024074074074074074
