1 0.4625 0.5148148148148148 0.016666666666666666 0.05185185185185185
1 0.16822916666666668 0.6148148148148148 0.019791666666666666 0.07037037037037037
1 0.08489583333333334 0.30833333333333335 0.013541666666666667 0.03888888888888889
1 0.8841145833333334 0.675 0.0265625 0.07407407407407407
1 0.16484375 0.44907407407407407 0.011979166666666667 0.053703703703703705
1 0.2875 0.4976851851851852 0.0125 0.062037037037037036
1 0.35598958333333336 0.8319444444444445 0.022395833333333334 0.08055555555555556
1 0.4010416666666667 0.36157407407407405 0.009375 0.04351851851851852
1 0.10598958333333333 0.5370370370370371 0.015104166666666667 0.06296296296296296
1 0.5885416666666666 0.2800925925925926 0.00625 0.032407407407407406
1 0.184375 0.5879629629629629 0.015625 0.06296296296296296
1 0.7453125 0.3675925925925926 0.008333333333333333 0.044444444444444446
1 0.31979166666666664 0.2902777777777778 0.007291666666666667 0.03611111111111111
1 0.3541666666666667 0.3712962962962963 0.009375 0.044444444444444446
1 0.3385416666666667 0.41574074074074074 0.013541666666666667 0.05
1 0.378125 0.26157407407407407 0.007291666666666667 0.030555555555555555
1 0.43463541666666666 0.3435185185185185 0.0078125 0.040740740740740744
1 0.19921875 0.42916666666666664 0.009895833333333333 0.05092592592592592
1 0.26067708333333334 0.5027777777777778 0.016145833333333335 0.05740740740740741
1 0.315625 0.6393518518518518 0.019791666666666666 0.06944444444444445
1 0.24791666666666667 0.36064814814814816 0.011458333333333333 0.04537037037037037
1 0.4861979166666667 0.48935185185185187 0.011979166666666667 0.05462962962962963
1 0.86953125 0.7 0.0067708333333333336 0.009259259259259259
1 0.3963098958333333 0.20246296296296296 0.007213541666666679 0.024537037037037038
