1 0.6916666666666667 0.549074074074074 0.016666666666666666 0.05185185185185185
1 0.18307291666666667 0.6199074074074075 0.0171875 0.0712962962962963
1 0.06953125 0.4013888888888889 0.0109375 0.04722222222222222
1 0.8838541666666667 0.6560185185185186 0.022916666666666665 0.075
1 0.2786458333333333 0.4675925925925926 0.010416666666666666 0.05185185185185185
1 0.38385416666666666 0.49537037037037035 0.010416666666666666 0.05740740740740741
1 0.4278645833333333 0.9726851851851852 0.03177083333333333 0.05462962962962963
1 0.46953125 0.40046296296296297 0.013020833333333334 0.04351851851851852
1 0.22135416666666666 0.5282407407407408 0.0125 0.062037037037037036
1 0.7153645833333333 0.3453703703703704 0.008854166666666666 0.03333333333333333
1 0.10703125 0.7074074074074074 0.0234375 0.07777777777777778
1 0.8268229166666666 0.4444444444444444 0.011979166666666667 0.04814814814814815
1 0.41875 0.3333333333333333 0.008333333333333333 0.03518518518518519
1 0.440625 0.4023148148148148 0.009375 0.03611111111111111
1 0.4375 0.43425925925925923 0.011458333333333333 0.046296296296296294
1 0.48151041666666666 0.31574074074074077 0.008854166666666666 0.027777777777777776
1 0.5375 0.3824074074074074 0.008333333333333333 0.04259259259259259
1 0.29010416666666666 0.4587962962962963 0.010416666666666666 0.05092592592592592
1 0.31875 0.5819444444444445 0.0125 0.06574074074074074
1 0.3572916666666667 0.6666666666666666 0.014583333333333334 0.07592592592592592
1 0.3307291666666667 0.39861111111111114 0.008333333333333333 0.04722222222222222
1 0.6510416666666666 0.5074074074074074 0.0125 0.05555555555555555
1 0.8213541666666667 0.45740740740740743 0.004166666666666667 0.007407407407407408
1 0.4395833333333333 0.2967592592592593 0.007291666666666667 0.028703703703703703
