1 0.69296875 0.36203703703703705 0.0140625 0.06481481481481481
1 0.19088541666666667 0.4986111111111111 0.022395833333333334 0.06759259259259259
1 0.20026041666666666 0.20046296296296295 0.0140625 0.05092592592592592
1 0.7755208333333333 0.5152777777777777 0.028125 0.075
1 0.37161458333333336 0.27685185185185185 0.0140625 0.05740740740740741
1 0.5252604166666667 0.4148148148148148 0.024479166666666666 0.06851851851851852
1 0.3736979166666667 0.8087962962962963 0.025520833333333333 0.11203703703703703
1 0.5885416666666666 0.22407407407407406 0.0125 0.04814814814814815
1 0.328125 0.37916666666666665 0.03125 0.05648148148148148
1 0.8541666666666666 0.1574074074074074 0.009375 0.040740740740740744
1 0.09114583333333333 0.6986111111111111 0.022916666666666665 0.08981481481481482
1 0.940625 0.35324074074074074 0.015625 0.06759259259259259
1 0.5473958333333333 0.1425925925925926 0.008333333333333333 0.04259259259259259
1 0.6018229166666667 0.287962962962963 0.013020833333333334 0.05925925925925926
1 0.55234375 0.2657407407407407 0.0140625 0.053703703703703705
1 0.5981770833333333 0.12453703703703704 0.0078125 0.03425925925925926
1 0.665625 0.23564814814814813 0.010416666666666666 0.05277777777777778
1 0.41848958333333336 0.262037037037037 0.013020833333333334 0.05740740740740741
1 0.3919270833333333 0.4064814814814815 0.0171875 0.06481481481481481
1 0.37994791666666666 0.4810185185185185 0.025520833333333333 0.05648148148148148
1 0.440625 0.22453703703703703 0.014583333333333334 0.05648148148148148
1 0.74765625 0.37824074074074077 0.0203125 0.06388888888888888
1 0.5776041666666667 0.6694444444444444 0.010416666666666666 0.012962962962962963
1 0.6 0.09675925925925925 0.00625 0.028703703703703703
