1 0.6778645833333333 0.3837962962962963 0.015104166666666667 0.062037037037037036
1 0.16197916666666667 0.5398148148148149 0.030208333333333334 0.07777777777777778
1 0.19895833333333332 0.20694444444444443 0.0125 0.049074074074074076
1 0.7875 0.5356481481481481 0.023958333333333335 0.07685185185185185
1 0.35703125 0.2851851851851852 0.011979166666666667 0.05925925925925926
1 0.49635416666666665 0.43472222222222223 0.017708333333333333 0.0712962962962963
1 0.365625 0.7754629629629629 0.029166666666666667 0.10092592592592593
1 0.58046875 0.23564814814814813 0.0109375 0.049074074074074076
1 0.3026041666666667 0.39490740740740743 0.023958333333333335 0.058333333333333334
1 0.846875 0.16574074074074074 0.009375 0.040740740740740744
1 0.0734375 0.712037037037037 0.029166666666666667 0.09444444444444444
1 0.9380208333333333 0.36574074074074076 0.017708333333333333 0.06851851851851852
1 0.5395833333333333 0.15416666666666667 0.009375 0.04351851851851852
1 0.5861979166666667 0.30694444444444446 0.016145833333333335 0.062037037037037036
1 0.5369791666666667 0.2847222222222222 0.013541666666666667 0.058333333333333334
1 0.5927083333333333 0.1361111111111111 0.008333333333333333 0.03333333333333333
1 0.66328125 0.24953703703703703 0.0109375 0.05462962962962963
1 0.41302083333333334 0.26944444444444443 0.010416666666666666 0.05740740740740741
1 0.37135416666666665 0.42268518518518516 0.023958333333333335 0.06574074074074074
1 0.35078125 0.5199074074074074 0.018229166666666668 0.058333333333333334
1 0.4296875 0.23703703703703705 0.017708333333333333 0.053703703703703705
1 0.7359375 0.4041666666666667 0.01875 0.06944444444444445
1 0.42604166666666665 0.7476851851851852 0.010416666666666666 0.013888888888888888
1 0.596875 0.10648148148148148 0.009375 0.03333333333333333
