1 0.6901041666666666 0.36527777777777776 0.015625 0.06388888888888888
1 0.18671875 0.5013888888888889 0.022395833333333334 0.06574074074074074
1 0.19869791666666667 0.20092592592592592 0.011979166666666667 0.05
1 0.7760416666666666 0.5162037037037037 0.028125 0.075
1 0.37005208333333334 0.2791666666666667 0.0171875 0.05648148148148148
1 0.5213541666666667 0.41805555555555557 0.026041666666666668 0.06759259259259259
1 0.3703125 0.8050925925925926 0.021875 0.11388888888888889
1 0.58671875 0.22546296296296298 0.011979166666666667 0.04722222222222222
1 0.3255208333333333 0.3814814814814815 0.03125 0.05555555555555555
1 0.8520833333333333 0.15787037037037038 0.010416666666666666 0.03981481481481482
1 0.09010416666666667 0.6981481481481482 0.025 0.09259259259259259
1 0.93984375 0.35462962962962963 0.016145833333333335 0.06851851851851852
1 0.54609375 0.14351851851851852 0.008854166666666666 0.04259259259259259
1 0.5997395833333333 0.29074074074074074 0.0140625 0.06111111111111111
1 0.5497395833333333 0.26851851851851855 0.0140625 0.053703703703703705
1 0.596875 0.12638888888888888 0.007291666666666667 0.032407407407407406
1 0.6651041666666667 0.23703703703703705 0.010416666666666666 0.053703703703703705
1 0.41744791666666664 0.2625 0.015104166666666667 0.05648148148148148
1 0.38958333333333334 0.4078703703703704 0.019791666666666666 0.06574074074074074
1 0.375 0.48518518518518516 0.020833333333333332 0.053703703703703705
1 0.43776041666666665 0.225 0.013020833333333334 0.05740740740740741
1 0.7447916666666666 0.3814814814814815 0.019791666666666666 0.06481481481481481
1 0.553125 0.6824074074074075 0.010416666666666666 0.012962962962962963
1 0.5994791666666667 0.09722222222222222 0.007291666666666667 0.02962962962962963
