1 0.5815104166666667 0.4722222222222222 0.0265625 0.06481481481481481
1 0.08723958333333333 0.5851851851851851 0.0234375 0.05925925925925926
1 0.12760416666666666 0.2300925925925926 0.0125 0.04722222222222222
1 0.8486979166666667 0.6212962962962963 0.021354166666666667 0.08888888888888889
1 0.2635416666666667 0.31574074074074077 0.013541666666666667 0.053703703703703705
1 0.4903645833333333 0.4638888888888889 0.027604166666666666 0.06481481481481481
1 0.27421875 0.7597222222222222 0.027604166666666666 0.08796296296296297
1 0.4859375 0.26435185185185184 0.011458333333333333 0.04537037037037037
1 0.24401041666666667 0.4981481481481482 0.0265625 0.06481481481481481
1 0.6778645833333333 0.1814814814814815 0.009895833333333333 0.03518518518518519
1 0.08854166666666667 0.6587962962962963 0.026041666666666668 0.0787037037037037
1 0.8747395833333333 0.35462962962962963 0.0140625 0.05740740740740741
1 0.421875 0.18703703703703703 0.009375 0.03888888888888889
1 0.4786458333333333 0.3351851851851852 0.017708333333333333 0.05
1 0.3953125 0.34305555555555556 0.019791666666666666 0.05462962962962963
1 0.4817708333333333 0.16620370370370371 0.007291666666666667 0.030555555555555555
1 0.5927083333333333 0.2708333333333333 0.010416666666666666 0.04722222222222222
1 0.3177083333333333 0.2800925925925926 0.008333333333333333 0.04722222222222222
1 0.36432291666666666 0.5361111111111111 0.0296875 0.07222222222222222
1 0.41041666666666665 0.6430555555555556 0.019791666666666666 0.07685185185185185
1 0.33645833333333336 0.2638888888888889 0.010416666666666666 0.04814814814814815
1 0.7453125 0.4824074074074074 0.014583333333333334 0.06666666666666667
1 0.8286458333333333 0.6398148148148148 0.007291666666666667 0.011111111111111112
1 0.4786458333333333 0.1259259259259259 0.00625 0.025925925925925925
