1 0.61484375 0.5060185185185185 0.021354166666666667 0.062037037037037036
1 0.14401041666666667 0.5791666666666667 0.0171875 0.07314814814814814
1 0.23463541666666668 0.24675925925925926 0.008854166666666666 0.04537037037037037
1 0.9309895833333334 0.7106481481481481 0.024479166666666666 0.09537037037037037
1 0.33203125 0.34074074074074073 0.016145833333333335 0.05
1 0.49114583333333334 0.5023148148148148 0.022916666666666665 0.058333333333333334
1 0.35 0.7125 0.03229166666666667 0.07314814814814814
1 0.55546875 0.30324074074074076 0.0140625 0.04351851851851852
1 0.27291666666666664 0.5074074074074074 0.01875 0.07037037037037037
1 0.7854166666666667 0.22870370370370371 0.011458333333333333 0.03518518518518519
1 0.15130208333333334 0.6893518518518519 0.028645833333333332 0.08055555555555556
1 0.9427083333333334 0.41805555555555557 0.01875 0.05462962962962963
1 0.5158854166666667 0.2212962962962963 0.0109375 0.040740740740740744
1 0.52578125 0.39490740740740743 0.022395833333333334 0.05277777777777778
1 0.46848958333333335 0.3768518518518518 0.0140625 0.05925925925925926
1 0.5760416666666667 0.2023148148148148 0.009375 0.030555555555555555
1 0.6609375 0.3226851851851852 0.014583333333333334 0.04722222222222222
1 0.40234375 0.3074074074074074 0.013020833333333334 0.046296296296296294
1 0.3515625 0.5578703703703703 0.029166666666666667 0.06944444444444445
1 0.43385416666666665 0.6814814814814815 0.017708333333333333 0.08148148148148149
1 0.4119791666666667 0.2902777777777778 0.011458333333333333 0.04537037037037037
1 0.7489583333333333 0.5342592592592592 0.03229166666666667 0.06851851851851852
1 0.8317708333333333 0.7347222222222223 0.009375 0.013888888888888888
1 0.5682291666666667 0.15787037037037038 0.007291666666666667 0.026851851851851852
