1 0.7096354166666666 0.4550925925925926 0.0203125 0.06759259259259259
1 0.13046875 0.525 0.0234375 0.06851851851851852
1 0.0546875 0.23055555555555557 0.019791666666666666 0.05185185185185185
1 0.7671875 0.6666666666666666 0.023958333333333335 0.07962962962962963
1 0.15963541666666667 0.3712962962962963 0.018229166666666668 0.06666666666666667
1 0.4088541666666667 0.6013888888888889 0.03125 0.06574074074074074
1 0.261015625 0.8064814814814815 0.03421874999999999 0.08518518518518518
1 0.48541666666666666 0.2439814814814815 0.013541666666666667 0.049074074074074076
1 0.2752604166666667 0.43703703703703706 0.0265625 0.06851851851851852
1 0.7338541666666667 0.1486111111111111 0.008333333333333333 0.03796296296296296
1 0.21927083333333333 0.5685185185185185 0.028125 0.06666666666666667
1 0.8875 0.3435185185185185 0.020833333333333332 0.06296296296296296
1 0.38828125 0.1638888888888889 0.0109375 0.044444444444444446
1 0.39348958333333334 0.34629629629629627 0.0203125 0.06296296296296296
1 0.4734375 0.33287037037037037 0.014583333333333334 0.062037037037037036
1 0.44583333333333336 0.14629629629629629 0.008333333333333333 0.03518518518518519
1 0.596875 0.24861111111111112 0.010416666666666666 0.04722222222222222
1 0.24453125 0.37546296296296294 0.024479166666666666 0.06574074074074074
1 0.32890625 0.4050925925925926 0.019270833333333334 0.06388888888888888
1 0.23958333333333334 0.8037037037037037 0.028125 0.08333333333333333
1 0.2713541666666667 0.2569444444444444 0.0125 0.058333333333333334
1 0.6809895833333334 0.6027777777777777 0.0203125 0.08148148148148149
1 0.30546875 0.8495370370370371 0.008854166666666666 0.01574074074074074
1 0.4708333333333333 0.08703703703703704 0.007291666666666667 0.027777777777777776
