1 0.6565104166666667 0.45740740740740743 0.016145833333333335 0.05925925925925926
1 0.1375 0.6162037037037037 0.025 0.08055555555555556
1 0.08645833333333333 0.2337962962962963 0.015625 0.04537037037037037
1 0.7510416666666667 0.5981481481481481 0.019791666666666666 0.07592592592592592
1 0.25390625 0.3106481481481482 0.0171875 0.04351851851851852
1 0.59296875 0.4912037037037037 0.0265625 0.062037037037037036
1 0.36640625 0.8518518518518519 0.027604166666666666 0.1
1 0.4864583333333333 0.24444444444444444 0.011458333333333333 0.04259259259259259
1 0.39505208333333336 0.5226851851851851 0.021354166666666667 0.0712962962962963
1 0.6677083333333333 0.16203703703703703 0.008333333333333333 0.027777777777777776
1 0.11171875 0.6717592592592593 0.021354166666666667 0.08796296296296297
1 0.8890625 0.3296296296296296 0.016666666666666666 0.053703703703703705
1 0.39453125 0.18009259259259258 0.0109375 0.03796296296296296
1 0.465625 0.3087962962962963 0.01875 0.04722222222222222
1 0.4283854166666667 0.32731481481481484 0.011979166666666667 0.05462962962962963
1 0.46015625 0.15324074074074073 0.008854166666666666 0.030555555555555555
1 0.6184895833333334 0.25601851851851853 0.011979166666666667 0.03981481481481482
1 0.31692708333333336 0.29074074074074074 0.0140625 0.037037037037037035
1 0.46901041666666665 0.5305555555555556 0.024479166666666666 0.07407407407407407
1 0.4549479166666667 0.586574074074074 0.0140625 0.07685185185185185
1 0.31302083333333336 0.2726851851851852 0.011458333333333333 0.04722222222222222
1 0.7497395833333333 0.5222222222222223 0.027604166666666666 0.06851851851851852
1 0.7075520833333333 0.6273148148148148 0.0067708333333333336 0.012037037037037037
1 0.4544270833333333 0.11666666666666667 0.0078125 0.025925925925925925
