1 0.7098958333333333 0.337037037037037 0.010416666666666666 0.07222222222222222
1 0.41796875 0.8444444444444444 0.034895833333333334 0.1
1 0.86875 0.3837962962962963 0.017708333333333333 0.08055555555555556
1 0.03515625 0.24537037037037038 0.0140625 0.06481481481481481
1 0.42552083333333335 0.5300925925925926 0.01875 0.09722222222222222
1 0.9057291666666667 0.5194444444444445 0.020833333333333332 0.09074074074074075
1 0.6294270833333333 0.2671296296296296 0.009895833333333333 0.06759259259259259
1 0.23932291666666666 0.35138888888888886 0.019270833333333334 0.075
1 0.7052083333333333 0.2064814814814815 0.011458333333333333 0.05925925925925926
1 0.5986979166666667 0.6578703703703703 0.022395833333333334 0.10462962962962963
1 0.7963541666666667 0.25787037037037036 0.0125 0.06759259259259259
1 0.39921875 0.18611111111111112 0.0078125 0.05740740740740741
1 0.41328125 0.37592592592592594 0.009895833333333333 0.07592592592592592
1 0.4822916666666667 0.19537037037037036 0.011458333333333333 0.05925925925925926
1 0.5653645833333333 0.1837962962962963 0.008854166666666666 0.05277777777777778
1 0.43802083333333336 0.2564814814814815 0.013541666666666667 0.06666666666666667
1 0.4361979166666667 0.18009259259259258 0.008854166666666666 0.05462962962962963
1 0.5458333333333333 0.3824074074074074 0.016666666666666666 0.07592592592592592
1 0.41822916666666665 0.6981481481481482 0.028125 0.0962962962962963
1 0.275 0.20925925925925926 0.008333333333333333 0.06296296296296296
1 0.41015625 0.3453703703703704 0.016145833333333335 0.07407407407407407
1 0.4205729166666667 0.28055555555555556 0.005729166666666666 0.011111111111111112
1 0.17109375 0.06111111111111111 0.008854166666666666 0.03888888888888889
