1 0.715625 0.3365740740740741 0.010416666666666666 0.0712962962962963
1 0.4239583333333333 0.8430555555555556 0.035416666666666666 0.09907407407407408
1 0.8630208333333333 0.38333333333333336 0.016666666666666666 0.07777777777777778
1 0.04140625 0.24074074074074073 0.0140625 0.06666666666666667
1 0.43307291666666664 0.5277777777777778 0.021354166666666667 0.09814814814814815
1 0.90234375 0.5157407407407407 0.022395833333333334 0.09259259259259259
1 0.6401041666666667 0.26805555555555555 0.011458333333333333 0.06388888888888888
1 0.25026041666666665 0.34953703703703703 0.011979166666666667 0.08055555555555556
1 0.7111979166666667 0.20694444444444443 0.009895833333333333 0.058333333333333334
1 0.5997395833333333 0.6527777777777778 0.021354166666666667 0.1
1 0.8046875 0.262037037037037 0.010416666666666666 0.06666666666666667
1 0.4049479166666667 0.18472222222222223 0.0078125 0.05648148148148148
1 0.41796875 0.37407407407407406 0.009895833333333333 0.07777777777777778
1 0.49453125 0.19305555555555556 0.0109375 0.05648148148148148
1 0.57109375 0.18333333333333332 0.009895833333333333 0.05185185185185185
1 0.44166666666666665 0.25601851851851853 0.011458333333333333 0.06574074074074074
1 0.44192708333333336 0.17962962962962964 0.009895833333333333 0.053703703703703705
1 0.55859375 0.3861111111111111 0.011979166666666667 0.08333333333333333
1 0.4231770833333333 0.6967592592592593 0.028645833333333332 0.09537037037037037
1 0.28125 0.20694444444444443 0.008333333333333333 0.06388888888888888
1 0.41067708333333336 0.34444444444444444 0.015104166666666667 0.07592592592592592
1 0.42552083333333335 0.2791666666666667 0.00625 0.012037037037037037
1 0.17734375 0.05935185185185184 0.008854166666666666 0.0387037037037037
