1 0.64921875 0.3148148148148148 0.009895833333333333 0.07592592592592592
1 0.3578125 0.8490740740740741 0.03229166666666667 0.10740740740740741
1 0.8018229166666667 0.3574074074074074 0.015104166666666667 0.08148148148148149
1 0.3536458333333333 0.5175925925925926 0.01875 0.1
1 0.8484375 0.4976851851851852 0.019791666666666666 0.09351851851851851
1 0.5723958333333333 0.24861111111111112 0.010416666666666666 0.06574074074074074
1 0.17994791666666668 0.350462962962963 0.018229166666666668 0.0824074074074074
1 0.6401041666666667 0.18333333333333332 0.009375 0.05925925925925926
1 0.5317708333333333 0.6416666666666667 0.01875 0.1
1 0.7361979166666667 0.2351851851851852 0.0109375 0.07037037037037037
1 0.32838541666666665 0.17037037037037037 0.0078125 0.06111111111111111
1 0.34322916666666664 0.3675925925925926 0.014583333333333334 0.07962962962962963
1 0.43072916666666666 0.18564814814814815 0.013541666666666667 0.062037037037037036
1 0.4984375 0.16296296296296298 0.009375 0.05555555555555555
1 0.3658854166666667 0.24444444444444444 0.0140625 0.06666666666666667
1 0.35598958333333336 0.16527777777777777 0.0109375 0.05462962962962963
1 0.49140625 0.37592592592592594 0.011979166666666667 0.07962962962962963
1 0.3580729166666667 0.7032407407407407 0.03177083333333333 0.09351851851851851
1 0.1984375 0.19814814814814816 0.009375 0.06666666666666667
1 0.3489583333333333 0.33240740740740743 0.014583333333333334 0.07407407407407407
1 0.3515625 0.2675925925925926 0.005208333333333333 0.011111111111111112
1 0.08463541666666667 0.046296296296296294 0.008854166666666666 0.04259259259259259
