1 0.6302083333333334 0.31574074074074077 0.0125 0.07407407407407407
1 0.35182291666666665 0.8490740740740741 0.044270833333333336 0.11481481481481481
1 0.7817708333333333 0.3527777777777778 0.01875 0.07962962962962963
1 0.36041666666666666 0.5259259259259259 0.03333333333333333 0.09814814814814815
1 0.8401041666666667 0.5 0.019791666666666666 0.09444444444444444
1 0.5479166666666667 0.24675925925925926 0.013541666666666667 0.06574074074074074
1 0.15755208333333334 0.35833333333333334 0.013020833333333334 0.07962962962962963
1 0.6028645833333334 0.18611111111111112 0.011979166666666667 0.05925925925925926
1 0.5002604166666667 0.6222222222222222 0.019270833333333334 0.10185185185185185
1 0.7140625 0.23148148148148148 0.013541666666666667 0.07037037037037037
1 0.30494791666666665 0.1736111111111111 0.009895833333333333 0.05648148148148148
1 0.32369791666666664 0.36712962962962964 0.011979166666666667 0.0824074074074074
1 0.4354166666666667 0.19490740740740742 0.014583333333333334 0.05648148148148148
1 0.47760416666666666 0.16157407407407406 0.008333333333333333 0.05648148148148148
1 0.33489583333333334 0.2439814814814815 0.016666666666666666 0.06388888888888888
1 0.328125 0.17037037037037037 0.016666666666666666 0.04259259259259259
1 0.47369791666666666 0.375 0.0140625 0.07962962962962963
1 0.37161458333333336 0.6986111111111111 0.044270833333333336 0.09722222222222222
1 0.17682291666666666 0.19907407407407407 0.009895833333333333 0.06666666666666667
1 0.3338541666666667 0.3347222222222222 0.015625 0.06759259259259259
1 0.22682291666666668 0.26666666666666666 0.0078125 0.011111111111111112
1 0.05807291666666667 0.04722222222222222 0.008854166666666666 0.040740740740740744
