1 0.6294270833333333 0.31203703703703706 0.009895833333333333 0.07592592592592592
1 0.34088541666666666 0.8546296296296296 0.033854166666666664 0.1037037037037037
1 0.7807291666666667 0.3541666666666667 0.013541666666666667 0.0787037037037037
1 0.3341145833333333 0.5175925925925926 0.0203125 0.1
1 0.8424479166666666 0.4981481481481482 0.022395833333333334 0.09814814814814815
1 0.5520833333333334 0.24675925925925926 0.010416666666666666 0.06574074074074074
1 0.15755208333333334 0.3578703703703704 0.0171875 0.08055555555555556
1 0.6083333333333333 0.1837962962962963 0.011458333333333333 0.058333333333333334
1 0.5140625 0.6314814814814815 0.01875 0.10185185185185185
1 0.7153645833333333 0.23194444444444445 0.0109375 0.06944444444444445
1 0.3065104166666667 0.1699074074074074 0.0078125 0.062037037037037036
1 0.32447916666666665 0.3685185185185185 0.0125 0.07962962962962963
1 0.425 0.19027777777777777 0.020833333333333332 0.062037037037037036
1 0.478125 0.16157407407407406 0.008333333333333333 0.05648148148148148
1 0.34479166666666666 0.24444444444444444 0.014583333333333334 0.06666666666666667
1 0.33671875 0.1638888888888889 0.009895833333333333 0.05555555555555555
1 0.47213541666666664 0.375 0.011979166666666667 0.07962962962962963
1 0.33932291666666664 0.7032407407407407 0.025520833333333333 0.09907407407407408
1 0.17578125 0.19907407407407407 0.008854166666666666 0.06666666666666667
1 0.32473958333333336 0.3194444444444444 0.0140625 0.04814814814814815
1 0.33098958333333334 0.26851851851851855 0.005729166666666666 0.011111111111111112
1 0.05963541666666667 0.046296296296296294 0.008854166666666666 0.040740740740740744
