1 0.646875 0.33194444444444443 0.017708333333333333 0.07314814814814814
1 0.471875 0.8101851851851852 0.04895833333333333 0.11851851851851852
1 0.8130208333333333 0.3625 0.028125 0.07685185185185185
1 0.42265625 0.5259259259259259 0.03177083333333333 0.0962962962962963
1 0.8619791666666666 0.5138888888888888 0.03125 0.09074074074074075
1 0.53984375 0.2587962962962963 0.0140625 0.062037037037037036
1 0.18151041666666667 0.375 0.027604166666666666 0.06851851851851852
1 0.6026041666666667 0.19074074074074074 0.0125 0.05740740740740741
1 0.5294270833333333 0.5842592592592593 0.0265625 0.09074074074074075
1 0.7255208333333333 0.23194444444444445 0.015625 0.06759259259259259
1 0.2872395833333333 0.19398148148148148 0.018229166666666668 0.06018518518518518
1 0.3216145833333333 0.37222222222222223 0.011979166666666667 0.07962962962962963
1 0.46640625 0.20694444444444443 0.0140625 0.06574074074074074
1 0.47552083333333334 0.1685185185185185 0.009375 0.05185185185185185
1 0.3802083333333333 0.24675925925925926 0.014583333333333334 0.06018518518518518
1 0.27291666666666664 0.20787037037037037 0.020833333333333332 0.05648148148148148
1 0.50078125 0.3875 0.025520833333333333 0.0787037037037037
1 0.5518229166666667 0.649537037037037 0.03697916666666667 0.10092592592592593
1 0.17161458333333332 0.2162037037037037 0.015104166666666667 0.062037037037037036
1 0.4192708333333333 0.3277777777777778 0.028125 0.06851851851851852
1 0.05234375 0.05138888888888889 0.008854166666666666 0.03981481481481482
