1 0.634375 0.32222222222222224 0.016666666666666666 0.07222222222222222
1 0.40286458333333336 0.8356481481481481 0.0484375 0.10833333333333334
1 0.7927083333333333 0.3574074074074074 0.020833333333333332 0.07962962962962963
1 0.38984375 0.5268518518518519 0.027604166666666666 0.0962962962962963
1 0.8434895833333333 0.5032407407407408 0.028645833333333332 0.08981481481481482
1 0.54375 0.24953703703703703 0.011458333333333333 0.06574074074074074
1 0.16666666666666666 0.36203703703703705 0.01875 0.07592592592592592
1 0.60078125 0.1884259259259259 0.009895833333333333 0.058333333333333334
1 0.4942708333333333 0.6083333333333333 0.027083333333333334 0.09444444444444444
1 0.7169270833333333 0.23194444444444445 0.015104166666666667 0.06759259259259259
1 0.2981770833333333 0.18101851851851852 0.0171875 0.058333333333333334
1 0.32317708333333334 0.36712962962962964 0.009895833333333333 0.0824074074074074
1 0.44947916666666665 0.19814814814814816 0.014583333333333334 0.06111111111111111
1 0.47708333333333336 0.16203703703703703 0.008333333333333333 0.05555555555555555
1 0.3533854166666667 0.24305555555555555 0.015104166666666667 0.06388888888888888
1 0.31171875 0.1865740740740741 0.015104166666666667 0.04722222222222222
1 0.4796875 0.37962962962962965 0.01875 0.07777777777777778
1 0.4479166666666667 0.6759259259259259 0.0375 0.09444444444444444
1 0.17942708333333332 0.20277777777777778 0.011979166666666667 0.06111111111111111
1 0.3651041666666667 0.3337962962962963 0.029166666666666667 0.06574074074074074
1 0.06666666666666667 0.27175925925925926 0.007291666666666667 0.010185185185185186
1 0.05859375 0.047685185185185185 0.008854166666666666 0.041666666666666664
