1 0.6411458333333333 0.33101851851851855 0.023958333333333335 0.07314814814814814
1 0.4432291666666667 0.8189814814814815 0.041666666666666664 0.11574074074074074
1 0.809375 0.3587962962962963 0.017708333333333333 0.08055555555555556
1 0.4114583333333333 0.524537037037037 0.026041666666666668 0.09351851851851851
1 0.8557291666666667 0.5078703703703704 0.029166666666666667 0.09166666666666666
1 0.5424479166666667 0.25416666666666665 0.013020833333333334 0.06388888888888888
1 0.17708333333333334 0.36574074074074076 0.016666666666666666 0.07592592592592592
1 0.6015625 0.19027777777777777 0.013541666666666667 0.05648148148148148
1 0.5104166666666666 0.5898148148148148 0.035416666666666666 0.08518518518518518
1 0.7229166666666667 0.23333333333333334 0.014583333333333334 0.06666666666666667
1 0.2947916666666667 0.1912037037037037 0.020833333333333332 0.06944444444444445
1 0.3234375 0.36944444444444446 0.010416666666666666 0.08148148148148149
1 0.46041666666666664 0.20185185185185187 0.014583333333333334 0.06296296296296296
1 0.47682291666666665 0.16666666666666666 0.008854166666666666 0.053703703703703705
1 0.36953125 0.24259259259259258 0.015104166666666667 0.06666666666666667
1 0.2950416666666667 0.20085185185185186 0.01994791666666664 0.053925925925925905
1 0.49453125 0.38055555555555554 0.013020833333333334 0.07962962962962963
1 0.5083333333333333 0.6541666666666667 0.04375 0.09351851851851851
1 0.17682291666666666 0.20601851851851852 0.011979166666666667 0.06388888888888888
1 0.39739583333333334 0.3296296296296296 0.030208333333333334 0.06666666666666667
1 0.05703125 0.049074074074074076 0.008854166666666666 0.040740740740740744
