1 0.6294270833333333 0.31203703703703706 0.0109375 0.07407407407407407
1 0.34661458333333334 0.850462962962963 0.033854166666666664 0.11203703703703703
1 0.7809895833333333 0.3527777777777778 0.016145833333333335 0.07962962962962963
1 0.34791666666666665 0.5189814814814815 0.017708333333333333 0.10277777777777777
1 0.8401041666666667 0.4986111111111111 0.019791666666666666 0.09537037037037037
1 0.55078125 0.2462962962962963 0.009895833333333333 0.06481481481481481
1 0.15677083333333333 0.3578703703703704 0.015625 0.08055555555555556
1 0.6036458333333333 0.18425925925925926 0.013541666666666667 0.05925925925925926
1 0.50703125 0.6277777777777778 0.022395833333333334 0.10185185185185185
1 0.7140625 0.23148148148148148 0.0125 0.07037037037037037
1 0.30546875 0.1699074074074074 0.008854166666666666 0.062037037037037036
1 0.32395833333333335 0.3685185185185185 0.0125 0.07962962962962963
1 0.4283854166666667 0.19074074074074074 0.019270833333333334 0.06111111111111111
1 0.47760416666666666 0.16064814814814815 0.008333333333333333 0.05648148148148148
1 0.33515625 0.24444444444444444 0.0140625 0.06296296296296296
1 0.33567708333333335 0.16712962962962963 0.018229166666666668 0.049074074074074076
1 0.47239583333333335 0.37453703703703706 0.0125 0.08055555555555556
1 0.34453125 0.7027777777777777 0.03802083333333333 0.1
1 0.17526041666666667 0.2 0.008854166666666666 0.06666666666666667
1 0.32526041666666666 0.3333333333333333 0.015104166666666667 0.07407407407407407
1 0.3216145833333333 0.26805555555555555 0.0078125 0.012037037037037037
1 0.05859375 0.04722222222222222 0.008854166666666666 0.040740740740740744
