1 0.6390625 0.33055555555555555 0.025 0.07222222222222222
1 0.434375 0.8199074074074074 0.046875 0.11574074074074074
1 0.80703125 0.3574074074074074 0.018229166666666668 0.08148148148148149
1 0.40703125 0.525 0.027604166666666666 0.09074074074074075
1 0.8518229166666667 0.5078703703703704 0.03177083333333333 0.09166666666666666
1 0.5424479166666667 0.25324074074074077 0.013020833333333334 0.06388888888888888
1 0.175 0.3625 0.015625 0.07685185185185185
1 0.6018229166666667 0.18935185185185185 0.013020833333333334 0.05648148148148148
1 0.50859375 0.5837962962962963 0.03177083333333333 0.06759259259259259
1 0.7223958333333333 0.2324074074074074 0.013541666666666667 0.06666666666666667
1 0.29765625 0.18981481481481483 0.024479166666666666 0.06666666666666667
1 0.32369791666666664 0.3685185185185185 0.009895833333333333 0.08148148148148149
1 0.45807291666666666 0.2023148148148148 0.016145833333333335 0.062037037037037036
1 0.47708333333333336 0.1648148148148148 0.008333333333333333 0.053703703703703705
1 0.36666666666666664 0.24259259259259258 0.016666666666666666 0.06666666666666667
1 0.298421875 0.1998888888888889 0.022885416666666696 0.05496296296296298
1 0.49192708333333335 0.3787037037037037 0.0140625 0.07962962962962963
1 0.49947916666666664 0.6587962962962963 0.036458333333333336 0.08981481481481482
1 0.17682291666666666 0.20324074074074075 0.011979166666666667 0.062037037037037036
1 0.3927083333333333 0.3314814814814815 0.030208333333333334 0.06851851851851852
1 0.0013020833333333333 0.2759259259259259 0.0026041666666666665 0.012962962962962963
1 0.05703125 0.04814814814814815 0.008854166666666666 0.040740740740740744
