1 0.7013020833333333 0.3625 0.024479166666666666 0.0712962962962963
1 0.621875 0.7597222222222222 0.040625 0.11944444444444445
1 0.85703125 0.36898148148148147 0.0234375 0.075
1 0.515625 0.5236111111111111 0.023958333333333335 0.08796296296296297
1 0.9244791666666666 0.5287037037037037 0.03125 0.08888888888888889
1 0.56015625 0.29907407407407405 0.021354166666666667 0.06481481481481481
1 0.2638020833333333 0.42453703703703705 0.0203125 0.0787037037037037
1 0.6229166666666667 0.2175925925925926 0.016666666666666666 0.05740740740740741
1 0.6377604166666667 0.549537037037037 0.0328125 0.08425925925925926
1 0.759375 0.24953703703703703 0.015625 0.06018518518518518
1 0.29453125 0.2412037037037037 0.018229166666666668 0.05462962962962963
1 0.33984375 0.412962962962963 0.0234375 0.07222222222222222
1 0.5052083333333334 0.23935185185185184 0.014583333333333334 0.06759259259259259
1 0.47890625 0.19537037037037036 0.015104166666666667 0.05555555555555555
1 0.453125 0.26481481481481484 0.022916666666666665 0.06111111111111111
1 0.12711458333333334 0.2562731481481481 0.021593750000000005 0.06230555555555557
1 0.5549479166666667 0.41944444444444445 0.0265625 0.07962962962962963
1 0.7567708333333333 0.6259259259259259 0.035416666666666666 0.09444444444444444
1 0.12979166666666667 0.25833333333333336 0.01958333333333333 0.06481481481481481
1 0.5380208333333333 0.3287037037037037 0.021875 0.06851851851851852
1 0.04895833333333333 0.07777777777777778 0.009375 0.037037037037037035
