1 0.75703125 0.4263888888888889 0.022395833333333334 0.05277777777777778
1 0.7049479166666667 0.6828703703703703 0.028645833333333332 0.09722222222222222
1 0.8666666666666667 0.42268518518518516 0.026041666666666668 0.05092592592592592
1 0.027604166666666666 0.36467592592592596 0.014583333333333334 0.0386111111111111
1 0.6106770833333334 0.5375 0.0171875 0.0712962962962963
1 0.9578125 0.5578703703703703 0.023958333333333335 0.07314814814814814
1 0.63125 0.38287037037037036 0.016666666666666666 0.05277777777777778
1 0.39036458333333335 0.49722222222222223 0.019270833333333334 0.07037037037037037
1 0.6513020833333333 0.2972222222222222 0.009895833333333333 0.04814814814814815
1 0.7309895833333333 0.5722222222222222 0.0140625 0.06851851851851852
1 0.775 0.32685185185185184 0.020833333333333332 0.046296296296296294
1 0.4114583333333333 0.32314814814814813 0.016666666666666666 0.05185185185185185
1 0.46458333333333335 0.4787037037037037 0.020833333333333332 0.06481481481481481
1 0.55234375 0.32546296296296295 0.018229166666666668 0.04537037037037037
1 0.5111979166666667 0.28703703703703703 0.009895833333333333 0.03888888888888889
1 0.5638020833333334 0.33611111111111114 0.0203125 0.04814814814814815
1 0.030208333333333334 0.3925925925925926 0.020833333333333332 0.05555555555555555
1 0.6283854166666667 0.4773148148148148 0.018229166666666668 0.06759259259259259
1 0.8942708333333333 0.6101851851851852 0.029166666666666667 0.07777777777777778
1 0.15677083333333333 0.3435185185185185 0.014583333333333334 0.05
1 0.6557291666666667 0.3819444444444444 0.017708333333333333 0.05462962962962963
1 0.2644947916666667 0.21627777777777776 0.007677083333333367 0.010518518518518505
1 0.13066145833333334 0.1849953703703704 0.00877083333333335 0.032361111111111125
