1 0.7830729166666667 0.45416666666666666 0.018229166666666668 0.049074074074074076
1 0.73203125 0.6578703703703703 0.024479166666666666 0.0787037037037037
1 0.9828125 0.3074074074074074 0.013541666666666667 0.04259259259259259
1 0.8838541666666667 0.4439814814814815 0.025 0.05092592592592592
1 0.10442708333333334 0.39490740740740743 0.011979166666666667 0.04722222222222222
1 0.6434895833333333 0.5425925925925926 0.021354166666666667 0.06666666666666667
1 0.9692708333333333 0.5740740740740741 0.01875 0.06296296296296296
1 0.6645833333333333 0.4064814814814815 0.020833333333333332 0.05185185185185185
1 0.4453125 0.5152777777777777 0.023958333333333335 0.062037037037037036
1 0.6677083333333333 0.32546296296296295 0.010416666666666666 0.04537037037037037
1 0.7661458333333333 0.5833333333333334 0.017708333333333333 0.06851851851851852
1 0.7955729166666666 0.36157407407407405 0.015104166666666667 0.041666666666666664
1 0.46901041666666665 0.3439814814814815 0.011979166666666667 0.04722222222222222
1 0.528125 0.4912037037037037 0.026041666666666668 0.06018518518518518
1 0.5802083333333333 0.35509259259259257 0.0125 0.04722222222222222
1 0.5375 0.3194444444444444 0.009375 0.03518518518518519
1 0.6075520833333333 0.36342592592592593 0.019270833333333334 0.04722222222222222
1 0.06536458333333334 0.44074074074074077 0.016145833333333335 0.05555555555555555
1 0.66484375 0.49074074074074076 0.019270833333333334 0.05555555555555555
1 0.9182291666666667 0.600925925925926 0.017708333333333333 0.07592592592592592
1 0.21640625 0.3726851851851852 0.013020833333333334 0.049074074074074076
1 0.6963541666666667 0.39814814814814814 0.01875 0.05
1 0.474671875 0.18912037037037038 0.004562499999999995 0.006851851851851831
1 0.18714322916666667 0.22238425925925928 0.010505208333333313 0.03091666666666668
