1 0.6723958333333333 0.35324074074074074 0.026041666666666668 0.0712962962962963
1 0.5700520833333333 0.7773148148148148 0.049479166666666664 0.11574074074074074
1 0.83671875 0.36712962962962964 0.0140625 0.08055555555555556
1 0.47630208333333335 0.5273148148148148 0.0328125 0.09351851851851851
1 0.89609375 0.5236111111111111 0.03177083333333333 0.09166666666666666
1 0.54296875 0.2851851851851852 0.0171875 0.06296296296296296
1 0.22786458333333334 0.4060185185185185 0.0234375 0.075
1 0.6078125 0.20787037037037037 0.014583333333333334 0.05462962962962963
1 0.5919270833333333 0.5564814814814815 0.0296875 0.08888888888888889
1 0.7385416666666667 0.24444444444444444 0.021875 0.05925925925925926
1 0.2796875 0.22407407407407406 0.016666666666666666 0.05555555555555555
1 0.32265625 0.39490740740740743 0.021354166666666667 0.06574074074074074
1 0.4859375 0.23194444444444445 0.01875 0.062037037037037036
1 0.4708333333333333 0.18333333333333332 0.010416666666666666 0.05740740740740741
1 0.41770833333333335 0.25972222222222224 0.026041666666666668 0.06018518518518518
1 0.17942708333333332 0.24259259259259258 0.024479166666666666 0.06111111111111111
1 0.5307291666666667 0.4023148148148148 0.015625 0.08055555555555556
1 0.6830729166666667 0.6282407407407408 0.04114583333333333 0.09351851851851851
1 0.1453125 0.2449074074074074 0.022916666666666665 0.06759259259259259
1 0.4940104166666667 0.32916666666666666 0.0171875 0.06574074074074074
1 0.04140625 0.06805555555555555 0.0078125 0.03796296296296296
