1 0.7736979166666667 0.4425925925925926 0.016145833333333335 0.05185185185185185
1 0.7174479166666666 0.6652777777777777 0.0296875 0.08425925925925926
1 0.9916666666666667 0.2967592592592593 0.013541666666666667 0.04351851851851852
1 0.8776041666666666 0.4375 0.023958333333333335 0.05277777777777778
1 0.07604166666666666 0.38564814814814813 0.014583333333333334 0.049074074074074076
1 0.6317708333333333 0.5412037037037037 0.025 0.0712962962962963
1 0.9627604166666667 0.5666666666666667 0.021354166666666667 0.06296296296296296
1 0.653125 0.39861111111111114 0.0125 0.05092592592592592
1 0.425 0.5069444444444444 0.020833333333333332 0.06388888888888888
1 0.6604166666666667 0.3162037037037037 0.0125 0.04351851851851852
1 0.74921875 0.5805555555555556 0.0234375 0.06481481481481481
1 0.7856770833333333 0.34953703703703703 0.018229166666666668 0.041666666666666664
1 0.44557291666666665 0.33935185185185185 0.016145833333333335 0.04722222222222222
1 0.5049479166666667 0.48842592592592593 0.0171875 0.062037037037037036
1 0.5703125 0.3435185185185185 0.015625 0.05
1 0.5278645833333333 0.3060185185185185 0.0109375 0.03981481481481482
1 0.5903645833333333 0.3541666666666667 0.018229166666666668 0.049074074074074076
1 0.053125 0.4236111111111111 0.013541666666666667 0.05648148148148148
1 0.64921875 0.4875 0.021354166666666667 0.058333333333333334
1 0.9122395833333333 0.6069444444444444 0.022395833333333334 0.075
1 0.19348958333333333 0.3638888888888889 0.013020833333333334 0.04814814814814815
1 0.6815104166666667 0.39166666666666666 0.019270833333333334 0.05185185185185185
1 0.16698177083333335 0.2066759259259259 0.009598958333333336 0.02937037037037037
