1 0.7330729166666666 0.399537037037037 0.0234375 0.06574074074074074
1 0.6822916666666666 0.7050925925925926 0.021875 0.10277777777777777
1 0.8572916666666667 0.3925925925925926 0.028125 0.05925925925925926
1 0.5721354166666667 0.5277777777777778 0.03177083333333333 0.08333333333333333
1 0.94765625 0.5462962962962963 0.024479166666666666 0.08333333333333333
1 0.5953125 0.3509259259259259 0.021875 0.05925925925925926
1 0.33671875 0.4736111111111111 0.027604166666666666 0.07685185185185185
1 0.634375 0.2675925925925926 0.014583333333333334 0.053703703703703705
1 0.6966145833333334 0.5587962962962963 0.019270833333333334 0.07685185185185185
1 0.7666666666666667 0.28888888888888886 0.016666666666666666 0.05925925925925926
1 0.35598958333333336 0.29212962962962963 0.019270833333333334 0.05462962962962963
1 0.40546875 0.45925925925925926 0.021354166666666667 0.07037037037037037
1 0.5296875 0.28888888888888886 0.0125 0.05740740740740741
1 0.48880208333333336 0.24768518518518517 0.016145833333333335 0.04722222222222222
1 0.5177083333333333 0.3060185185185185 0.01875 0.05462962962962963
1 0.01953125 0.34074074074074073 0.024479166666666666 0.05740740740740741
1 0.5979166666666667 0.4583333333333333 0.027083333333333334 0.07407407407407407
1 0.8604166666666667 0.6157407407407407 0.03229166666666667 0.09074074074074075
1 0.10963541666666667 0.3106481481481482 0.0140625 0.05092592592592592
1 0.61328125 0.35462962962962963 0.0234375 0.06111111111111111
1 0.054947916666666666 0.2916666666666667 0.008854166666666666 0.011111111111111112
1 0.07851041666666667 0.14162037037037037 0.008770833333333335 0.035370370370370385
