1 0.7200520833333334 0.36898148148148147 0.0203125 0.07314814814814814
1 0.6513020833333333 0.7444444444444445 0.03177083333333333 0.12037037037037036
1 0.8643229166666667 0.37546296296296294 0.027604166666666666 0.0712962962962963
1 0.5372395833333333 0.5217592592592593 0.0328125 0.08981481481481482
1 0.9450520833333333 0.5351851851851852 0.03177083333333333 0.09259259259259259
1 0.5761197916666667 0.3066203703703704 0.01651041666666669 0.04972222222222221
1 0.2869791666666667 0.4356481481481482 0.028125 0.08611111111111111
1 0.63125 0.2273148148148148 0.016666666666666666 0.05648148148148148
1 0.6625 0.55 0.019791666666666666 0.08148148148148149
1 0.7682291666666666 0.2569444444444444 0.019791666666666666 0.06388888888888888
1 0.3125 0.2523148148148148 0.01875 0.05277777777777778
1 0.3580729166666667 0.425 0.019270833333333334 0.07407407407407407
1 0.5158854166666667 0.2537037037037037 0.0234375 0.06296296296296296
1 0.48671875 0.2037037037037037 0.011979166666666667 0.053703703703703705
1 0.47734375 0.26805555555555555 0.025520833333333333 0.06018518518518518
1 0.0890625 0.2671296296296296 0.020833333333333332 0.04722222222222222
1 0.5752604166666667 0.42407407407407405 0.0140625 0.08333333333333333
1 0.8049479166666667 0.624537037037037 0.03177083333333333 0.09722222222222222
1 0.11145833333333334 0.2662037037037037 0.022916666666666665 0.06574074074074074
1 0.5682291666666667 0.33194444444444443 0.020833333333333332 0.0712962962962963
1 0.054427083333333334 0.08472222222222223 0.013020833333333334 0.041666666666666664
