1 0.76640625 0.43472222222222223 0.0171875 0.05462962962962963
1 0.71328125 0.674074074074074 0.022395833333333334 0.08333333333333333
1 0.8747395833333333 0.42777777777777776 0.024479166666666666 0.05555555555555555
1 0.052083333333333336 0.37777777777777777 0.0125 0.05
1 0.6200520833333333 0.538425925925926 0.025520833333333333 0.07685185185185185
1 0.9651041666666667 0.5652777777777778 0.017708333333333333 0.06759259259259259
1 0.6416666666666667 0.38935185185185184 0.01875 0.05277777777777778
1 0.40859375 0.500462962962963 0.019270833333333334 0.06944444444444445
1 0.65703125 0.3101851851851852 0.015104166666666667 0.040740740740740744
1 0.74296875 0.5740740740740741 0.0171875 0.06666666666666667
1 0.78203125 0.3398148148148148 0.018229166666666668 0.03888888888888889
1 0.4283854166666667 0.3300925925925926 0.0171875 0.05092592592592592
1 0.48411458333333335 0.48194444444444445 0.021354166666666667 0.06388888888888888
1 0.5640625 0.3333333333333333 0.0125 0.046296296296296294
1 0.5184895833333333 0.2972222222222222 0.015104166666666667 0.03888888888888889
1 0.5783854166666667 0.3472222222222222 0.013020833333333334 0.046296296296296294
1 0.04114583333333333 0.41203703703703703 0.017708333333333333 0.05740740740740741
1 0.6369791666666667 0.48657407407407405 0.020833333333333332 0.062037037037037036
1 0.9067708333333333 0.6106481481481482 0.029166666666666667 0.075
1 0.17447916666666666 0.34953703703703703 0.013541666666666667 0.04351851851851852
1 0.66875 0.3875 0.01875 0.05462962962962963
1 0.32807291666666666 0.2011712962962963 0.007677083333333338 0.010509259259259255
1 0.1487578125 0.19621296296296298 0.009598958333333336 0.02937037037037037
