1 0.6825520833333333 0.35462962962962963 0.022395833333333334 0.07037037037037037
1 0.5854166666666667 0.7754629629629629 0.046875 0.11388888888888889
1 0.8401041666666667 0.3662037037037037 0.019791666666666666 0.07685185185185185
1 0.49140625 0.5259259259259259 0.028645833333333332 0.09444444444444444
1 0.9036458333333334 0.5236111111111111 0.03333333333333333 0.09166666666666666
1 0.5473958333333333 0.28888888888888886 0.01875 0.06666666666666667
1 0.24270833333333333 0.40694444444444444 0.026041666666666668 0.07314814814814814
1 0.61015625 0.2101851851851852 0.018229166666666668 0.05555555555555555
1 0.6044270833333333 0.5546296296296296 0.0265625 0.08518518518518518
1 0.74375 0.24583333333333332 0.022916666666666665 0.06018518518518518
1 0.28463541666666664 0.22777777777777777 0.016145833333333335 0.05740740740740741
1 0.32708333333333334 0.4013888888888889 0.021875 0.06944444444444445
1 0.4901041666666667 0.2351851851851852 0.01875 0.06296296296296296
1 0.47369791666666666 0.1875 0.011979166666666667 0.05648148148148148
1 0.431515625 0.2650138888888889 0.018947916666666665 0.06502777777777777
1 0.16666666666666666 0.24583333333333332 0.025 0.062037037037037036
1 0.5388020833333333 0.4050925925925926 0.015104166666666667 0.0824074074074074
1 0.7044270833333334 0.6268518518518519 0.033854166666666664 0.0962962962962963
1 0.14192708333333334 0.24861111111111112 0.0171875 0.06759259259259259
1 0.50546875 0.32685185185185184 0.022395833333333334 0.06481481481481481
1 0.04505208333333333 0.07083333333333333 0.0078125 0.03796296296296296
