1 0.7463541666666667 0.4101851851851852 0.015625 0.06296296296296296
1 0.6901041666666666 0.6907407407407408 0.03125 0.09444444444444444
1 0.8622395833333333 0.4050925925925926 0.021354166666666667 0.06018518518518518
1 0.5916666666666667 0.5319444444444444 0.023958333333333335 0.08055555555555556
1 0.9502604166666667 0.5518518518518518 0.027604166666666666 0.07777777777777778
1 0.6119791666666666 0.3675925925925926 0.016666666666666666 0.05740740740740741
1 0.36171875 0.4847222222222222 0.0171875 0.075
1 0.640625 0.28194444444444444 0.01875 0.05092592592592592
1 0.7125 0.5648148148148148 0.013541666666666667 0.07407407407407407
1 0.7661458333333333 0.30787037037037035 0.020833333333333332 0.049074074074074076
1 0.3815104166666667 0.30833333333333335 0.013020833333333334 0.04814814814814815
1 0.4348958333333333 0.4703703703703704 0.01875 0.06666666666666667
1 0.5401041666666667 0.2912037037037037 0.011458333333333333 0.03425925925925926
1 0.49895833333333334 0.26342592592592595 0.011458333333333333 0.04722222222222222
1 0.5375 0.32083333333333336 0.021875 0.05092592592592592
1 0.0203125 0.3675925925925926 0.019791666666666666 0.05740740740740741
1 0.6111979166666667 0.462037037037037 0.0203125 0.07222222222222222
1 0.8778645833333333 0.6125 0.03177083333333333 0.08611111111111111
1 0.12708333333333333 0.325 0.014583333333333334 0.05
1 0.6328125 0.3675925925925926 0.01875 0.06111111111111111
1 0.15572916666666667 0.24953703703703703 0.008333333333333333 0.012037037037037037
1 0.09995833333333334 0.16181018518518517 0.008770833333333335 0.033861111111111106
