1 0.71875 0.4412037037037037 0.009375 0.049074074074074076
1 0.7307291666666667 0.5856481481481481 0.023958333333333335 0.07314814814814814
1 0.7432291666666667 0.2763888888888889 0.007291666666666667 0.03611111111111111
1 0.8234375 0.412962962962963 0.01875 0.044444444444444446
1 0.15208333333333332 0.5351851851851852 0.019791666666666666 0.06296296296296296
1 0.6317708333333333 0.538425925925926 0.019791666666666666 0.06388888888888888
1 0.86328125 0.5041666666666667 0.025520833333333333 0.05648148148148148
1 0.6315104166666666 0.40046296296296297 0.0140625 0.041666666666666664
1 0.5229166666666667 0.6231481481481481 0.01875 0.07222222222222222
1 0.63515625 0.32546296296296295 0.0067708333333333336 0.030555555555555555
1 0.7604166666666666 0.5597222222222222 0.017708333333333333 0.05648148148148148
1 0.7578125 0.3712962962962963 0.011458333333333333 0.046296296296296294
1 0.43854166666666666 0.34814814814814815 0.007291666666666667 0.04259259259259259
1 0.56953125 0.4847222222222222 0.013020833333333334 0.05648148148148148
1 0.5361979166666667 0.39675925925925926 0.009895833333333333 0.049074074074074076
1 0.47421875 0.34120370370370373 0.0109375 0.03981481481481482
1 0.6330729166666667 0.36203703703703705 0.0109375 0.044444444444444446
1 0.12942708333333333 0.5467592592592593 0.018229166666666668 0.058333333333333334
1 0.66796875 0.5009259259259259 0.016145833333333335 0.05925925925925926
1 0.7981770833333334 0.48842592592592593 0.022395833333333334 0.05462962962962963
1 0.20807291666666666 0.45787037037037037 0.0140625 0.05648148148148148
1 0.9135416666666667 0.49675925925925923 0.025 0.058333333333333334
1 0.12578125 0.2518518518518518 0.0078125 0.027777777777777776
