1 0.7783854166666667 0.5162037037037037 0.013020833333333334 0.05648148148148148
1 0.74140625 0.6569444444444444 0.018229166666666668 0.06759259259259259
1 0.8942708333333333 0.34120370370370373 0.0125 0.041666666666666664
1 0.8677083333333333 0.4824074074074074 0.022916666666666665 0.05185185185185185
1 0.13697916666666668 0.47453703703703703 0.014583333333333334 0.05092592592592592
1 0.6567708333333333 0.5805555555555556 0.017708333333333333 0.06666666666666667
1 0.88359375 0.5884259259259259 0.015104166666666667 0.06759259259259259
1 0.6627604166666666 0.45694444444444443 0.015104166666666667 0.05092592592592592
1 0.46953125 0.5916666666666667 0.019270833333333334 0.06851851851851852
1 0.653125 0.37037037037037035 0.015625 0.037037037037037035
1 0.7838541666666666 0.6263888888888889 0.017708333333333333 0.06944444444444445
1 0.7864583333333334 0.4203703703703704 0.011458333333333333 0.040740740740740744
1 0.48151041666666666 0.39166666666666666 0.016145833333333335 0.044444444444444446
1 0.5653645833333333 0.5370370370370371 0.0171875 0.05925925925925926
1 0.5716145833333334 0.4148148148148148 0.015104166666666667 0.04814814814814815
1 0.5291666666666667 0.37453703703703706 0.009375 0.03981481481481482
1 0.6307291666666667 0.4134259259259259 0.014583333333333334 0.04537037037037037
1 0.06640625 0.5370370370370371 0.016145833333333335 0.05925925925925926
1 0.6895833333333333 0.5356481481481481 0.013541666666666667 0.05462962962962963
1 0.87421875 0.5958333333333333 0.013020833333333334 0.06018518518518518
1 0.24114583333333334 0.4398148148148148 0.013541666666666667 0.05
1 0.7291666666666666 0.44305555555555554 0.019791666666666666 0.03981481481481482
1 0.72265625 0.35138888888888886 0.0067708333333333336 0.010185185185185186
1 0.1959921875 0.2784861111111111 0.008848958333333339 0.02637962962962964
