1 0.7947916666666667 0.5212962962962963 0.01875 0.05740740740740741
1 0.7809895833333333 0.6486111111111111 0.0234375 0.07314814814814814
1 0.8677083333333333 0.3296296296296296 0.010416666666666666 0.03518518518518519
1 0.8791666666666667 0.475462962962963 0.017708333333333333 0.04537037037037037
1 0.175 0.5046296296296297 0.013541666666666667 0.05555555555555555
1 0.6885416666666667 0.5916666666666667 0.023958333333333335 0.07037037037037037
1 0.8697916666666666 0.5791666666666667 0.025 0.058333333333333334
1 0.68671875 0.4537037037037037 0.015104166666666667 0.05
1 0.5065104166666666 0.6277777777777778 0.019270833333333334 0.07037037037037037
1 0.6796875 0.3731481481481482 0.0125 0.040740740740740744
1 0.8213541666666667 0.6217592592592592 0.013541666666666667 0.06388888888888888
1 0.8096354166666667 0.4310185185185185 0.015104166666666667 0.05092592592592592
1 0.50625 0.38472222222222224 0.014583333333333334 0.04722222222222222
1 0.6057291666666667 0.5337962962962963 0.017708333333333333 0.058333333333333334
1 0.5877604166666667 0.4222222222222222 0.013020833333333334 0.05185185185185185
1 0.5421875 0.37546296296296294 0.0125 0.041666666666666664
1 0.6760416666666667 0.4101851851851852 0.013541666666666667 0.044444444444444446
1 0.11875 0.549074074074074 0.014583333333333334 0.06111111111111111
1 0.7247395833333333 0.549074074074074 0.015104166666666667 0.06296296296296296
1 0.85703125 0.5773148148148148 0.0203125 0.06388888888888888
1 0.26536458333333335 0.4537037037037037 0.011979166666666667 0.053703703703703705
1 0.82421875 0.4699074074074074 0.013020833333333334 0.041666666666666664
1 0.94140625 0.5907407407407408 0.0067708333333333336 0.009259259259259259
1 0.20595833333333333 0.2745972222222222 0.009739583333333357 0.02637962962962964
