1 0.7309895833333333 0.44907407407407407 0.011979166666666667 0.05185185185185185
1 0.74296875 0.5902777777777778 0.0171875 0.07314814814814814
1 0.7596354166666667 0.2814814814814815 0.0078125 0.03518518518518519
1 0.8348958333333333 0.4217592592592593 0.013541666666666667 0.04537037037037037
1 0.159375 0.5291666666666667 0.014583333333333334 0.058333333333333334
1 0.6424479166666667 0.5439814814814815 0.0140625 0.06574074074074074
1 0.8666666666666667 0.5120370370370371 0.021875 0.05555555555555555
1 0.6408854166666667 0.4050925925925926 0.013020833333333334 0.049074074074074076
1 0.52265625 0.625 0.022395833333333334 0.06851851851851852
1 0.64453125 0.3347222222222222 0.008854166666666666 0.03611111111111111
1 0.7723958333333333 0.562962962962963 0.015625 0.05925925925925926
1 0.76796875 0.3819444444444444 0.0109375 0.04537037037037037
1 0.45208333333333334 0.35185185185185186 0.010416666666666666 0.04259259259259259
1 0.578125 0.48935185185185187 0.016666666666666666 0.058333333333333334
1 0.5458333333333333 0.399537037037037 0.013541666666666667 0.049074074074074076
1 0.4864583333333333 0.3458333333333333 0.010416666666666666 0.03796296296296296
1 0.6439322916666667 0.36996296296296294 0.009947916666666739 0.039370370370370354
1 0.13671875 0.5425925925925926 0.0234375 0.05555555555555555
1 0.6763020833333333 0.5060185185185185 0.019270833333333334 0.05648148148148148
1 0.8088541666666667 0.4935185185185185 0.015625 0.05925925925925926
1 0.22213541666666667 0.4564814814814815 0.0140625 0.05555555555555555
1 0.90625 0.49583333333333335 0.027083333333333334 0.05462962962962963
1 0.14241927083333336 0.25238888888888894 0.010057291666666668 0.026444444444444448
