1 0.79140625 0.5101851851851852 0.0140625 0.05740740740740741
1 0.7828125 0.6342592592592593 0.025 0.07037037037037037
1 0.8513020833333333 0.3189814814814815 0.0109375 0.03611111111111111
1 0.8807291666666667 0.46435185185185185 0.017708333333333333 0.041666666666666664
1 0.18098958333333334 0.5111111111111111 0.0140625 0.05740740740740741
1 0.6890625 0.5819444444444445 0.013541666666666667 0.0712962962962963
1 0.8731770833333333 0.5657407407407408 0.030729166666666665 0.05555555555555555
1 0.68359375 0.44675925925925924 0.013020833333333334 0.04537037037037037
1 0.5166666666666667 0.6310185185185185 0.01875 0.06759259259259259
1 0.6815104166666667 0.3675925925925926 0.011979166666666667 0.040740740740740744
1 0.8184895833333333 0.6129629629629629 0.0234375 0.06481481481481481
1 0.8096354166666667 0.425 0.0171875 0.046296296296296294
1 0.5059895833333333 0.3768518518518518 0.0109375 0.046296296296296294
1 0.6109375 0.5259259259259259 0.019791666666666666 0.05925925925925926
1 0.5864583333333333 0.41805555555555557 0.0125 0.049074074074074076
1 0.5393229166666667 0.36898148148148147 0.011979166666666667 0.041666666666666664
1 0.68125 0.4023148148148148 0.010416666666666666 0.04537037037037037
1 0.1328125 0.5472222222222223 0.013541666666666667 0.05925925925925926
1 0.7231770833333333 0.5425925925925926 0.018229166666666668 0.06111111111111111
1 0.8549479166666667 0.5569444444444445 0.019270833333333334 0.06018518518518518
1 0.2671875 0.4550925925925926 0.011458333333333333 0.05277777777777778
1 0.8513020833333333 0.4759259259259259 0.0140625 0.046296296296296294
1 0.9841145833333333 0.5430555555555555 0.0067708333333333336 0.008333333333333333
1 0.20131249999999998 0.26840277777777777 0.009739583333333328 0.02637962962962964
