1 0.7934895833333333 0.5217592592592593 0.0140625 0.058333333333333334
1 0.7763020833333333 0.6504629629629629 0.021354166666666667 0.075
1 0.8734375 0.33425925925925926 0.009375 0.037037037037037035
1 0.88046875 0.47638888888888886 0.016145833333333335 0.04537037037037037
1 0.17083333333333334 0.5023148148148148 0.016666666666666666 0.05648148148148148
1 0.68828125 0.5893518518518519 0.0171875 0.06944444444444445
1 0.8708333333333333 0.587037037037037 0.023958333333333335 0.05555555555555555
1 0.6830729166666667 0.45555555555555555 0.009895833333333333 0.04814814814814815
1 0.49947916666666664 0.6277777777777778 0.019791666666666666 0.06851851851851852
1 0.6770833333333334 0.3787037037037037 0.009375 0.03518518518518519
1 0.8169270833333333 0.624537037037037 0.0140625 0.06759259259259259
1 0.8067708333333333 0.4273148148148148 0.0125 0.04722222222222222
1 0.503125 0.38981481481481484 0.009375 0.044444444444444446
1 0.60234375 0.5370370370370371 0.0171875 0.06111111111111111
1 0.5869791666666667 0.4236111111111111 0.011458333333333333 0.04722222222222222
1 0.5411458333333333 0.37824074074074077 0.008333333333333333 0.03981481481481482
1 0.6700520833333333 0.4115740740740741 0.0171875 0.04537037037037037
1 0.10885416666666667 0.5518518518518518 0.027083333333333334 0.06111111111111111
1 0.7229166666666667 0.5481481481481482 0.011458333333333333 0.05925925925925926
1 0.8549479166666667 0.5800925925925926 0.0234375 0.058333333333333334
1 0.26328125 0.45601851851851855 0.015104166666666667 0.05277777777777778
1 0.80703125 0.46574074074074073 0.018229166666666668 0.044444444444444446
1 0.9208333333333333 0.6199074074074075 0.00625 0.010185185185185186
1 0.20545833333333335 0.27715277777777775 0.009739583333333328 0.02637962962962964
