1 0.7950520833333333 0.5212962962962963 0.019270833333333334 0.05740740740740741
1 0.7809895833333333 0.6486111111111111 0.0234375 0.07314814814814814
1 0.86796875 0.3296296296296296 0.009895833333333333 0.03518518518518519
1 0.8791666666666667 0.475462962962963 0.017708333333333333 0.04537037037037037
1 0.175 0.5046296296296297 0.013541666666666667 0.05555555555555555
1 0.6885416666666667 0.5916666666666667 0.023958333333333335 0.07037037037037037
1 0.8697916666666666 0.5791666666666667 0.025 0.058333333333333334
1 0.6869791666666667 0.4537037037037037 0.015625 0.05
1 0.5065104166666666 0.6277777777777778 0.019270833333333334 0.07037037037037037
1 0.6799479166666667 0.37407407407407406 0.011979166666666667 0.03888888888888889
1 0.8213541666666667 0.6217592592592592 0.013541666666666667 0.06388888888888888
1 0.81015625 0.43148148148148147 0.015104166666666667 0.05
1 0.50625 0.3851851851851852 0.014583333333333334 0.046296296296296294
1 0.6059895833333333 0.5337962962962963 0.0171875 0.058333333333333334
1 0.5877604166666667 0.4222222222222222 0.013020833333333334 0.05185185185185185
1 0.5421875 0.37546296296296294 0.0125 0.041666666666666664
1 0.6760416666666667 0.4101851851851852 0.013541666666666667 0.044444444444444446
1 0.11875 0.549074074074074 0.014583333333333334 0.06111111111111111
1 0.7247395833333333 0.549074074074074 0.015104166666666667 0.06296296296296296
1 0.8572916666666667 0.5768518518518518 0.019791666666666666 0.06481481481481481
1 0.265625 0.4537037037037037 0.011458333333333333 0.053703703703703705
1 0.8247395833333333 0.4699074074074074 0.013020833333333334 0.041666666666666664
1 0.94140625 0.5902777777777778 0.0067708333333333336 0.008333333333333333
1 0.2055729166666667 0.2732175925925926 0.009739583333333328 0.02637962962962964
