1 0.78828125 0.5277777777777778 0.016145833333333335 0.05925925925925926
1 0.7653645833333333 0.6569444444444444 0.021354166666666667 0.075
1 0.8796875 0.34120370370370373 0.009375 0.03611111111111111
1 0.8723958333333334 0.48333333333333334 0.021875 0.046296296296296294
1 0.15989583333333332 0.4986111111111111 0.016666666666666666 0.05648148148148148
1 0.6783854166666666 0.5888888888888889 0.015104166666666667 0.06666666666666667
1 0.86484375 0.5953703703703703 0.024479166666666666 0.05740740740740741
1 0.6765625 0.46111111111111114 0.015625 0.05
1 0.4908854166666667 0.6189814814814815 0.015104166666666667 0.06759259259259259
1 0.6690104166666667 0.3787037037037037 0.0109375 0.03888888888888889
1 0.80703125 0.6324074074074074 0.018229166666666668 0.07037037037037037
1 0.7994791666666666 0.4337962962962963 0.014583333333333334 0.05092592592592592
1 0.49713541666666666 0.39444444444444443 0.011979166666666667 0.046296296296296294
1 0.59140625 0.5425925925925926 0.0203125 0.06111111111111111
1 0.5825520833333333 0.42407407407407405 0.0109375 0.04814814814814815
1 0.5372395833333333 0.3800925925925926 0.008854166666666666 0.041666666666666664
1 0.6583333333333333 0.41712962962962963 0.015625 0.04537037037037037
1 0.09296875 0.5541666666666667 0.0171875 0.062037037037037036
1 0.715625 0.55 0.0125 0.05740740740740741
1 0.85234375 0.5879629629629629 0.018229166666666668 0.06111111111111111
1 0.25677083333333334 0.45555555555555555 0.011458333333333333 0.05185185185185185
1 0.7796875 0.46111111111111114 0.01875 0.04259259259259259
1 0.8625 0.5287037037037037 0.00625 0.009259259259259259
1 0.20325000000000001 0.2821620370370371 0.009739583333333328 0.02637962962962964
