1 0.7924479166666667 0.5125 0.015104166666666667 0.05648148148148148
1 0.7828125 0.6356481481481482 0.025 0.0712962962962963
1 0.8533854166666667 0.32037037037037036 0.0109375 0.03518518518518519
1 0.8796875 0.4666666666666667 0.022916666666666665 0.04259259259259259
1 0.17994791666666668 0.5120370370370371 0.015104166666666667 0.05925925925925926
1 0.6885416666666667 0.5828703703703704 0.0125 0.0712962962962963
1 0.8723958333333334 0.5675925925925925 0.03333333333333333 0.05555555555555555
1 0.6833333333333333 0.44675925925925924 0.014583333333333334 0.04722222222222222
1 0.515625 0.6328703703703704 0.017708333333333333 0.06944444444444445
1 0.68125 0.3680555555555556 0.011458333333333333 0.041666666666666664
1 0.8184895833333333 0.6125 0.0234375 0.06574074074074074
1 0.81015625 0.42685185185185187 0.0171875 0.05
1 0.5057291666666667 0.37824074074074077 0.010416666666666666 0.04537037037037037
1 0.6104166666666667 0.5263888888888889 0.019791666666666666 0.06018518518518518
1 0.58671875 0.41898148148148145 0.0109375 0.049074074074074076
1 0.5393229166666667 0.3699074074074074 0.0109375 0.041666666666666664
1 0.6802083333333333 0.4027777777777778 0.013541666666666667 0.044444444444444446
1 0.13020833333333334 0.5486111111111112 0.01875 0.06018518518518518
1 0.7239583333333334 0.5430555555555555 0.016666666666666666 0.06018518518518518
1 0.85625 0.5592592592592592 0.017708333333333333 0.05925925925925926
1 0.2669270833333333 0.45601851851851855 0.011979166666666667 0.05277777777777778
1 0.8455729166666667 0.47453703703703703 0.018229166666666668 0.04722222222222222
1 0.98046875 0.5462962962962963 0.0067708333333333336 0.009259259259259259
1 0.20247395833333334 0.2690925925925926 0.009739583333333357 0.026370370370370388
