1 0.65625 0.4148148148148148 0.0125 0.044444444444444446
1 0.67578125 0.6069444444444444 0.015104166666666667 0.07314814814814814
1 0.6354166666666666 0.27546296296296297 0.010416666666666666 0.032407407407407406
1 0.79296875 0.3962962962962963 0.015104166666666667 0.04259259259259259
1 0.08385416666666666 0.612037037037037 0.023958333333333335 0.06851851851851852
1 0.58125 0.5263888888888889 0.014583333333333334 0.062037037037037036
1 0.921875 0.5138888888888888 0.016666666666666666 0.05555555555555555
1 0.57265625 0.38935185185185184 0.013020833333333334 0.04351851851851852
1 0.4861979166666667 0.6402777777777777 0.0265625 0.08425925925925926
1 0.5765625 0.32175925925925924 0.009375 0.03981481481481482
1 0.6947916666666667 0.5800925925925926 0.014583333333333334 0.06388888888888888
1 0.6703125 0.3425925925925926 0.008333333333333333 0.04259259259259259
1 0.3546875 0.35833333333333334 0.009375 0.046296296296296294
1 0.5270833333333333 0.4837962962962963 0.019791666666666666 0.062037037037037036
1 0.48515625 0.41712962962962963 0.011979166666666667 0.05092592592592592
1 0.4049479166666667 0.35 0.008854166666666666 0.04259259259259259
1 0.5765625 0.3625 0.007291666666666667 0.04351851851851852
1 0.075 0.6291666666666667 0.01875 0.0712962962962963
1 0.6166666666666667 0.4912037037037037 0.009375 0.058333333333333334
1 0.9770833333333333 0.48657407407407405 0.011458333333333333 0.05648148148148148
1 0.7643229166666666 0.462037037037037 0.0140625 0.05185185185185185
1 0.1171875 0.5111111111111111 0.015625 0.06296296296296296
1 0.0036458333333333334 0.2800925925925926 0.007291666666666667 0.030555555555555555
