1 0.6536458333333334 0.41759259259259257 0.011458333333333333 0.046296296296296294
1 0.6705729166666666 0.5745370370370371 0.0203125 0.06944444444444445
1 0.6640625 0.2652777777777778 0.007291666666666667 0.03425925925925926
1 0.7669270833333334 0.39166666666666666 0.0109375 0.04259259259259259
1 0.08645833333333333 0.5717592592592593 0.016666666666666666 0.06574074074074074
1 0.5765625 0.524537037037037 0.019791666666666666 0.062037037037037036
1 0.8325520833333333 0.4837962962962963 0.0203125 0.05462962962962963
1 0.5778645833333333 0.3851851851851852 0.009895833333333333 0.046296296296296294
1 0.49296875 0.6273148148148148 0.022395833333333334 0.075
1 0.5786458333333333 0.3236111111111111 0.007291666666666667 0.04351851851851852
1 0.7026041666666667 0.5435185185185185 0.014583333333333334 0.05925925925925926
1 0.6916666666666667 0.35324074074074074 0.007291666666666667 0.04351851851851852
1 0.3671875 0.3490740740740741 0.007291666666666667 0.046296296296296294
1 0.5174479166666667 0.47638888888888886 0.0109375 0.05648148148148148
1 0.47890625 0.3976851851851852 0.008854166666666666 0.05092592592592592
1 0.41067708333333336 0.3398148148148148 0.0078125 0.040740740740740744
1 0.5763020833333333 0.3541666666666667 0.0078125 0.04351851851851852
1 0.07291666666666667 0.5791666666666667 0.021875 0.062037037037037036
1 0.6106770833333334 0.487962962962963 0.016145833333333335 0.05740740740740741
1 0.9833333333333333 0.5023148148148148 0.016666666666666666 0.06018518518518518
1 0.74375 0.46111111111111114 0.0125 0.05555555555555555
1 0.1359375 0.48194444444444445 0.016666666666666666 0.058333333333333334
1 0.9197916666666667 0.49444444444444446 0.019791666666666666 0.05925925925925926
1 0.9593489583333333 0.5230555555555555 0.006302083333333286 0.009999999999999959
1 0.035908854166666664 0.2614444444444445 0.00913020833333333 0.027000000000000024
