1 0.6815104166666667 0.4152777777777778 0.009895833333333333 0.04722222222222222
1 0.6815104166666667 0.624537037037037 0.018229166666666668 0.0787037037037037
1 0.6432291666666666 0.2722222222222222 0.010416666666666666 0.037037037037037035
1 0.8372395833333334 0.4023148148148148 0.015104166666666667 0.041666666666666664
1 0.08151041666666667 0.6180555555555556 0.022395833333333334 0.041666666666666664
1 0.6046875 0.5277777777777778 0.0125 0.06481481481481481
1 0.9841380208333333 0.5435648148148148 0.017505208333333282 0.04746296296296296
1 0.5744791666666667 0.3939814814814815 0.009375 0.04722222222222222
1 0.48515625 0.6532407407407408 0.0265625 0.0787037037037037
1 0.5796875 0.3148148148148148 0.011458333333333333 0.03888888888888889
1 0.7046875 0.6027777777777777 0.014583333333333334 0.06481481481481481
1 0.6809895833333334 0.33935185185185185 0.008854166666666666 0.04537037037037037
1 0.3611979166666667 0.3597222222222222 0.008854166666666666 0.04722222222222222
1 0.5473958333333333 0.4888888888888889 0.01875 0.06111111111111111
1 0.5018229166666667 0.425462962962963 0.009895833333333333 0.05277777777777778
1 0.41015625 0.3490740740740741 0.009895833333333333 0.044444444444444446
1 0.5966145833333333 0.362962962962963 0.013020833333333334 0.046296296296296294
1 0.0828125 0.65 0.019791666666666666 0.07592592592592592
1 0.63203125 0.49444444444444446 0.013020833333333334 0.05925925925925926
1 0.7953125 0.4787037037037037 0.014583333333333334 0.05740740740740741
1 0.10755208333333334 0.5277777777777778 0.018229166666666668 0.06666666666666667
