1 0.6666666666666666 0.4152777777777778 0.010416666666666666 0.04722222222222222
1 0.6791666666666667 0.6152777777777778 0.016666666666666666 0.075
1 0.6372395833333333 0.27314814814814814 0.0067708333333333336 0.03333333333333333
1 0.8109375 0.3962962962962963 0.016666666666666666 0.04259259259259259
1 0.08177083333333333 0.6189814814814815 0.020833333333333332 0.06944444444444445
1 0.5903645833333333 0.5273148148148148 0.0140625 0.06574074074074074
1 0.957703125 0.5306851851851851 0.0160520833333333 0.05785185185185187
1 0.57265625 0.38981481481481484 0.013020833333333334 0.044444444444444446
1 0.484375 0.6421296296296296 0.027083333333333334 0.08055555555555556
1 0.5765625 0.31574074074074077 0.007291666666666667 0.037037037037037035
1 0.6984375 0.5875 0.013541666666666667 0.062037037037037036
1 0.6736979166666667 0.3402777777777778 0.0078125 0.041666666666666664
1 0.35703125 0.35833333333333334 0.011979166666666667 0.046296296296296294
1 0.5361979166666667 0.4842592592592593 0.0140625 0.06111111111111111
1 0.49244791666666665 0.4199074074074074 0.0109375 0.05277777777777778
1 0.40598958333333335 0.3486111111111111 0.008854166666666666 0.04351851851851852
1 0.58359375 0.36157407407407405 0.009895833333333333 0.04537037037037037
1 0.08098958333333334 0.6375 0.022395833333333334 0.0712962962962963
1 0.6236979166666666 0.4912037037037037 0.011979166666666667 0.05648148148148148
1 0.98359375 0.48935185185185187 0.0171875 0.058333333333333334
1 0.778125 0.46574074074074073 0.009375 0.05740740740740741
1 0.11223958333333334 0.5180555555555556 0.0203125 0.06759259259259259
