1 0.6416666666666667 0.4166666666666667 0.009375 0.044444444444444446
1 0.6622395833333333 0.5773148148148148 0.015104166666666667 0.06759259259259259
1 0.6458333333333334 0.2675925925925926 0.008333333333333333 0.03333333333333333
1 0.7578125 0.38981481481481484 0.011458333333333333 0.04259259259259259
1 0.07369791666666667 0.5879629629629629 0.019270833333333334 0.06666666666666667
1 0.5674479166666667 0.5254629629629629 0.0109375 0.06388888888888888
1 0.8369791666666667 0.48657407407407405 0.017708333333333333 0.05092592592592592
1 0.56953125 0.387037037037037 0.009895833333333333 0.044444444444444446
1 0.4901041666666667 0.6305555555555555 0.015625 0.07592592592592592
1 0.56875 0.3212962962962963 0.010416666666666666 0.03888888888888889
1 0.6908854166666667 0.5453703703703704 0.011979166666666667 0.05740740740740741
1 0.6765625 0.3490740740740741 0.007291666666666667 0.04259259259259259
1 0.3528645833333333 0.3527777777777778 0.009895833333333333 0.046296296296296294
1 0.5075520833333333 0.48055555555555557 0.019270833333333334 0.05925925925925926
1 0.46875 0.4041666666666667 0.014583333333333334 0.05092592592592592
1 0.39921875 0.34444444444444444 0.0109375 0.03888888888888889
1 0.5638020833333334 0.35694444444444445 0.0109375 0.041666666666666664
1 0.058333333333333334 0.5935185185185186 0.020833333333333332 0.06666666666666667
1 0.6020833333333333 0.4888888888888889 0.014583333333333334 0.05555555555555555
1 0.96378125 0.49437037037037046 0.023395833333333373 0.06003703703703707
1 0.7333333333333333 0.4587962962962963 0.017708333333333333 0.05277777777777778
1 0.11770833333333333 0.49166666666666664 0.015625 0.06111111111111111
1 0.9307291666666667 0.49921296296296297 0.016666666666666666 0.06138888888888885
1 0.9574895833333333 0.5247777777777778 0.005729166666666666 0.008333333333333333
1 0.014518229166666667 0.26906944444444447 0.009130208333333334 0.027009259259259275
