1 0.64765625 0.41574074074074074 0.009895833333333333 0.046296296296296294
1 0.6684895833333333 0.5962962962962963 0.015104166666666667 0.06851851851851852
1 0.6377604166666667 0.27361111111111114 0.0078125 0.03425925925925926
1 0.7731770833333333 0.39305555555555555 0.0140625 0.041666666666666664
1 0.07708333333333334 0.6050925925925926 0.019791666666666666 0.06944444444444445
1 0.5731770833333333 0.5268518518518519 0.0109375 0.06296296296296296
1 0.88046875 0.5013888888888889 0.024479166666666666 0.05648148148148148
1 0.5705729166666667 0.3875 0.0109375 0.049074074074074076
1 0.4953125 0.6402777777777777 0.021875 0.0787037037037037
1 0.5752604166666667 0.32407407407407407 0.0078125 0.03888888888888889
1 0.6942708333333333 0.5662037037037037 0.015625 0.06388888888888888
1 0.671875 0.3472222222222222 0.008333333333333333 0.04259259259259259
1 0.35208333333333336 0.35833333333333334 0.009375 0.046296296296296294
1 0.5182291666666666 0.48148148148148145 0.01875 0.05925925925925926
1 0.47682291666666665 0.4134259259259259 0.011979166666666667 0.05092592592592592
1 0.4 0.3490740740740741 0.011458333333333333 0.040740740740740744
1 0.56875 0.36018518518518516 0.007291666666666667 0.04259259259259259
1 0.06692708333333333 0.6157407407407407 0.018229166666666668 0.06666666666666667
1 0.6096354166666667 0.49398148148148147 0.0109375 0.058333333333333334
1 0.9694791666666667 0.48726851851851855 0.015812499999999948 0.05787037037037037
1 0.74765625 0.45925925925925926 0.015104166666666667 0.053703703703703705
1 0.11744791666666667 0.5027777777777778 0.015104166666666667 0.05925925925925926
1 0.9872395833333333 0.5125 0.013020833333333334 0.05462962962962963
1 0.005989583333333334 0.2763888888888889 0.011979166666666667 0.032407407407407406
