1 0.69765625 0.41388888888888886 0.0109375 0.046296296296296294
1 0.6822916666666666 0.6300925925925925 0.017708333333333333 0.08055555555555556
1 0.646875 0.2675925925925926 0.009375 0.03888888888888889
1 0.8643229166666667 0.40555555555555556 0.0171875 0.04259259259259259
1 0.07526041666666666 0.6425925925925926 0.016145833333333335 0.07222222222222222
1 0.6161458333333333 0.5199074074074074 0.014583333333333334 0.0712962962962963
1 0.9953125 0.5439814814814815 0.008333333333333333 0.05092592592592592
1 0.5723958333333333 0.3939814814814815 0.008333333333333333 0.049074074074074076
1 0.47369791666666666 0.6606481481481481 0.022395833333333334 0.0787037037037037
1 0.57265625 0.30787037037037035 0.011979166666666667 0.03796296296296296
1 0.7036458333333333 0.6148148148148148 0.017708333333333333 0.07037037037037037
1 0.6833333333333333 0.3337962962962963 0.0125 0.04722222222222222
1 0.36171875 0.3574074074074074 0.0078125 0.05
1 0.5559895833333334 0.48935185185185187 0.015104166666666667 0.062037037037037036
1 0.5091145833333334 0.42777777777777776 0.009895833333333333 0.05555555555555555
1 0.4080729166666667 0.34629629629629627 0.0109375 0.044444444444444446
1 0.60703125 0.36203703703703705 0.015104166666666667 0.046296296296296294
1 0.090625 0.6583333333333333 0.021875 0.07592592592592592
1 0.6307291666666667 0.4912037037037037 0.013541666666666667 0.05648148148148148
1 0.8111979166666666 0.4842592592592593 0.0140625 0.05925925925925926
1 0.09557291666666666 0.5393518518518519 0.0203125 0.06944444444444445
