1 0.6471354166666666 0.4162037037037037 0.009895833333333333 0.04722222222222222
1 0.6677083333333333 0.5953703703703703 0.014583333333333334 0.06851851851851852
1 0.6377604166666667 0.27314814814814814 0.0078125 0.03518518518518519
1 0.7721354166666666 0.39351851851851855 0.0140625 0.04259259259259259
1 0.0765625 0.6046296296296296 0.019791666666666666 0.07037037037037037
1 0.57265625 0.5268518518518519 0.0109375 0.06296296296296296
1 0.8778645833333333 0.5 0.024479166666666666 0.05555555555555555
1 0.5705729166666667 0.38842592592592595 0.011979166666666667 0.04722222222222222
1 0.49505208333333334 0.6402777777777777 0.021354166666666667 0.0787037037037037
1 0.5747395833333333 0.32407407407407407 0.0078125 0.03888888888888889
1 0.6940104166666666 0.5648148148148148 0.015104166666666667 0.06296296296296296
1 0.671875 0.3472222222222222 0.008333333333333333 0.04259259259259259
1 0.3515625 0.3578703703703704 0.008333333333333333 0.04537037037037037
1 0.5171875 0.48148148148148145 0.019791666666666666 0.05925925925925926
1 0.47630208333333335 0.4134259259259259 0.013020833333333334 0.05092592592592592
1 0.4 0.3490740740740741 0.011458333333333333 0.040740740740740744
1 0.5674479166666667 0.36018518518518516 0.0078125 0.04259259259259259
1 0.06692708333333333 0.6152777777777778 0.019270833333333334 0.06759259259259259
1 0.6088541666666667 0.49398148148148147 0.011458333333333333 0.058333333333333334
1 0.9688776041666666 0.48738425925925927 0.016140625000000006 0.05810185185185185
1 0.7471354166666667 0.45925925925925926 0.0140625 0.053703703703703705
1 0.1171875 0.5027777777777778 0.015625 0.05925925925925926
1 0.9846354166666667 0.5115740740740741 0.015104166666666667 0.05277777777777778
1 0.005989583333333334 0.2763888888888889 0.011979166666666667 0.032407407407407406
