1 0.7114583333333333 0.4152777777777778 0.017708333333333333 0.04537037037037037
1 0.67578125 0.6370370370370371 0.016145833333333335 0.07962962962962963
1 0.6481770833333333 0.26666666666666666 0.009895833333333333 0.040740740740740744
1 0.8846354166666667 0.4083333333333333 0.0109375 0.04814814814814815
1 0.07916666666666666 0.6550925925925926 0.022916666666666665 0.0824074074074074
1 0.6174479166666667 0.5171296296296296 0.016145833333333335 0.0712962962962963
1 0.9932291666666667 0.5398148148148149 0.0125 0.06111111111111111
1 0.56484375 0.39444444444444443 0.0140625 0.04814814814814815
1 0.46328125 0.6680555555555555 0.0140625 0.0824074074074074
1 0.5614583333333333 0.300462962962963 0.013541666666666667 0.03796296296296296
1 0.6942708333333333 0.6203703703703703 0.016666666666666666 0.07037037037037037
1 0.6822916666666666 0.3277777777777778 0.009375 0.046296296296296294
1 0.35911458333333335 0.3560185185185185 0.0109375 0.05092592592592592
1 0.5549479166666667 0.49537037037037035 0.008854166666666666 0.06481481481481481
1 0.5130208333333334 0.4324074074074074 0.009375 0.05925925925925926
1 0.4041666666666667 0.3458333333333333 0.011458333333333333 0.04351851851851852
1 0.6127604166666667 0.3625 0.016145833333333335 0.04722222222222222
1 0.10130208333333333 0.6638888888888889 0.021354166666666667 0.07962962962962963
1 0.621875 0.48703703703703705 0.013541666666666667 0.04814814814814815
1 0.8200520833333333 0.4935185185185185 0.0140625 0.06296296296296296
1 0.084375 0.5537037037037037 0.022916666666666665 0.07407407407407407
1 0.991140625 0.5330462962962963 0.006302083333333286 0.011111111111111112
