1 0.7028645833333333 0.4148148148148148 0.0140625 0.046296296296296294
1 0.678125 0.6342592592592593 0.01875 0.08148148148148149
1 0.6473958333333333 0.2671296296296296 0.009375 0.03981481481481482
1 0.8760416666666667 0.40555555555555556 0.0125 0.046296296296296294
1 0.07682291666666667 0.6486111111111111 0.018229166666666668 0.07685185185185185
1 0.6174479166666667 0.5185185185185185 0.016145833333333335 0.07407407407407407
1 0.9955729166666667 0.5421296296296296 0.0078125 0.05277777777777778
1 0.56796875 0.3939814814814815 0.013020833333333334 0.049074074074074076
1 0.471875 0.6638888888888889 0.023958333333333335 0.07962962962962963
1 0.5674479166666667 0.3013888888888889 0.0078125 0.03981481481481482
1 0.7 0.6162037037037037 0.016666666666666666 0.06944444444444445
1 0.6830729166666667 0.33194444444444443 0.013020833333333334 0.04722222222222222
1 0.36041666666666666 0.3560185185185185 0.010416666666666666 0.05092592592592592
1 0.5557291666666667 0.49166666666666664 0.010416666666666666 0.06481481481481481
1 0.5111979166666667 0.4287037037037037 0.008854166666666666 0.05740740740740741
1 0.40677083333333336 0.3453703703703704 0.0125 0.044444444444444446
1 0.6109375 0.3611111111111111 0.014583333333333334 0.04814814814814815
1 0.096875 0.6611111111111111 0.026041666666666668 0.07592592592592592
1 0.628125 0.49074074074074076 0.015625 0.05555555555555555
1 0.8158854166666667 0.48657407407407405 0.013020833333333334 0.058333333333333334
1 0.08958333333333333 0.5425925925925926 0.019791666666666666 0.06851851851851852
