1 0.7361979166666667 0.4199074074074074 0.0171875 0.04351851851851852
1 0.665625 0.638425925925926 0.022916666666666665 0.0787037037037037
1 0.6505208333333333 0.26851851851851855 0.009375 0.040740740740740744
1 0.8932291666666666 0.4111111111111111 0.016666666666666666 0.05
1 0.08802083333333334 0.663425925925926 0.021875 0.0787037037037037
1 0.61640625 0.5226851851851851 0.015104166666666667 0.06388888888888888
1 0.9748177083333334 0.5370370370370371 0.020156250000000025 0.07037037037037037
1 0.5557291666666667 0.399537037037037 0.014583333333333334 0.05092592592592592
1 0.45234375 0.6768518518518518 0.025520833333333333 0.08518518518518518
1 0.5479166666666667 0.29768518518518516 0.010416666666666666 0.03796296296296296
1 0.6817708333333333 0.6212962962962963 0.016666666666666666 0.07407407407407407
1 0.67734375 0.324537037037037 0.008854166666666666 0.04351851851851852
1 0.35703125 0.3578703703703704 0.013020833333333334 0.049074074074074076
1 0.55078125 0.49722222222222223 0.016145833333333335 0.06296296296296296
1 0.5161458333333333 0.4337962962962963 0.010416666666666666 0.05648148148148148
1 0.39765625 0.3458333333333333 0.0109375 0.04351851851851852
1 0.6203125 0.36574074074074076 0.016666666666666666 0.04814814814814815
1 0.11770833333333333 0.6717592592592593 0.01875 0.0787037037037037
1 0.6130208333333333 0.4981481481481482 0.016666666666666666 0.06111111111111111
1 0.8213541666666667 0.500462962962963 0.013541666666666667 0.06388888888888888
1 0.07473958333333333 0.5666666666666667 0.018229166666666668 0.07407407407407407
1 0.9825729166666667 0.5029629629629631 0.0061041666666666805 0.009259259259259259
