1 0.72734375 0.4185185185185185 0.0171875 0.04259259259259259
1 0.6677083333333333 0.638425925925926 0.021875 0.0787037037037037
1 0.6494791666666667 0.2671296296296296 0.010416666666666666 0.041666666666666664
1 0.8911458333333333 0.4101851851851852 0.016666666666666666 0.05
1 0.08385416666666666 0.6625 0.019791666666666666 0.08055555555555556
1 0.6161458333333333 0.5203703703703704 0.016666666666666666 0.06481481481481481
1 0.9833020833333334 0.5398981481481482 0.017302083333333346 0.06872222222222225
1 0.55703125 0.3972222222222222 0.015104166666666667 0.05
1 0.45546875 0.6768518518518518 0.025520833333333333 0.08518518518518518
1 0.5513020833333333 0.2972222222222222 0.009895833333333333 0.03888888888888889
1 0.6846354166666667 0.6217592592592592 0.0140625 0.075
1 0.67890625 0.3263888888888889 0.009895833333333333 0.04537037037037037
1 0.3578125 0.3574074074074074 0.013541666666666667 0.04814814814814815
1 0.5526041666666667 0.49583333333333335 0.0125 0.06388888888888888
1 0.51484375 0.43333333333333335 0.009895833333333333 0.05740740740740741
1 0.39895833333333336 0.3458333333333333 0.010416666666666666 0.04351851851851852
1 0.6184895833333334 0.3638888888888889 0.015104166666666667 0.04814814814814815
1 0.11328125 0.6708333333333333 0.022395833333333334 0.0787037037037037
1 0.6153645833333333 0.4925925925925926 0.016145833333333335 0.05185185185185185
1 0.8216145833333334 0.49722222222222223 0.0140625 0.06296296296296296
1 0.07552083333333333 0.5606481481481481 0.017708333333333333 0.07314814814814814
1 0.9786458333333333 0.5083333333333333 0.00625 0.011111111111111112
