1 0.7966145833333333 0.4398148148148148 0.0109375 0.05
1 0.6559895833333333 0.6407407407407407 0.0234375 0.08148148148148149
1 0.6578125 0.275 0.008333333333333333 0.037037037037037035
1 0.90234375 0.41574074074074074 0.015104166666666667 0.05
1 0.11041666666666666 0.6731481481481482 0.021875 0.07962962962962963
1 0.6057291666666667 0.5268518518518519 0.015625 0.06481481481481481
1 0.9736979166666667 0.5439814814814815 0.0140625 0.06944444444444445
1 0.5518229166666667 0.40185185185185185 0.0109375 0.05185185185185185
1 0.4393229166666667 0.6805555555555556 0.0203125 0.08703703703703704
1 0.5361979166666667 0.29583333333333334 0.0078125 0.03981481481481482
1 0.66953125 0.6185185185185185 0.011979166666666667 0.07037037037037037
1 0.6739583333333333 0.32546296296296295 0.011458333333333333 0.04351851851851852
1 0.35052083333333334 0.36018518518518516 0.010416666666666666 0.05
1 0.5393229166666667 0.49166666666666664 0.015104166666666667 0.06481481481481481
1 0.5216145833333333 0.43657407407407406 0.011979166666666667 0.058333333333333334
1 0.3888020833333333 0.3458333333333333 0.009895833333333333 0.04537037037037037
1 0.6348958333333333 0.3726851851851852 0.014583333333333334 0.04537037037037037
1 0.15286458333333333 0.6796296296296296 0.0265625 0.07777777777777778
1 0.6026041666666667 0.5101851851851852 0.0125 0.06111111111111111
1 0.81953125 0.5120370370370371 0.021354166666666667 0.06481481481481481
1 0.07734375 0.5814814814814815 0.022395833333333334 0.07592592592592592
1 0.8971354166666666 0.4949074074074074 0.005729166666666666 0.008333333333333333
