1 0.7643229166666666 0.42777777777777776 0.0140625 0.046296296296296294
1 0.6614583333333334 0.637962962962963 0.017708333333333333 0.07777777777777778
1 0.6536458333333334 0.27175925925925926 0.008333333333333333 0.03796296296296296
1 0.8986979166666667 0.4125 0.0140625 0.05092592592592592
1 0.09609375 0.6680555555555555 0.018229166666666668 0.0787037037037037
1 0.6104166666666667 0.524537037037037 0.020833333333333332 0.06388888888888888
1 0.971875 0.5416666666666666 0.017708333333333333 0.07037037037037037
1 0.55234375 0.4 0.013020833333333334 0.05185185185185185
1 0.44609375 0.6791666666666667 0.0265625 0.0824074074074074
1 0.5403645833333334 0.29768518518518516 0.011979166666666667 0.03981481481481482
1 0.6755208333333333 0.6203703703703703 0.015625 0.07222222222222222
1 0.6755208333333333 0.32546296296296295 0.009375 0.04351851851851852
1 0.35182291666666665 0.3592592592592593 0.011979166666666667 0.05
1 0.54765625 0.49212962962962964 0.0140625 0.06388888888888888
1 0.51875 0.4351851851851852 0.010416666666666666 0.05740740740740741
1 0.39427083333333335 0.3472222222222222 0.0125 0.04259259259259259
1 0.628125 0.36944444444444446 0.014583333333333334 0.04814814814814815
1 0.13333333333333333 0.6759259259259259 0.021875 0.07777777777777778
1 0.6044270833333333 0.5027777777777778 0.015104166666666667 0.05925925925925926
1 0.82421875 0.5101851851851852 0.013020833333333334 0.06481481481481481
1 0.071875 0.575925925925926 0.01875 0.07777777777777778
1 0.9624817708333333 0.4988518518518518 0.007151041666666676 0.010111111111111178
