1 0.8161458333333333 0.4444444444444444 0.015625 0.05
1 0.65078125 0.637962962962963 0.018229166666666668 0.08148148148148149
1 0.6598958333333333 0.2759259259259259 0.008333333333333333 0.037037037037037035
1 0.90546875 0.41388888888888886 0.0140625 0.05185185185185185
1 0.12161458333333333 0.674074074074074 0.0234375 0.07777777777777778
1 0.6044270833333333 0.5324074074074074 0.016145833333333335 0.06666666666666667
1 0.97265625 0.5439814814814815 0.0109375 0.06944444444444445
1 0.5502604166666667 0.4013888888888889 0.011979166666666667 0.05277777777777778
1 0.43411458333333336 0.6847222222222222 0.0203125 0.08611111111111111
1 0.53125 0.29444444444444445 0.009375 0.03888888888888889
1 0.6630208333333333 0.6194444444444445 0.013541666666666667 0.07407407407407407
1 0.671875 0.325 0.011458333333333333 0.044444444444444446
1 0.34609375 0.3625 0.015104166666666667 0.049074074074074076
1 0.5364583333333334 0.4810185185185185 0.0125 0.06018518518518518
1 0.5208333333333334 0.4361111111111111 0.0125 0.05740740740740741
1 0.38255208333333335 0.34444444444444444 0.011979166666666667 0.044444444444444446
1 0.6341145833333334 0.37407407407407406 0.0109375 0.044444444444444446
1 0.16588541666666667 0.6805555555555556 0.0203125 0.07962962962962963
1 0.5973958333333333 0.5152777777777777 0.014583333333333334 0.06574074074074074
1 0.8171875 0.5120370370370371 0.022916666666666665 0.06296296296296296
1 0.08177083333333333 0.5856481481481481 0.023958333333333335 0.075
1 0.8598958333333333 0.4736111111111111 0.005208333333333333 0.006481481481481481
