1 0.8294270833333334 0.4425925925925926 0.0203125 0.04814814814814815
1 0.6330989583333333 0.6311574074074073 0.02244791666666662 0.07472222222222226
1 0.6596354166666667 0.2773148148148148 0.009895833333333333 0.03611111111111111
1 0.8984375 0.4060185185185185 0.014583333333333334 0.04722222222222222
1 0.13619791666666667 0.6837962962962963 0.022395833333333334 0.08055555555555556
1 0.5979166666666667 0.5314814814814814 0.016666666666666666 0.06666666666666667
1 0.9598958333333333 0.5407407407407407 0.023958333333333335 0.06666666666666667
1 0.5375 0.3972222222222222 0.008333333333333333 0.05
1 0.4203125 0.6893518518518519 0.026041666666666668 0.0824074074074074
1 0.51484375 0.28564814814814815 0.011979166666666667 0.041666666666666664
1 0.6388359375 0.6157222222222223 0.01889062499999999 0.07570370370370369
1 0.6580729166666667 0.3212962962962963 0.009895833333333333 0.044444444444444446
1 0.31666666666666665 0.3638888888888889 0.0125 0.04814814814814815
1 0.5166666666666667 0.4689814814814815 0.016666666666666666 0.06018518518518518
1 0.50625 0.43333333333333335 0.013541666666666667 0.053703703703703705
1 0.35625 0.3416666666666667 0.009375 0.04259259259259259
1 0.6169270833333333 0.36435185185185187 0.011979166666666667 0.04722222222222222
1 0.18359375 0.6842592592592592 0.022395833333333334 0.07962962962962963
1 0.58125 0.5189814814814815 0.0125 0.062037037037037036
1 0.7908854166666667 0.500462962962963 0.021354166666666667 0.05648148148148148
1 0.06875 0.5884259259259259 0.014583333333333334 0.07685185185185185
1 0.9484375 0.44351851851851853 0.022916666666666665 0.053703703703703705
1 0.8210572916666667 0.4609166666666667 0.005208333333333333 0.008333333333333333
