1 0.7283854166666667 0.41944444444444445 0.0171875 0.04259259259259259
1 0.6671875 0.638425925925926 0.021875 0.0787037037037037
1 0.6494791666666667 0.2671296296296296 0.010416666666666666 0.041666666666666664
1 0.89140625 0.4111111111111111 0.0171875 0.05
1 0.08385416666666666 0.662962962962963 0.01875 0.07962962962962963
1 0.6161458333333333 0.5212962962962963 0.016666666666666666 0.06481481481481481
1 0.9813151041666667 0.5392546296296297 0.018307291666666715 0.0680462962962963
1 0.5567708333333333 0.3976851851851852 0.015625 0.049074074074074076
1 0.4549479166666667 0.6768518518518518 0.025520833333333333 0.08518518518518518
1 0.55078125 0.2967592592592593 0.0109375 0.03796296296296296
1 0.6838541666666667 0.6217592592592592 0.014583333333333334 0.075
1 0.6786458333333333 0.3263888888888889 0.009375 0.04537037037037037
1 0.3578125 0.3574074074074074 0.013541666666666667 0.04814814814814815
1 0.5520833333333334 0.49583333333333335 0.0125 0.06388888888888888
1 0.51484375 0.43333333333333335 0.009895833333333333 0.05740740740740741
1 0.39895833333333336 0.3458333333333333 0.010416666666666666 0.04351851851851852
1 0.61875 0.36435185185185187 0.015625 0.049074074074074076
1 0.1140625 0.6712962962962963 0.021875 0.07962962962962963
1 0.6151041666666667 0.49583333333333335 0.016666666666666666 0.058333333333333334
1 0.8213541666666667 0.49722222222222223 0.013541666666666667 0.06296296296296296
1 0.075 0.5615740740740741 0.017708333333333333 0.07314814814814814
1 0.9786458333333333 0.5083333333333333 0.00625 0.011111111111111112
