1 0.82734375 0.45046296296296295 0.016145833333333335 0.04722222222222222
1 0.6151041666666667 0.6337962962962963 0.022916666666666665 0.0787037037037037
1 0.6697916666666667 0.2796296296296296 0.008333333333333333 0.03888888888888889
1 0.8799479166666667 0.4009259259259259 0.011979166666666667 0.040740740740740744
1 0.14947916666666666 0.6939814814814815 0.025 0.0824074074074074
1 0.5768229166666666 0.5333333333333333 0.021354166666666667 0.06666666666666667
1 0.9651041666666667 0.5541666666666667 0.014583333333333334 0.06759259259259259
1 0.5309895833333333 0.39166666666666666 0.0078125 0.046296296296296294
1 0.3770833333333333 0.6726851851851852 0.01875 0.0787037037037037
1 0.5028645833333333 0.27824074074074073 0.013020833333333334 0.041666666666666664
1 0.6328125 0.6273148148148148 0.013541666666666667 0.06574074074074074
1 0.64140625 0.3138888888888889 0.008854166666666666 0.044444444444444446
1 0.27682291666666664 0.36712962962962964 0.015104166666666667 0.049074074074074076
1 0.49921875 0.449537037037037 0.011979166666666667 0.05648148148148148
1 0.49192708333333335 0.43287037037037035 0.008854166666666666 0.05092592592592592
1 0.3268229166666667 0.3365740740740741 0.011979166666666667 0.04537037037037037
1 0.5903645833333333 0.36342592592592593 0.015104166666666667 0.04351851851851852
1 0.1828125 0.6962962962962963 0.025 0.07777777777777778
1 0.5666666666666667 0.5328703703703703 0.0125 0.06388888888888888
1 0.7755208333333333 0.5046296296296297 0.026041666666666668 0.05555555555555555
1 0.06276041666666667 0.5625 0.016145833333333335 0.07314814814814814
1 0.8888020833333333 0.425462962962963 0.0203125 0.049074074074074076
1 0.82265625 0.4740740740740741 0.0046875 0.007407407407407408
