1 0.9177083333333333 0.48703703703703705 0.01875 0.06296296296296296
1 0.628125 0.7180555555555556 0.023958333333333335 0.09166666666666666
1 0.7598958333333333 0.274537037037037 0.0125 0.041666666666666664
1 0.93203125 0.412962962962963 0.018229166666666668 0.05185185185185185
1 0.14010416666666667 0.6976851851851852 0.017708333333333333 0.08611111111111111
1 0.5953125 0.549074074074074 0.019791666666666666 0.07407407407407407
1 0.5533854166666666 0.37407407407407406 0.009895833333333333 0.04814814814814815
1 0.3888020833333333 0.7546296296296297 0.027604166666666666 0.09814814814814815
1 0.52265625 0.2513888888888889 0.0078125 0.03611111111111111
1 0.6596354166666667 0.7657407407407407 0.021354166666666667 0.08518518518518518
1 0.66796875 0.28564814814814815 0.0109375 0.03981481481481482
1 0.23333333333333334 0.35185185185185186 0.0125 0.05
1 0.5252604166666667 0.42777777777777776 0.0140625 0.05740740740740741
1 0.5005208333333333 0.4185185185185185 0.0125 0.05740740740740741
1 0.29791666666666666 0.3101851851851852 0.0125 0.04259259259259259
1 0.58515625 0.3416666666666667 0.011979166666666667 0.04259259259259259
1 0.16875 0.7277777777777777 0.020833333333333332 0.09814814814814815
1 0.5739583333333333 0.5731481481481482 0.01875 0.06851851851851852
1 0.8966145833333333 0.5143518518518518 0.021354166666666667 0.05648148148148148
1 0.08359375 0.5138888888888888 0.0140625 0.07037037037037037
1 0.8736979166666666 0.4166666666666667 0.021354166666666667 0.053703703703703705
1 0.9188489583333334 0.5018055555555556 0.008333333333333333 0.011111111111111112
1 0.05260416666666667 0.2490740740740741 0.010416666666666666 0.03518518518518519
