1 0.8809895833333333 0.5013888888888889 0.0171875 0.06018518518518518
1 0.64453125 0.6939814814814815 0.016145833333333335 0.08055555555555556
1 0.7216145833333333 0.2912037037037037 0.008854166666666666 0.041666666666666664
1 0.9046875 0.4212962962962963 0.015625 0.05
1 0.14765625 0.7185185185185186 0.0234375 0.08888888888888889
1 0.6018229166666667 0.5638888888888889 0.015104166666666667 0.07222222222222222
1 0.5484375 0.39861111111111114 0.011458333333333333 0.049074074074074076
1 0.3653645833333333 0.7199074074074074 0.021354166666666667 0.08796296296296297
1 0.5203125 0.2800925925925926 0.011458333333333333 0.03611111111111111
1 0.6763020833333333 0.7032407407407407 0.0203125 0.058333333333333334
1 0.6596354166666667 0.3175925925925926 0.013020833333333334 0.04259259259259259
1 0.2557291666666667 0.3768518518518518 0.010416666666666666 0.05
1 0.51328125 0.45740740740740743 0.018229166666666668 0.05555555555555555
1 0.5026041666666666 0.44166666666666665 0.011458333333333333 0.05555555555555555
1 0.31614583333333335 0.3398148148148148 0.013541666666666667 0.044444444444444446
1 0.5901041666666667 0.37546296296296294 0.015625 0.049074074074074076
1 0.18072916666666666 0.7462962962962963 0.028125 0.08703703703703704
1 0.57578125 0.5736111111111111 0.015104166666666667 0.0712962962962963
1 0.8453125 0.5467592592592593 0.026041666666666668 0.062037037037037036
1 0.0765625 0.5550925925925926 0.016666666666666666 0.0712962962962963
1 0.8809895833333333 0.4361111111111111 0.015104166666666667 0.053703703703703705
1 0.8753489583333334 0.5197962962962963 0.004166666666666667 0.007407407407407408
1 0.0234375 0.2773148148148148 0.010416666666666666 0.03611111111111111
