1 0.9247395833333333 0.4722222222222222 0.013020833333333334 0.05925925925925926
1 0.6208333333333333 0.7152777777777778 0.03125 0.09166666666666666
1 0.7666666666666667 0.2638888888888889 0.011458333333333333 0.04259259259259259
1 0.94140625 0.4060185185185185 0.022395833333333334 0.049074074074074076
1 0.14427083333333332 0.6851851851851852 0.022916666666666665 0.08518518518518518
1 0.5986979166666667 0.5314814814814814 0.015104166666666667 0.07222222222222222
1 0.55390625 0.3648148148148148 0.0203125 0.04259259259259259
1 0.37838541666666664 0.7407407407407407 0.018229166666666668 0.09814814814814815
1 0.5229166666666667 0.23796296296296296 0.009375 0.03888888888888889
1 0.6502604166666667 0.7731481481481481 0.030729166666666665 0.09444444444444444
1 0.6708333333333333 0.26944444444444443 0.010416666666666666 0.040740740740740744
1 0.23125 0.33796296296296297 0.008333333333333333 0.05185185185185185
1 0.5291666666666667 0.41064814814814815 0.011458333333333333 0.058333333333333334
1 0.5018229166666667 0.4041666666666667 0.0109375 0.05648148148148148
1 0.29453125 0.29814814814814816 0.015104166666666667 0.04259259259259259
1 0.5856770833333333 0.33055555555555555 0.0109375 0.05
1 0.17317708333333334 0.7092592592592593 0.022395833333333334 0.09259259259259259
1 0.5799479166666667 0.5685185185185185 0.019270833333333334 0.07407407407407407
1 0.9049479166666666 0.49212962962962964 0.027604166666666666 0.05092592592592592
1 0.08802083333333334 0.49907407407407406 0.0125 0.06851851851851852
1 0.8755208333333333 0.40046296296296297 0.016666666666666666 0.05277777777777778
1 0.06041666666666667 0.23796296296296296 0.010416666666666666 0.03518518518518519
