1 0.878125 0.49722222222222223 0.016666666666666666 0.05925925925925926
1 0.6447916666666667 0.6916666666666667 0.01875 0.08148148148148149
1 0.71875 0.2912037037037037 0.009375 0.041666666666666664
1 0.9036458333333334 0.4203703703703704 0.013541666666666667 0.05
1 0.14713541666666666 0.7166666666666667 0.022395833333333334 0.08888888888888889
1 0.60234375 0.5634259259259259 0.018229166666666668 0.0712962962962963
1 0.5479166666666667 0.3976851851851852 0.009375 0.049074074074074076
1 0.36380208333333336 0.7185185185185186 0.021354166666666667 0.08703703703703704
1 0.5192708333333333 0.2796296296296296 0.011458333333333333 0.03518518518518519
1 0.67265625 0.7 0.021354166666666667 0.06111111111111111
1 0.65859375 0.31851851851851853 0.0140625 0.04259259259259259
1 0.25703125 0.3768518518518518 0.0109375 0.05
1 0.51171875 0.45740740740740743 0.019270833333333334 0.05555555555555555
1 0.5018229166666667 0.4412037037037037 0.011979166666666667 0.05462962962962963
1 0.31692708333333336 0.3398148148148148 0.013020833333333334 0.044444444444444446
1 0.58984375 0.375 0.013020833333333334 0.05
1 0.1796875 0.7444444444444445 0.027083333333333334 0.08888888888888889
1 0.5760416666666667 0.5722222222222222 0.013541666666666667 0.07037037037037037
1 0.84140625 0.5453703703703704 0.0265625 0.06111111111111111
1 0.07682291666666667 0.5569444444444445 0.018229166666666668 0.0712962962962963
1 0.8809895833333333 0.4361111111111111 0.013020833333333334 0.05185185185185185
1 0.8721848958333334 0.5190092592592592 0.005119791666666628 0.01012962962962968
1 0.021875 0.2777777777777778 0.010416666666666666 0.03518518518518519
