1 0.9286458333333333 0.4527777777777778 0.013541666666666667 0.05555555555555555
1 0.6104166666666667 0.7046296296296296 0.035416666666666666 0.0962962962962963
1 0.7739583333333333 0.24722222222222223 0.011458333333333333 0.04259259259259259
1 0.959375 0.38796296296296295 0.013541666666666667 0.05
1 0.14322916666666666 0.6648148148148149 0.016666666666666666 0.08703703703703704
1 0.60234375 0.5120370370370371 0.0140625 0.07037037037037037
1 0.5640625 0.3435185185185185 0.019791666666666666 0.040740740740740744
1 0.36796875 0.7287037037037037 0.0328125 0.09074074074074075
1 0.5229166666666667 0.21574074074074073 0.007291666666666667 0.037037037037037035
1 0.6239583333333333 0.7768518518518519 0.03125 0.1
1 0.6734375 0.2490740740740741 0.011458333333333333 0.040740740740740744
1 0.22447916666666667 0.3194444444444444 0.011458333333333333 0.04814814814814815
1 0.53359375 0.38796296296296295 0.0140625 0.05555555555555555
1 0.5033854166666667 0.38796296296296295 0.016145833333333335 0.05555555555555555
1 0.28802083333333334 0.2791666666666667 0.011458333333333333 0.03981481481481482
1 0.58671875 0.30648148148148147 0.0109375 0.04814814814814815
1 0.1734375 0.6731481481481482 0.019791666666666666 0.09074074074074075
1 0.5911458333333334 0.5527777777777778 0.01875 0.07222222222222222
1 0.91875 0.46944444444444444 0.020833333333333332 0.053703703703703705
1 0.09192708333333334 0.47314814814814815 0.011979166666666667 0.07037037037037037
1 0.8760416666666667 0.3837962962962963 0.019791666666666666 0.04537037037037037
1 0.94296875 0.45046296296296295 0.005729166666666666 0.010185185185185186
1 0.06770833333333333 0.21851851851851853 0.010416666666666666 0.03518518518518519
