1 0.85703125 0.4759259259259259 0.016145833333333335 0.05555555555555555
1 0.63125 0.6620370370370371 0.027083333333333334 0.07777777777777778
1 0.6955729166666667 0.2865740740740741 0.008854166666666666 0.03981481481481482
1 0.8903645833333333 0.4115740740740741 0.0109375 0.04351851851851852
1 0.14869791666666668 0.7064814814814815 0.024479166666666666 0.07777777777777778
1 0.5888020833333333 0.5509259259259259 0.0140625 0.06851851851851852
1 0.99296875 0.5814814814814815 0.013020833333333334 0.07592592592592592
1 0.5393229166666667 0.39537037037037037 0.011979166666666667 0.046296296296296294
1 0.36276041666666664 0.6916666666666667 0.0203125 0.07777777777777778
1 0.51015625 0.2814814814814815 0.0078125 0.03518518518518519
1 0.6546875 0.6606481481481481 0.014583333333333334 0.058333333333333334
1 0.6497395833333334 0.31712962962962965 0.009895833333333333 0.041666666666666664
1 0.26484375 0.3736111111111111 0.015104166666666667 0.049074074074074076
1 0.50703125 0.4546296296296296 0.015104166666666667 0.053703703703703705
1 0.496875 0.4393518518518518 0.008333333333333333 0.05648148148148148
1 0.31979166666666664 0.3402777777777778 0.0125 0.04351851851851852
1 0.5893229166666667 0.37175925925925923 0.0171875 0.04722222222222222
1 0.17994791666666668 0.7245370370370371 0.0234375 0.08055555555555556
1 0.5713541666666667 0.5555555555555556 0.014583333333333334 0.06666666666666667
1 0.8083333333333333 0.5291666666666667 0.023958333333333335 0.05462962962962963
1 0.06770833333333333 0.5583333333333333 0.014583333333333334 0.07222222222222222
1 0.88046875 0.4305555555555556 0.011979166666666667 0.046296296296296294
1 0.8484375 0.5018518518518519 0.005208333333333333 0.009259259259259259
1 0.004854166666666667 0.2760277777777778 0.009375 0.03518518518518519
