1 0.9026041666666667 0.5018518518518519 0.015625 0.06296296296296296
1 0.6401041666666667 0.7199074074074074 0.01875 0.08981481481481482
1 0.7421875 0.2884259259259259 0.011458333333333333 0.041666666666666664
1 0.9151041666666667 0.42314814814814816 0.017708333333333333 0.05185185185185185
1 0.14166666666666666 0.7157407407407408 0.023958333333333335 0.08333333333333333
1 0.6002604166666666 0.5625 0.016145833333333335 0.07314814814814814
1 0.5510416666666667 0.39351851851851855 0.009375 0.05
1 0.3765625 0.7476851851851852 0.014583333333333334 0.09351851851851851
1 0.5203125 0.27037037037037037 0.011458333333333333 0.037037037037037035
1 0.67890625 0.7476851851851852 0.022395833333333334 0.07685185185185185
1 0.6622395833333333 0.30833333333333335 0.011979166666666667 0.040740740740740744
1 0.24192708333333332 0.3699074074074074 0.011979166666666667 0.05092592592592592
1 0.51796875 0.449537037037037 0.0140625 0.06018518518518518
1 0.50078125 0.43425925925925923 0.009895833333333333 0.05925925925925926
1 0.30416666666666664 0.33055555555555555 0.011458333333333333 0.04259259259259259
1 0.5859375 0.3680555555555556 0.011458333333333333 0.049074074074074076
1 0.17161458333333332 0.7541666666666667 0.027604166666666666 0.09537037037037037
1 0.5744791666666667 0.5768518518518518 0.016666666666666666 0.07037037037037037
1 0.875 0.5402777777777777 0.01875 0.062037037037037036
1 0.07734375 0.5425925925925926 0.0140625 0.07222222222222222
1 0.8755208333333333 0.4324074074074074 0.019791666666666666 0.05740740740740741
1 0.8985729166666666 0.5169722222222222 0.005562499999999915 0.009685185185185114
1 0.0375 0.26805555555555555 0.010416666666666666 0.03611111111111111
