1 0.67578125 0.4356481481481482 0.0140625 0.05462962962962963
1 0.4671875 0.6791666666666667 0.026041666666666668 0.06944444444444445
1 0.7765625 0.2490740740740741 0.0125 0.03518518518518519
1 0.8473958333333333 0.41203703703703703 0.013541666666666667 0.04814814814814815
1 0.27369791666666665 0.5995370370370371 0.0234375 0.06388888888888888
1 0.47265625 0.5527777777777778 0.025520833333333333 0.05555555555555555
1 0.86328125 0.5388888888888889 0.015104166666666667 0.05740740740740741
1 0.496875 0.3675925925925926 0.0125 0.05
1 0.10052083333333334 0.7393518518518518 0.04583333333333333 0.062037037037037036
1 0.5075520833333333 0.2162037037037037 0.008854166666666666 0.030555555555555555
1 0.20677083333333332 0.8643518518518518 0.03229166666666667 0.0787037037037037
1 0.6140625 0.2652777777777778 0.009375 0.04537037037037037
1 0.16927083333333334 0.29398148148148145 0.017708333333333333 0.041666666666666664
1 0.44895833333333335 0.4199074074074074 0.016666666666666666 0.05648148148148148
1 0.4075520833333333 0.37824074074074077 0.0171875 0.04722222222222222
1 0.22135416666666666 0.2824074074074074 0.0125 0.037037037037037035
1 0.5296875 0.28888888888888886 0.011458333333333333 0.040740740740740744
1 0.3234375 0.6125 0.022916666666666665 0.07314814814814814
1 0.5140625 0.5888888888888889 0.023958333333333335 0.06481481481481481
1 0.8544270833333333 0.524537037037037 0.021354166666666667 0.06388888888888888
1 0.02890625 0.4949074074074074 0.028645833333333332 0.062037037037037036
1 0.8653645833333333 0.43472222222222223 0.016145833333333335 0.05462962962962963
1 0.08854166666666667 0.6064814814814815 0.010416666666666666 0.014814814814814815
1 0.11197916666666667 0.2 0.009375 0.02962962962962963
