1 0.6783854166666666 0.4097222222222222 0.0171875 0.05277777777777778
1 0.48098958333333336 0.6472222222222223 0.025520833333333333 0.07592592592592592
1 0.7393229166666667 0.23055555555555557 0.008854166666666666 0.037037037037037035
1 0.84453125 0.38564814814814813 0.013020833333333334 0.05092592592592592
1 0.24375 0.6050925925925926 0.03125 0.0787037037037037
1 0.48333333333333334 0.5444444444444444 0.022916666666666665 0.06851851851851852
1 0.8682291666666667 0.5226851851851851 0.020833333333333332 0.06759259259259259
1 0.48072916666666665 0.3402777777777778 0.0125 0.04722222222222222
1 0.12421875 0.7407407407407407 0.034895833333333334 0.08333333333333333
1 0.47161458333333334 0.19953703703703704 0.0067708333333333336 0.032407407407407406
1 0.27395833333333336 0.8212962962962963 0.04375 0.06851851851851852
1 0.5895833333333333 0.24074074074074073 0.008333333333333333 0.03888888888888889
1 0.125 0.2912037037037037 0.015625 0.04537037037037037
1 0.4515625 0.4023148148148148 0.017708333333333333 0.05648148148148148
1 0.39895833333333336 0.36944444444444446 0.016666666666666666 0.053703703703703705
1 0.18359375 0.27037037037037037 0.0140625 0.037037037037037035
1 0.5208333333333334 0.275 0.011458333333333333 0.04259259259259259
1 0.27265625 0.5916666666666667 0.030729166666666665 0.07962962962962963
1 0.53828125 0.5726851851851852 0.0296875 0.06574074074074074
1 0.8505208333333333 0.49722222222222223 0.022916666666666665 0.06111111111111111
1 0.0078125 0.49166666666666664 0.015625 0.07037037037037037
1 0.8533854166666667 0.41064814814814815 0.019270833333333334 0.05648148148148148
1 0.17473958333333334 0.5106481481481482 0.008854166666666666 0.012037037037037037
1 0.06252864583333334 0.19611111111111112 0.008994791666666665 0.02768518518518519
