1 0.6979166666666666 0.375 0.014583333333333334 0.04814814814814815
1 0.50859375 0.612037037037037 0.025520833333333333 0.07222222222222222
1 0.7145833333333333 0.2050925925925926 0.008333333333333333 0.03796296296296296
1 0.8575520833333333 0.35 0.009895833333333333 0.040740740740740744
1 0.19088541666666667 0.6143518518518518 0.030729166666666665 0.0787037037037037
1 0.5221354166666666 0.5268518518518519 0.028645833333333332 0.07222222222222222
1 0.9026041666666667 0.5074074074074074 0.019791666666666666 0.06666666666666667
1 0.47239583333333335 0.30324074074074076 0.0125 0.04351851851851852
1 0.17916666666666667 0.763425925925926 0.040625 0.09907407407407408
1 0.43984375 0.17037037037037037 0.0078125 0.03148148148148148
1 0.3260416666666667 0.7731481481481481 0.030208333333333334 0.07222222222222222
1 0.5739583333333333 0.2064814814814815 0.008333333333333333 0.037037037037037035
1 0.09140625 0.274537037037037 0.018229166666666668 0.04722222222222222
1 0.46822916666666664 0.37037037037037035 0.017708333333333333 0.053703703703703705
1 0.39895833333333336 0.350462962962963 0.015625 0.05277777777777778
1 0.15026041666666667 0.2449074074074074 0.011979166666666667 0.03425925925925926
1 0.5216145833333333 0.25324074074074077 0.011979166666666667 0.041666666666666664
1 0.21927083333333333 0.6023148148148149 0.017708333333333333 0.0787037037037037
1 0.5830729166666667 0.5546296296296296 0.022395833333333334 0.06851851851851852
1 0.86640625 0.462037037037037 0.022395833333333334 0.05925925925925926
1 0.006510416666666667 0.475462962962963 0.0109375 0.06759259259259259
1 0.8614583333333333 0.3787037037037037 0.014583333333333334 0.05555555555555555
1 0.3221354166666667 0.4356481481481482 0.009895833333333333 0.012037037037037037
1 0.012450520833333334 0.18317592592592594 0.012067708333333335 0.03518518518518519
