1 0.678125 0.41435185185185186 0.013541666666666667 0.05277777777777778
1 0.48125 0.6550925925925926 0.028125 0.0787037037037037
1 0.7463541666666667 0.23703703703703705 0.0125 0.03518518518518519
1 0.8432291666666667 0.3925925925925926 0.016666666666666666 0.05185185185185185
1 0.25703125 0.6106481481481482 0.0265625 0.0712962962962963
1 0.48541666666666666 0.5444444444444444 0.026041666666666668 0.06481481481481481
1 0.8658854166666666 0.5268518518518519 0.0265625 0.06296296296296296
1 0.48489583333333336 0.3453703703703704 0.011458333333333333 0.04259259259259259
1 0.12057291666666667 0.7393518518518518 0.028645833333333332 0.08425925925925926
1 0.47942708333333334 0.20277777777777778 0.0078125 0.03148148148148148
1 0.26666666666666666 0.8273148148148148 0.036458333333333336 0.07314814814814814
1 0.5953125 0.24722222222222223 0.010416666666666666 0.04259259259259259
1 0.13567708333333334 0.29074074074074074 0.016145833333333335 0.046296296296296294
1 0.45078125 0.40555555555555556 0.015104166666666667 0.053703703703703705
1 0.4 0.37083333333333335 0.014583333333333334 0.05092592592592592
1 0.19036458333333334 0.27175925925925926 0.0109375 0.03611111111111111
1 0.5239583333333333 0.2777777777777778 0.015625 0.04259259259259259
1 0.28177083333333336 0.600462962962963 0.025 0.06944444444444445
1 0.5330729166666667 0.5777777777777777 0.0203125 0.06296296296296296
1 0.8528645833333334 0.5041666666666667 0.0140625 0.06018518518518518
1 0.014583333333333334 0.4925925925925926 0.025 0.06296296296296296
1 0.85546875 0.41759259259259257 0.016145833333333335 0.05555555555555555
1 0.15520833333333334 0.5171296296296296 0.009375 0.013888888888888888
1 0.07181770833333333 0.1966574074074074 0.009375 0.03201851851851853
