1 0.6776041666666667 0.41805555555555557 0.016666666666666666 0.05462962962962963
1 0.4822916666666667 0.6597222222222222 0.028125 0.0787037037037037
1 0.7510416666666667 0.23981481481481481 0.011458333333333333 0.03518518518518519
1 0.8447916666666667 0.3962962962962963 0.014583333333333334 0.05
1 0.26067708333333334 0.6111111111111112 0.030729166666666665 0.07037037037037037
1 0.4825520833333333 0.5453703703703704 0.022395833333333334 0.06111111111111111
1 0.86484375 0.5300925925925926 0.0203125 0.062037037037037036
1 0.4875 0.34814814814814815 0.013541666666666667 0.044444444444444446
1 0.11953125 0.7398148148148148 0.0328125 0.07962962962962963
1 0.4830729166666667 0.20555555555555555 0.0078125 0.03333333333333333
1 0.25703125 0.8300925925925926 0.0390625 0.06574074074074074
1 0.5984375 0.24953703703703703 0.010416666666666666 0.032407407407407406
1 0.14088541666666668 0.29212962962962963 0.016145833333333335 0.04722222222222222
1 0.4510416666666667 0.4078703703703704 0.019791666666666666 0.05462962962962963
1 0.40182291666666664 0.3712962962962963 0.0171875 0.05
1 0.19479166666666667 0.27361111111111114 0.011458333333333333 0.03796296296296296
1 0.52421875 0.2824074074074074 0.013020833333333334 0.03888888888888889
1 0.28463541666666664 0.6032407407407407 0.018229166666666668 0.06759259259259259
1 0.5294270833333333 0.5782407407407407 0.0171875 0.062037037037037036
1 0.8544270833333333 0.5069444444444444 0.013020833333333334 0.06018518518518518
1 0.019010416666666665 0.4935185185185185 0.03177083333333333 0.06296296296296296
1 0.85703125 0.42083333333333334 0.0140625 0.05462962962962963
1 0.14557291666666666 0.5231481481481481 0.008854166666666666 0.012962962962962963
1 0.07864583333333333 0.1986111111111111 0.008333333333333333 0.028703703703703703
