1 0.6869791666666667 0.39166666666666666 0.017708333333333333 0.053703703703703705
1 0.4953125 0.6296296296296297 0.019791666666666666 0.07777777777777778
1 0.7223958333333333 0.2175925925925926 0.0125 0.03888888888888889
1 0.8486979166666667 0.3662037037037037 0.011979166666666667 0.04537037037037037
1 0.21536458333333333 0.5990740740740741 0.0234375 0.08148148148148149
1 0.49921875 0.5347222222222222 0.0234375 0.0712962962962963
1 0.88203125 0.5157407407407407 0.019270833333333334 0.06851851851851852
1 0.4747395833333333 0.3189814814814815 0.0140625 0.04537037037037037
1 0.14895833333333333 0.7541666666666667 0.042708333333333334 0.08981481481481482
1 0.45234375 0.1837962962962963 0.0067708333333333336 0.03425925925925926
1 0.30078125 0.7916666666666666 0.0296875 0.07592592592592592
1 0.5791666666666667 0.22361111111111112 0.009375 0.03981481481481482
1 0.10416666666666667 0.28379629629629627 0.014583333333333334 0.04351851851851852
1 0.4588541666666667 0.3851851851851852 0.020833333333333332 0.05555555555555555
1 0.396875 0.3592592592592593 0.01875 0.05555555555555555
1 0.16276041666666666 0.2569444444444444 0.013020833333333334 0.03796296296296296
1 0.5184895833333333 0.2638888888888889 0.0109375 0.04259259259259259
1 0.23854166666666668 0.5736111111111111 0.01875 0.0824074074074074
1 0.5591145833333333 0.5615740740740741 0.0203125 0.06574074074074074
1 0.8583333333333333 0.47962962962962963 0.017708333333333333 0.06296296296296296
1 0.008854166666666666 0.48703703703703705 0.016666666666666666 0.053703703703703705
1 0.8544270833333333 0.39166666666666666 0.0171875 0.05740740740740741
1 0.22630208333333332 0.5291666666666667 0.0078125 0.010185185185185186
1 0.03333333333333333 0.18888888888888888 0.009375 0.02962962962962963
