1 0.67890625 0.4050925925925926 0.0203125 0.05277777777777778
1 0.48515625 0.6416666666666667 0.024479166666666666 0.07962962962962963
1 0.7359375 0.22824074074074074 0.007291666666666667 0.03796296296296296
1 0.8447916666666667 0.38472222222222224 0.011458333333333333 0.05277777777777778
1 0.23776041666666667 0.5986111111111111 0.0296875 0.0824074074074074
1 0.4859375 0.5421296296296296 0.016666666666666666 0.0712962962962963
1 0.8700520833333333 0.5231481481481481 0.016145833333333335 0.06666666666666667
1 0.4796875 0.3351851851851852 0.013541666666666667 0.044444444444444446
1 0.13046875 0.7425925925925926 0.0390625 0.08703703703703704
1 0.46822916666666664 0.19583333333333333 0.008333333333333333 0.03425925925925926
1 0.27734375 0.8203703703703704 0.033854166666666664 0.07962962962962963
1 0.5877604166666667 0.23842592592592593 0.008854166666666666 0.041666666666666664
1 0.11901041666666666 0.287962962962963 0.013020833333333334 0.044444444444444446
1 0.45260416666666664 0.39814814814814814 0.019791666666666666 0.05555555555555555
1 0.39791666666666664 0.36527777777777776 0.01875 0.05462962962962963
1 0.17942708333333332 0.2662037037037037 0.013020833333333334 0.03796296296296296
1 0.5192708333333333 0.27361111111111114 0.010416666666666666 0.04351851851851852
1 0.26588541666666665 0.5814814814814815 0.0296875 0.08333333333333333
1 0.5411458333333333 0.5694444444444444 0.021875 0.06666666666666667
1 0.8526041666666667 0.4935185185185185 0.021875 0.06111111111111111
1 0.007552083333333333 0.49074074074074076 0.015104166666666667 0.06851851851851852
1 0.85390625 0.4083333333333333 0.015104166666666667 0.05555555555555555
1 0.18463541666666666 0.5097222222222222 0.008854166666666666 0.012037037037037037
1 0.05534895833333334 0.19353703703703704 0.0095625 0.031018518518518518
