1 0.678125 0.44305555555555554 0.014583333333333334 0.05462962962962963
1 0.44453125 0.6824074074074075 0.025520833333333333 0.06666666666666667
1 0.8260416666666667 0.2569444444444444 0.0125 0.03611111111111111
1 0.8565104166666667 0.4310185185185185 0.0140625 0.049074074074074076
1 0.30234375 0.5680555555555555 0.021354166666666667 0.05462962962962963
1 0.46484375 0.5523148148148148 0.0234375 0.058333333333333334
1 0.8653645833333333 0.5537037037037037 0.019270833333333334 0.06296296296296296
1 0.5200520833333333 0.37962962962962965 0.015104166666666667 0.05
1 0.08385416666666666 0.7453703703703703 0.035416666666666666 0.05925925925925926
1 0.5544270833333333 0.22314814814814815 0.009895833333333333 0.03333333333333333
1 0.14505208333333333 0.8666666666666667 0.0453125 0.09074074074074075
1 0.6466145833333333 0.275 0.011979166666666667 0.040740740740740744
1 0.23333333333333334 0.28055555555555556 0.015625 0.040740740740740744
1 0.4591145833333333 0.4162037037037037 0.016145833333333335 0.05277777777777778
1 0.4278645833333333 0.3800925925925926 0.011979166666666667 0.04351851851851852
1 0.27630208333333334 0.27546296296296297 0.0109375 0.030555555555555555
1 0.5510416666666667 0.287962962962963 0.0125 0.03888888888888889
1 0.37109375 0.6111111111111112 0.028645833333333332 0.05925925925925926
1 0.49973958333333335 0.5879629629629629 0.025520833333333333 0.06481481481481481
1 0.8719322916666666 0.536175925925926 0.014583333333333334 0.055314814814814824
1 0.07161458333333333 0.4634259259259259 0.024479166666666666 0.058333333333333334
1 0.8841145833333334 0.449537037037037 0.016145833333333335 0.05277777777777778
1 0.05755208333333333 0.8467592592592592 0.009895833333333333 0.01574074074074074
1 0.1874296875 0.1880462962962963 0.011390625000000003 0.025925925925925925
