1 0.6927083333333334 0.43703703703703706 0.020833333333333332 0.05
1 0.44453125 0.6657407407407407 0.0296875 0.06851851851851852
1 0.878125 0.2601851851851852 0.014583333333333334 0.03518518518518519
1 0.8796875 0.4439814814814815 0.020833333333333332 0.05462962962962963
1 0.33567708333333335 0.538425925925926 0.0265625 0.058333333333333334
1 0.48098958333333336 0.5509259259259259 0.018229166666666668 0.06296296296296296
1 0.8890625 0.5694444444444444 0.020833333333333332 0.053703703703703705
1 0.5442708333333334 0.3736111111111111 0.014583333333333334 0.04537037037037037
1 0.09375 0.7444444444444445 0.0375 0.06666666666666667
1 0.5981770833333333 0.2212962962962963 0.0067708333333333336 0.02962962962962963
1 0.12083333333333333 0.8018518518518518 0.03958333333333333 0.07407407407407407
1 0.68046875 0.2763888888888889 0.0109375 0.041666666666666664
1 0.29296875 0.26481481481481484 0.009895833333333333 0.03888888888888889
1 0.48359375 0.4009259259259259 0.0140625 0.04814814814814815
1 0.459375 0.3726851851851852 0.017708333333333333 0.04537037037037037
1 0.33125 0.2638888888888889 0.0125 0.03148148148148148
1 0.5794270833333334 0.2810185185185185 0.016145833333333335 0.03981481481481482
1 0.39765625 0.5949074074074074 0.028645833333333332 0.06388888888888888
1 0.5010416666666667 0.5745370370370371 0.025 0.058333333333333334
1 0.89453125 0.5393518518518519 0.0140625 0.04537037037037037
1 0.12916666666666668 0.42407407407407405 0.025 0.05555555555555555
1 0.9091145833333333 0.45787037037037037 0.022395833333333334 0.05277777777777778
1 0.075 0.7490740740740741 0.010416666666666666 0.012962962962962963
1 0.2548541666666667 0.17360185185185187 0.008697916666666661 0.025925925925925925
