1 0.69765625 0.4597222222222222 0.018229166666666668 0.049074074074074076
1 0.34348958333333335 0.6185185185185185 0.025520833333333333 0.06851851851851852
1 0.05182291666666667 0.2986111111111111 0.011979166666666667 0.03796296296296296
1 0.9013020833333333 0.5268518518518519 0.021354166666666667 0.05925925925925926
1 0.35234375 0.4842592592592593 0.021354166666666667 0.05
1 0.44947916666666665 0.5347222222222222 0.027083333333333334 0.05648148148148148
1 0.89921875 0.6861111111111111 0.030729166666666665 0.06851851851851852
1 0.5591145833333333 0.3773148148148148 0.0078125 0.04351851851851852
1 0.0359375 0.7078703703703704 0.020833333333333332 0.0824074074074074
1 0.6796875 0.25 0.0125 0.03333333333333333
1 0.13776041666666666 0.6837962962962963 0.027604166666666666 0.06944444444444445
1 0.7479166666666667 0.31712962962962965 0.011458333333333333 0.03981481481481482
1 0.41640625 0.2550925925925926 0.0109375 0.03611111111111111
1 0.50234375 0.38425925925925924 0.0171875 0.044444444444444446
1 0.4708333333333333 0.3787037037037037 0.01875 0.046296296296296294
1 0.4276041666666667 0.2638888888888889 0.010416666666666666 0.03333333333333333
1 0.6190104166666667 0.28935185185185186 0.008854166666666666 0.032407407407407406
1 0.3692708333333333 0.524537037037037 0.021875 0.06018518518518518
1 0.4453125 0.6050925925925926 0.021875 0.06388888888888888
1 0.9171875 0.6222222222222222 0.019791666666666666 0.05925925925925926
1 0.26197916666666665 0.35 0.009375 0.04814814814814815
1 0.9322916666666666 0.5162037037037037 0.026041666666666668 0.05648148148148148
1 0.41201041666666666 0.1637037037037037 0.006479166666666636 0.02194444444444446
