1 0.67890625 0.4425925925925926 0.0140625 0.053703703703703705
1 0.44453125 0.6805555555555556 0.027604166666666666 0.06481481481481481
1 0.8299479166666667 0.2574074074074074 0.013020833333333334 0.03518518518518519
1 0.8572916666666667 0.43194444444444446 0.017708333333333333 0.05092592592592592
1 0.30546875 0.5657407407407408 0.0234375 0.05555555555555555
1 0.46510416666666665 0.5532407407407407 0.027083333333333334 0.06018518518518518
1 0.8659635416666667 0.5538425925925926 0.022239583333333358 0.06268518518518523
1 0.52109375 0.37962962962962965 0.013020833333333334 0.05
1 0.08541666666666667 0.7435185185185185 0.0375 0.05740740740740741
1 0.5572916666666666 0.22314814814814815 0.009375 0.03333333333333333
1 0.13958333333333334 0.8657407407407407 0.041666666666666664 0.09074074074074075
1 0.6484375 0.2763888888888889 0.010416666666666666 0.03981481481481482
1 0.23723958333333334 0.2791666666666667 0.015104166666666667 0.03981481481481482
1 0.45989583333333334 0.41574074074074074 0.013541666666666667 0.05185185185185185
1 0.43046875 0.3787037037037037 0.013020833333333334 0.04259259259259259
1 0.2794270833333333 0.27314814814814814 0.009895833333333333 0.03148148148148148
1 0.553125 0.28703703703703703 0.014583333333333334 0.03888888888888889
1 0.37395833333333334 0.612037037037037 0.030208333333333334 0.06296296296296296
1 0.49973958333333335 0.5875 0.028645833333333332 0.06574074074074074
1 0.8730677083333334 0.5363472222222222 0.014583333333333334 0.05462037037037038
1 0.07395833333333333 0.46064814814814814 0.021875 0.058333333333333334
1 0.8854166666666666 0.45 0.017708333333333333 0.053703703703703705
1 0.05911458333333333 0.8564814814814815 0.009895833333333333 0.012962962962962963
1 0.19270833333333334 0.18796296296296297 0.0125 0.025925925925925925
