1 0.6864583333333333 0.44074074074074077 0.01875 0.05185185185185185
1 0.4473958333333333 0.6773148148148148 0.03229166666666667 0.0712962962962963
1 0.8536458333333333 0.2569444444444444 0.009375 0.03611111111111111
1 0.8682291666666667 0.43842592592592594 0.015625 0.05092592592592592
1 0.3190104166666667 0.5523148148148148 0.0234375 0.05462962962962963
1 0.47109375 0.5486111111111112 0.0171875 0.05462962962962963
1 0.8752604166666667 0.562037037037037 0.024479166666666666 0.06481481481481481
1 0.534375 0.37592592592592594 0.016666666666666666 0.044444444444444446
1 0.09114583333333333 0.7444444444444445 0.029166666666666667 0.06851851851851852
1 0.5776041666666667 0.2222222222222222 0.007291666666666667 0.027777777777777776
1 0.12786458333333334 0.8379629629629629 0.0453125 0.08703703703703704
1 0.6640625 0.2763888888888889 0.011458333333333333 0.03796296296296296
1 0.26484375 0.2708333333333333 0.013020833333333334 0.041666666666666664
1 0.47239583333333335 0.4083333333333333 0.020833333333333332 0.05
1 0.4453125 0.3768518518518518 0.014583333333333334 0.046296296296296294
1 0.3067708333333333 0.26851851851851855 0.013541666666666667 0.03148148148148148
1 0.565625 0.2847222222222222 0.010416666666666666 0.03796296296296296
1 0.3848958333333333 0.6064814814814815 0.025 0.06296296296296296
1 0.49947916666666664 0.5814814814814815 0.019791666666666666 0.06111111111111111
1 0.8815104166666666 0.5393518518518519 0.013020833333333334 0.05092592592592592
1 0.10234375 0.44166666666666665 0.027604166666666666 0.05740740740740741
1 0.896875 0.45601851851851855 0.015625 0.05277777777777778
1 0.06276041666666667 0.7962962962962963 0.009895833333333333 0.012962962962962963
1 0.2219791666666667 0.18053703703703702 0.008697916666666661 0.025925925925925925
