1 0.70859375 0.4351851851851852 0.022395833333333334 0.05
1 0.44453125 0.6560185185185186 0.0296875 0.06944444444444445
1 0.9315104166666667 0.2657407407407407 0.011979166666666667 0.037037037037037035
1 0.9049479166666666 0.4583333333333333 0.022395833333333334 0.053703703703703705
1 0.36276041666666664 0.5152777777777777 0.0234375 0.05648148148148148
1 0.4983020833333333 0.5454490740740741 0.014333333333333325 0.0643611111111111
1 0.91328125 0.5861111111111111 0.0265625 0.05925925925925926
1 0.5666666666666667 0.37037037037037035 0.014583333333333334 0.04814814814814815
1 0.10807291666666667 0.7356481481481482 0.0265625 0.07685185185185185
1 0.6354166666666666 0.22037037037037038 0.008333333333333333 0.03148148148148148
1 0.12734375 0.7351851851851852 0.030729166666666665 0.07222222222222222
1 0.7104166666666667 0.27824074074074073 0.010416666666666666 0.041666666666666664
1 0.3416666666666667 0.2490740740740741 0.011458333333333333 0.037037037037037035
1 0.5067708333333333 0.3921296296296296 0.015625 0.05092592592592592
1 0.4830729166666667 0.36712962962962964 0.018229166666666668 0.049074074074074076
1 0.37109375 0.2518518518518518 0.008854166666666666 0.03148148148148148
1 0.6065104166666667 0.275 0.011979166666666667 0.03888888888888889
1 0.41041666666666665 0.575 0.026041666666666668 0.06481481481481481
1 0.50546875 0.5657407407407408 0.0140625 0.05
1 0.9205729166666666 0.5569444444444445 0.0140625 0.05462962962962963
1 0.17838541666666666 0.3921296296296296 0.0203125 0.05277777777777778
1 0.9372395833333333 0.4703703703703704 0.0234375 0.05555555555555555
1 0.09479166666666666 0.7194444444444444 0.010416666666666666 0.014814814814814815
1 0.31336979166666673 0.15998148148148147 0.008697916666666632 0.025925925925925925
