1 0.6544270833333333 0.4699074074074074 0.0171875 0.05092592592592592
1 0.21536458333333333 0.5851851851851851 0.027604166666666666 0.06296296296296296
1 0.08541666666666667 0.26944444444444443 0.010416666666666666 0.037037037037037035
1 0.86484375 0.5518518518518518 0.021354166666666667 0.05925925925925926
1 0.28020833333333334 0.46111111111111114 0.017708333333333333 0.053703703703703705
1 0.35885416666666664 0.5157407407407407 0.021875 0.05185185185185185
1 0.81015625 0.7300925925925926 0.028645833333333332 0.06944444444444445
1 0.5114583333333333 0.35462962962962963 0.009375 0.03888888888888889
1 0.03984375 0.5777777777777777 0.0203125 0.06851851851851852
1 0.6520833333333333 0.24675925925925926 0.010416666666666666 0.03425925925925926
1 0.09815364583333334 0.6922592592592592 0.023276041666666667 0.07100000000000006
1 0.7497395833333333 0.3472222222222222 0.0109375 0.04259259259259259
1 0.39479166666666665 0.25462962962962965 0.010416666666666666 0.037037037037037035
1 0.4356770833333333 0.36435185185185187 0.013020833333333334 0.04351851851851852
1 0.41328125 0.3763888888888889 0.019270833333333334 0.04537037037037037
1 0.40729166666666666 0.2625 0.008333333333333333 0.032407407407407406
1 0.5666666666666667 0.28564814814814815 0.014583333333333334 0.03611111111111111
1 0.31640625 0.4550925925925926 0.0140625 0.05092592592592592
1 0.35989583333333336 0.5634259259259259 0.01875 0.062037037037037036
1 0.8302083333333333 0.637962962962963 0.027083333333333334 0.06296296296296296
1 0.2596354166666667 0.32731481481481484 0.0140625 0.04537037037037037
1 0.865859375 0.5222175925925926 0.01953125 0.0629537037037037
1 0.4244791666666667 0.1527777777777778 0.00625 0.022222222222222223
