1 0.6559895833333333 0.46944444444444444 0.013020833333333334 0.05185185185185185
1 0.20338541666666668 0.5666666666666667 0.0296875 0.05925925925925926
1 0.11692708333333333 0.2513888888888889 0.011979166666666667 0.03796296296296296
1 0.878125 0.5662037037037037 0.020833333333333332 0.062037037037037036
1 0.2796875 0.44351851851851853 0.013541666666666667 0.053703703703703705
1 0.34921875 0.5023148148148148 0.0109375 0.05462962962962963
1 0.7973958333333333 0.7439814814814815 0.029166666666666667 0.06944444444444445
1 0.5166666666666667 0.3421296296296296 0.009375 0.041666666666666664
1 0.07239583333333334 0.538425925925926 0.019791666666666666 0.06759259259259259
1 0.6606770833333333 0.24166666666666667 0.0067708333333333336 0.03333333333333333
1 0.124609375 0.6776157407407408 0.01161458333333334 0.061435185185185204
1 0.7716145833333333 0.35509259259259257 0.0109375 0.04722222222222222
1 0.40390625 0.24675925925925926 0.009895833333333333 0.03796296296296296
1 0.43333333333333335 0.35138888888888886 0.009375 0.04351851851851852
1 0.41432291666666665 0.3680555555555556 0.0171875 0.049074074074074076
1 0.4200520833333333 0.2537037037037037 0.011979166666666667 0.03518518518518519
1 0.5669270833333333 0.2810185185185185 0.013020833333333334 0.03796296296296296
1 0.3216145833333333 0.4273148148148148 0.0171875 0.04722222222222222
1 0.3609375 0.5351851851851852 0.016666666666666666 0.06296296296296296
1 0.8213541666666667 0.6467592592592593 0.03125 0.06574074074074074
1 0.2760416666666667 0.3148148148148148 0.014583333333333334 0.044444444444444446
1 0.8651041666666667 0.5268518518518519 0.015625 0.05925925925925926
1 0.44583333333333336 0.1425925925925926 0.007291666666666667 0.022222222222222223
