1 0.6526041666666667 0.4685185185185185 0.017708333333333333 0.05
1 0.20390625 0.5745370370370371 0.022395833333333334 0.06018518518518518
1 0.10338541666666666 0.2587962962962963 0.011979166666666667 0.03796296296296296
1 0.8716145833333333 0.562037037037037 0.018229166666666668 0.05740740740740741
1 0.278125 0.45092592592592595 0.014583333333333334 0.053703703703703705
1 0.3484375 0.5064814814814815 0.0125 0.05555555555555555
1 0.7979166666666667 0.7356481481481482 0.030208333333333334 0.0712962962962963
1 0.51328125 0.3490740740740741 0.013020833333333334 0.03888888888888889
1 0.06041666666666667 0.5513888888888889 0.019791666666666666 0.06388888888888888
1 0.6549479166666666 0.24305555555555555 0.011979166666666667 0.03425925925925926
1 0.11650260416666666 0.6844629629629629 0.021932291666666673 0.07020370370370375
1 0.7606770833333333 0.3541666666666667 0.011979166666666667 0.04537037037037037
1 0.39895833333333336 0.25092592592592594 0.011458333333333333 0.03518518518518519
1 0.43333333333333335 0.35509259259259257 0.016666666666666666 0.041666666666666664
1 0.4114583333333333 0.3712962962962963 0.01875 0.04814814814814815
1 0.41328125 0.2587962962962963 0.009895833333333333 0.032407407407407406
1 0.5645833333333333 0.2828703703703704 0.011458333333333333 0.03611111111111111
1 0.31927083333333334 0.43703703703703706 0.014583333333333334 0.04814814814814815
1 0.35859375 0.5476851851851852 0.0171875 0.058333333333333334
1 0.8223958333333333 0.6439814814814815 0.021875 0.06574074074074074
1 0.2677083333333333 0.32037037037037036 0.015625 0.04259259259259259
1 0.8609375 0.5236111111111111 0.025 0.05648148148148148
1 0.4354166666666667 0.14675925925925926 0.00625 0.021296296296296296
