1 0.6221354166666667 0.4777777777777778 0.0171875 0.053703703703703705
1 0.15104166666666666 0.5439814814814815 0.022916666666666665 0.06388888888888888
1 0.175 0.21481481481481482 0.011458333333333333 0.037037037037037035
1 0.8875 0.5976851851851852 0.023958333333333335 0.06574074074074074
1 0.25494791666666666 0.38935185185185184 0.0140625 0.05092592592592592
1 0.33489583333333334 0.4537037037037037 0.014583333333333334 0.05555555555555555
1 0.6817708333333333 0.7458333333333333 0.017708333333333333 0.07314814814814814
1 0.5088541666666667 0.31203703703703706 0.011458333333333333 0.040740740740740744
1 0.11614583333333334 0.4486111111111111 0.01875 0.058333333333333334
1 0.65078125 0.2222222222222222 0.0067708333333333336 0.03518518518518519
1 0.21119791666666668 0.6166666666666667 0.0171875 0.06111111111111111
1 0.7825520833333334 0.36944444444444446 0.016145833333333335 0.05185185185185185
1 0.39869791666666665 0.22546296296296298 0.0078125 0.03981481481481482
1 0.4075520833333333 0.31712962962962965 0.009895833333333333 0.03611111111111111
1 0.4088541666666667 0.35185185185185186 0.011458333333333333 0.05
1 0.42942708333333335 0.23194444444444445 0.0067708333333333336 0.03611111111111111
1 0.528125 0.27175925925925926 0.013541666666666667 0.03981481481481482
1 0.29765625 0.3592592592592593 0.013020833333333334 0.05
1 0.35494791666666664 0.449537037037037 0.011979166666666667 0.05462962962962963
1 0.7197916666666667 0.6300925925925925 0.01875 0.06388888888888888
1 0.2989583333333333 0.2828703703703704 0.0125 0.04537037037037037
1 0.7973958333333333 0.5087962962962963 0.025 0.062037037037037036
1 0.47239583333333335 0.12129629629629629 0.00625 0.020370370370370372
