1 0.6609375 0.46620370370370373 0.014583333333333334 0.05277777777777778
1 0.18828125 0.5287037037037037 0.015104166666666667 0.03148148148148148
1 0.15442708333333333 0.22592592592592592 0.009895833333333333 0.03888888888888889
1 0.903125 0.5847222222222223 0.025 0.06574074074074074
1 0.2864583333333333 0.412962962962963 0.014583333333333334 0.053703703703703705
1 0.353125 0.4837962962962963 0.01875 0.062037037037037036
1 0.775 0.7537037037037037 0.026041666666666668 0.07407407407407407
1 0.52890625 0.3212962962962963 0.0140625 0.04259259259259259
1 0.10494791666666667 0.49027777777777776 0.021354166666666667 0.062037037037037036
1 0.6747395833333333 0.22777777777777777 0.0078125 0.03333333333333333
1 0.17324479166666668 0.6416157407407407 0.023072916666666644 0.06847222222222216
1 0.796875 0.36574074074074076 0.013541666666666667 0.053703703703703705
1 0.41692708333333334 0.2310185185185185 0.009895833333333333 0.03796296296296296
1 0.43645833333333334 0.33240740740740743 0.014583333333333334 0.046296296296296294
1 0.42109375 0.3560185185185185 0.0140625 0.05092592592592592
1 0.4361979166666667 0.23842592592592593 0.009895833333333333 0.03425925925925926
1 0.5703125 0.2712962962962963 0.011458333333333333 0.040740740740740744
1 0.33203125 0.39305555555555555 0.016145833333333335 0.05277777777777778
1 0.36953125 0.49953703703703706 0.018229166666666668 0.05648148148148148
1 0.8033854166666666 0.6481481481481481 0.0265625 0.07222222222222222
1 0.29661458333333335 0.2949074074074074 0.0140625 0.04722222222222222
1 0.859375 0.5226851851851851 0.027083333333333334 0.058333333333333334
1 0.471875 0.12731481481481483 0.00625 0.021296296296296296
