1 0.6575520833333334 0.4666666666666667 0.0171875 0.05185185185185185
1 0.19817708333333334 0.5578703703703703 0.022395833333333334 0.058333333333333334
1 0.13177083333333334 0.24212962962962964 0.011458333333333333 0.03611111111111111
1 0.8875 0.5722222222222222 0.021875 0.05925925925925926
1 0.28541666666666665 0.42962962962962964 0.016666666666666666 0.05185185185185185
1 0.35234375 0.4949074074074074 0.013020833333333334 0.062037037037037036
1 0.7927083333333333 0.7481481481481481 0.025 0.07037037037037037
1 0.5223958333333333 0.3337962962962963 0.0125 0.03981481481481482
1 0.08541666666666667 0.5152777777777777 0.021875 0.06574074074074074
1 0.66640625 0.23657407407407408 0.011979166666666667 0.030555555555555555
1 0.14649739583333332 0.6609490740740741 0.017890624999999983 0.061435185185185204
1 0.7817708333333333 0.3587962962962963 0.011458333333333333 0.04722222222222222
1 0.40989583333333335 0.24027777777777778 0.009375 0.03611111111111111
1 0.4348958333333333 0.3425925925925926 0.016666666666666666 0.04259259259259259
1 0.41770833333333335 0.36157407407407405 0.014583333333333334 0.049074074074074076
1 0.4270833333333333 0.24953703703703703 0.011458333333333333 0.032407407407407406
1 0.56953125 0.27546296296296297 0.0109375 0.03611111111111111
1 0.3255208333333333 0.4125 0.014583333333333334 0.05092592592592592
1 0.36380208333333336 0.5222222222222223 0.0140625 0.05740740740740741
1 0.8184895833333333 0.6476851851851851 0.018229166666666668 0.06574074074074074
1 0.28229166666666666 0.3074074074074074 0.011458333333333333 0.046296296296296294
1 0.8643229166666667 0.524537037037037 0.028645833333333332 0.058333333333333334
1 0.4552083333333333 0.13564814814814816 0.00625 0.021296296296296296
