1 0.6208333333333333 0.4791666666666667 0.019791666666666666 0.05462962962962963
1 0.14921875 0.5449074074074074 0.021354166666666667 0.062037037037037036
1 0.17552083333333332 0.21435185185185185 0.011458333333333333 0.03611111111111111
1 0.8885416666666667 0.5990740740740741 0.022916666666666665 0.06666666666666667
1 0.25286458333333334 0.3888888888888889 0.013020833333333334 0.05185185185185185
1 0.33489583333333334 0.45185185185185184 0.016666666666666666 0.05555555555555555
1 0.6783854166666666 0.7458333333333333 0.022395833333333334 0.075
1 0.5078125 0.31157407407407406 0.008333333333333333 0.041666666666666664
1 0.11588541666666667 0.44583333333333336 0.019270833333333334 0.05648148148148148
1 0.65078125 0.22175925925925927 0.0067708333333333336 0.032407407407407406
1 0.21223958333333334 0.6148148148148148 0.015104166666666667 0.06111111111111111
1 0.7830729166666667 0.36944444444444446 0.0140625 0.05185185185185185
1 0.39817708333333335 0.22546296296296298 0.0078125 0.041666666666666664
1 0.40703125 0.31712962962962965 0.009895833333333333 0.03425925925925926
1 0.40859375 0.3523148148148148 0.011979166666666667 0.05092592592592592
1 0.42890625 0.23194444444444445 0.0078125 0.03611111111111111
1 0.5265625 0.2722222222222222 0.014583333333333334 0.03888888888888889
1 0.29661458333333335 0.3587962962962963 0.011979166666666667 0.05092592592592592
1 0.3546875 0.44722222222222224 0.011458333333333333 0.05555555555555555
1 0.715625 0.6296296296296297 0.027083333333333334 0.06296296296296296
1 0.2989583333333333 0.28194444444444444 0.0125 0.04351851851851852
1 0.796875 0.5092592592592593 0.021875 0.05925925925925926
1 0.47265625 0.12037037037037036 0.005729166666666666 0.020370370370370372
