1 0.6520833333333333 0.4699074074074074 0.0125 0.05092592592592592
1 0.21979166666666666 0.5916666666666667 0.025 0.06111111111111111
1 0.0765625 0.2763888888888889 0.010416666666666666 0.03796296296296296
1 0.85625 0.5486111111111112 0.019791666666666666 0.05462962962962963
1 0.27760416666666665 0.4675925925925926 0.013541666666666667 0.05
1 0.35963541666666665 0.5189814814814815 0.021354166666666667 0.058333333333333334
1 0.8125 0.7222222222222222 0.025 0.07037037037037037
1 0.5098958333333333 0.35694444444444445 0.014583333333333334 0.03981481481481482
1 0.03203125 0.5944444444444444 0.019270833333333334 0.06851851851851852
1 0.64765625 0.24583333333333332 0.011979166666666667 0.032407407407407406
1 0.09453125 0.700462962962963 0.015104166666666667 0.06944444444444445
1 0.7432291666666667 0.3453703703703704 0.011458333333333333 0.04259259259259259
1 0.3919270833333333 0.25601851851851853 0.009895833333333333 0.03796296296296296
1 0.43645833333333334 0.36666666666666664 0.016666666666666666 0.044444444444444446
1 0.4140625 0.3768518518518518 0.019791666666666666 0.046296296296296294
1 0.4036458333333333 0.2652777777777778 0.009375 0.030555555555555555
1 0.5658854166666667 0.287962962962963 0.0078125 0.03333333333333333
1 0.3143229166666667 0.46574074074074073 0.015104166666666667 0.05925925925925926
1 0.3614583333333333 0.5726851851851852 0.015625 0.05462962962962963
1 0.8322916666666667 0.6347222222222222 0.017708333333333333 0.062037037037037036
1 0.2552083333333333 0.33194444444444443 0.014583333333333334 0.04351851851851852
1 0.8674479166666667 0.5199074074074074 0.016145833333333335 0.06018518518518518
1 0.41921614583333333 0.15528703703703706 0.005526041666666674 0.02205555555555555
