1 0.57265625 0.4976851851851852 0.019270833333333334 0.05648148148148148
1 0.0953125 0.5685185185185185 0.023958333333333335 0.07222222222222222
1 0.14010416666666667 0.21851851851851853 0.011458333333333333 0.040740740740740744
1 0.9205729166666666 0.6851851851851852 0.028645833333333332 0.07777777777777778
1 0.16901041666666666 0.38657407407407407 0.016145833333333335 0.05462962962962963
1 0.25546875 0.44722222222222224 0.015104166666666667 0.05740740740740741
1 0.4231770833333333 0.7717592592592593 0.0296875 0.0787037037037037
1 0.44973958333333336 0.33055555555555555 0.011979166666666667 0.04259259259259259
1 0.08463541666666667 0.4444444444444444 0.016145833333333335 0.05925925925925926
1 0.6059895833333333 0.22824074074074074 0.008854166666666666 0.03611111111111111
1 0.24557291666666667 0.6157407407407407 0.021354166666666667 0.06851851851851852
1 0.7559895833333333 0.3648148148148148 0.016145833333333335 0.05185185185185185
1 0.34765625 0.22962962962962963 0.008854166666666666 0.040740740740740744
1 0.3658854166666667 0.3333333333333333 0.013020833333333334 0.04814814814814815
1 0.3489583333333333 0.38425925925925924 0.010416666666666666 0.05740740740740741
1 0.4005208333333333 0.22685185185185186 0.010416666666666666 0.037037037037037035
1 0.4515625 0.29212962962962963 0.009375 0.04537037037037037
1 0.23072916666666668 0.34675925925925927 0.0125 0.049074074074074076
1 0.25625 0.4185185185185185 0.013541666666666667 0.05
1 0.4973958333333333 0.6231481481481481 0.016666666666666666 0.06666666666666667
1 0.24947916666666667 0.2949074074074074 0.014583333333333334 0.04722222222222222
1 0.6981770833333333 0.5097222222222222 0.016145833333333335 0.06759259259259259
1 0.4109375 0.7615740740740741 0.008333333333333333 0.013888888888888888
1 0.4395833333333333 0.11851851851851852 0.00625 0.024074074074074074
