1 0.5932291666666667 0.487962962962963 0.013541666666666667 0.05925925925925926
1 0.10885416666666667 0.5444444444444444 0.020833333333333332 0.07222222222222222
1 0.16588541666666667 0.19583333333333333 0.013020833333333334 0.03981481481481482
1 0.9096354166666667 0.6606481481481481 0.0296875 0.08055555555555556
1 0.19635416666666666 0.36666666666666664 0.014583333333333334 0.05185185185185185
1 0.2869791666666667 0.4300925925925926 0.015625 0.062037037037037036
1 0.5119791666666667 0.7587962962962963 0.021875 0.075
1 0.47630208333333335 0.3125 0.011979166666666667 0.03611111111111111
1 0.10260416666666666 0.41388888888888886 0.016666666666666666 0.06481481481481481
1 0.6315104166666666 0.20972222222222223 0.0078125 0.03796296296296296
1 0.24244791666666668 0.6023148148148149 0.019270833333333334 0.06759259259259259
1 0.7752604166666667 0.3560185185185185 0.013020833333333334 0.05277777777777778
1 0.37109375 0.21157407407407408 0.009895833333333333 0.041666666666666664
1 0.3890625 0.30972222222222223 0.0125 0.05277777777777778
1 0.37473958333333335 0.3541666666666667 0.013020833333333334 0.05277777777777778
1 0.4192708333333333 0.2101851851851852 0.011458333333333333 0.03888888888888889
1 0.47942708333333334 0.26481481481481484 0.0078125 0.03518518518518519
1 0.25729166666666664 0.33055555555555555 0.014583333333333334 0.05
1 0.29453125 0.4046296296296296 0.016145833333333335 0.05185185185185185
1 0.5765625 0.6212962962962963 0.030208333333333334 0.07222222222222222
1 0.2734375 0.26944444444444443 0.011458333333333333 0.046296296296296294
1 0.7390625 0.5 0.015625 0.06481481481481481
1 0.45989583333333334 0.09907407407407408 0.00625 0.024074074074074074
