1 0.5747395833333333 0.4962962962962963 0.019270833333333334 0.05925925925925926
1 0.0984375 0.5638888888888889 0.026041666666666668 0.07037037037037037
1 0.14453125 0.21388888888888888 0.0109375 0.040740740740740744
1 0.91640625 0.6824074074074075 0.0328125 0.07777777777777778
1 0.17291666666666666 0.3824074074074074 0.016666666666666666 0.053703703703703705
1 0.2596354166666667 0.4425925925925926 0.013020833333333334 0.05740740740740741
1 0.4319453125 0.7690509259259259 0.02493229166666667 0.07584259259259256
1 0.45338541666666665 0.324537037037037 0.011979166666666667 0.04722222222222222
1 0.08776041666666666 0.43842592592592594 0.015104166666666667 0.06018518518518518
1 0.6091145833333333 0.22453703703703703 0.008854166666666666 0.03796296296296296
1 0.24479166666666666 0.6111111111111112 0.017708333333333333 0.06666666666666667
1 0.75859375 0.3611111111111111 0.0140625 0.05185185185185185
1 0.3515625 0.22592592592592592 0.008333333333333333 0.040740740740740744
1 0.3703125 0.3287037037037037 0.013541666666666667 0.05
1 0.35182291666666665 0.37824074074074077 0.011979166666666667 0.05648148148148148
1 0.40390625 0.22407407407407406 0.0109375 0.037037037037037035
1 0.4549479166666667 0.287962962962963 0.008854166666666666 0.044444444444444446
1 0.23463541666666668 0.3425925925925926 0.011979166666666667 0.05185185185185185
1 0.2609375 0.4125 0.0125 0.04537037037037037
1 0.5075520833333333 0.6208333333333333 0.025520833333333333 0.06944444444444445
1 0.2546875 0.29074074074074074 0.015625 0.046296296296296294
1 0.7028645833333333 0.5083333333333333 0.019270833333333334 0.06666666666666667
1 0.41041666666666665 0.7615740740740741 0.008333333333333333 0.012037037037037037
1 0.4427083333333333 0.11481481481481481 0.00625 0.024074074074074074
