1 0.6096354166666667 0.4875 0.011979166666666667 0.06018518518518518
1 0.12864583333333332 0.5449074074074074 0.023958333333333335 0.06574074074074074
1 0.17526041666666667 0.20462962962962963 0.0109375 0.037037037037037035
1 0.8916666666666667 0.6194444444444445 0.025 0.07777777777777778
1 0.225 0.37592592592592594 0.011458333333333333 0.04814814814814815
1 0.31744791666666666 0.43796296296296294 0.015104166666666667 0.05740740740740741
1 0.6096354166666667 0.7481481481481481 0.0265625 0.07592592592592592
1 0.49557291666666664 0.30972222222222223 0.013020833333333334 0.04351851851851852
1 0.10911458333333333 0.4217592592592593 0.018229166666666668 0.058333333333333334
1 0.64296875 0.21388888888888888 0.005729166666666666 0.03333333333333333
1 0.22760416666666666 0.6087962962962963 0.016666666666666666 0.06574074074074074
1 0.7799479166666666 0.36574074074074076 0.015104166666666667 0.05185185185185185
1 0.38697916666666665 0.21851851851851853 0.007291666666666667 0.040740740740740744
1 0.3984375 0.31296296296296294 0.009375 0.044444444444444446
1 0.39765625 0.34814814814814815 0.013020833333333334 0.05185185185185185
1 0.42291666666666666 0.2222222222222222 0.008333333333333333 0.037037037037037035
1 0.50390625 0.26990740740740743 0.013020833333333334 0.04351851851851852
1 0.27578125 0.3476851851851852 0.0109375 0.05092592592592592
1 0.33515625 0.4217592592592593 0.013020833333333334 0.05092592592592592
1 0.6588541666666666 0.6268518518518519 0.029166666666666667 0.06296296296296296
1 0.290625 0.2740740740740741 0.013541666666666667 0.046296296296296294
1 0.76796875 0.5069444444444444 0.0203125 0.06388888888888888
1 0.4700520833333333 0.10833333333333334 0.005729166666666666 0.020370370370370372
