1 0.5966145833333333 0.487962962962963 0.015104166666666667 0.05925925925925926
1 0.11302083333333333 0.5467592592592593 0.019791666666666666 0.07685185185185185
1 0.16875 0.19722222222222222 0.011458333333333333 0.040740740740740744
1 0.90625 0.6518518518518519 0.026041666666666668 0.07777777777777778
1 0.20104166666666667 0.36712962962962964 0.014583333333333334 0.05277777777777778
1 0.2942708333333333 0.43425925925925923 0.016666666666666666 0.06111111111111111
1 0.5356770833333333 0.7527777777777778 0.0328125 0.07592592592592592
1 0.4828125 0.30925925925925923 0.010416666666666666 0.044444444444444446
1 0.10338541666666666 0.41435185185185186 0.022395833333333334 0.062037037037037036
1 0.6348958333333333 0.2101851851851852 0.008333333333333333 0.037037037037037035
1 0.24036458333333333 0.6078703703703704 0.021354166666666667 0.0712962962962963
1 0.7760416666666666 0.3587962962962963 0.016666666666666666 0.05277777777777778
1 0.375 0.21157407407407408 0.010416666666666666 0.041666666666666664
1 0.39140625 0.30972222222222223 0.013020833333333334 0.05092592592592592
1 0.3796875 0.35185185185185186 0.009375 0.05185185185185185
1 0.41953125 0.2125 0.008854166666666666 0.03796296296296296
1 0.48515625 0.26990740740740743 0.011979166666666667 0.04537037037037037
1 0.26067708333333334 0.33240740740740743 0.013020833333333334 0.05185185185185185
1 0.3033854166666667 0.4074074074074074 0.0140625 0.053703703703703705
1 0.5984375 0.625 0.019791666666666666 0.06666666666666667
1 0.27760416666666665 0.26851851851851855 0.013541666666666667 0.046296296296296294
1 0.74453125 0.5037037037037037 0.0203125 0.06666666666666667
1 0.4627604166666667 0.09907407407407408 0.005729166666666666 0.022222222222222223
