1 0.5794270833333334 0.49444444444444446 0.0140625 0.06481481481481481
1 0.10260416666666666 0.5564814814814815 0.026041666666666668 0.06851851851851852
1 0.15130208333333334 0.20787037037037037 0.011979166666666667 0.03981481481481482
1 0.9182291666666667 0.6782407407407407 0.028125 0.0787037037037037
1 0.17890625 0.3763888888888889 0.015104166666666667 0.05462962962962963
1 0.26614583333333336 0.4361111111111111 0.013541666666666667 0.06111111111111111
1 0.44895833333333335 0.7638888888888888 0.023958333333333335 0.07777777777777778
1 0.4596354166666667 0.31805555555555554 0.0109375 0.04722222222222222
1 0.09244791666666667 0.42962962962962964 0.0140625 0.06111111111111111
1 0.6166666666666667 0.21944444444444444 0.00625 0.037037037037037035
1 0.24427083333333333 0.6046296296296296 0.014583333333333334 0.06481481481481481
1 0.7635416666666667 0.3592592592592593 0.0125 0.053703703703703705
1 0.3575520833333333 0.22083333333333333 0.008854166666666666 0.041666666666666664
1 0.37604166666666666 0.3212962962962963 0.0125 0.05
1 0.3580729166666667 0.37083333333333335 0.011979166666666667 0.05648148148148148
1 0.41041666666666665 0.21805555555555556 0.013541666666666667 0.03796296296296296
1 0.46197916666666666 0.2800925925925926 0.007291666666666667 0.041666666666666664
1 0.24010416666666667 0.33796296296296297 0.013541666666666667 0.05185185185185185
1 0.2674479166666667 0.41203703703703703 0.011979166666666667 0.05185185185185185
1 0.5231770833333333 0.6199074074074075 0.016145833333333335 0.0712962962962963
1 0.26145833333333335 0.28379629629629627 0.015625 0.04722222222222222
1 0.71171875 0.5055555555555555 0.0171875 0.06481481481481481
1 0.40286458333333336 0.7666666666666667 0.008854166666666666 0.014814814814814815
1 0.4479166666666667 0.1087962962962963 0.00625 0.025
