1 0.5557291666666667 0.5162037037037037 0.013541666666666667 0.058333333333333334
1 0.08776041666666666 0.5884259259259259 0.024479166666666666 0.06574074074074074
1 0.11848958333333333 0.23935185185185184 0.0109375 0.03981481481481482
1 0.9119791666666667 0.7013888888888888 0.03333333333333333 0.08055555555555556
1 0.14739583333333334 0.4050925925925926 0.016666666666666666 0.05277777777777778
1 0.23203125 0.46064814814814814 0.0171875 0.06018518518518518
1 0.37368229166666667 0.7906666666666666 0.02623958333333333 0.08194444444444444
1 0.42682291666666666 0.3486111111111111 0.013020833333333334 0.04722222222222222
1 0.07161458333333333 0.46805555555555556 0.0234375 0.062037037037037036
1 0.58515625 0.24537037037037038 0.0067708333333333336 0.037037037037037035
1 0.23723958333333334 0.6342592592592593 0.022395833333333334 0.07037037037037037
1 0.7419270833333333 0.37546296296296294 0.011979166666666667 0.05092592592592592
1 0.328125 0.24861111111111112 0.009375 0.041666666666666664
1 0.3463541666666667 0.35555555555555557 0.014583333333333334 0.05185185185185185
1 0.32864583333333336 0.4041666666666667 0.009375 0.05462962962962963
1 0.38359375 0.2439814814814815 0.0109375 0.03796296296296296
1 0.42994791666666665 0.3111111111111111 0.0109375 0.046296296296296294
1 0.21015625 0.36342592592592593 0.0140625 0.05092592592592592
1 0.23776041666666667 0.4388888888888889 0.015104166666666667 0.05185185185185185
1 0.9872942708333333 0.9448148148148149 0.025411458333333314 0.06851851851851862
1 0.45364583333333336 0.6337962962962963 0.01875 0.06759259259259259
1 0.22864583333333333 0.3199074074074074 0.011458333333333333 0.049074074074074076
1 0.66875 0.5171296296296296 0.020833333333333332 0.06018518518518518
1 0.3653645833333333 0.7666666666666667 0.008854166666666666 0.016666666666666666
1 0.42291666666666666 0.13796296296296295 0.007291666666666667 0.024074074074074074
