1 0.49583333333333335 0.5518518518518518 0.013541666666666667 0.05740740740740741
1 0.10234375 0.6296296296296297 0.0296875 0.07037037037037037
1 0.0734375 0.28935185185185186 0.010416666666666666 0.041666666666666664
1 0.9057291666666667 0.7027777777777777 0.029166666666666667 0.07222222222222222
1 0.10416666666666667 0.4449074074074074 0.014583333333333334 0.05092592592592592
1 0.18802083333333333 0.5101851851851852 0.016666666666666666 0.06296296296296296
1 0.2591145833333333 0.774074074074074 0.0171875 0.08888888888888889
1 0.3828125 0.38842592592592595 0.010416666666666666 0.04722222222222222
1 0.03515625 0.5217592592592593 0.022395833333333334 0.05648148148148148
1 0.5380208333333333 0.2824074074074074 0.008333333333333333 0.03518518518518519
1 0.20494791666666667 0.6555555555555556 0.028645833333333332 0.06851851851851852
1 0.7013020833333333 0.3921296296296296 0.0109375 0.04722222222222222
1 0.2859375 0.28703703703703703 0.008333333333333333 0.03888888888888889
1 0.30442708333333335 0.40046296296296297 0.0140625 0.049074074074074076
1 0.29453125 0.44212962962962965 0.009895833333333333 0.05462962962962963
1 0.3463541666666667 0.27824074074074073 0.008333333333333333 0.032407407407407406
1 0.4015625 0.3527777777777778 0.010416666666666666 0.044444444444444446
1 0.15104166666666666 0.41064814814814815 0.014583333333333334 0.041666666666666664
1 0.22057291666666667 0.4773148148148148 0.016145833333333335 0.05277777777777778
1 0.9731770833333333 0.9421296296296297 0.04114583333333333 0.09722222222222222
1 0.32083333333333336 0.6518518518518519 0.020833333333333332 0.06851851851851852
1 0.18125 0.3763888888888889 0.015625 0.04722222222222222
1 0.5778645833333333 0.5347222222222222 0.021354166666666667 0.058333333333333334
1 0.26071614583333336 0.73625 0.009734374999999998 0.015240740740740775
1 0.3852552083333334 0.18549074074074073 0.008697916666666632 0.02394444444444443
