1 0.4239583333333333 0.5601851851851852 0.014583333333333334 0.06111111111111111
1 0.13359375 0.6143518518518518 0.021354166666666667 0.062037037037037036
1 0.08619791666666667 0.2986111111111111 0.0140625 0.03796296296296296
1 0.91484375 0.6967592592592593 0.018229166666666668 0.07685185185185185
1 0.11848958333333333 0.4527777777777778 0.013020833333333334 0.04814814814814815
1 0.22421875 0.500462962962963 0.0203125 0.05462962962962963
1 0.2872395833333333 0.7763888888888889 0.019270833333333334 0.06388888888888888
1 0.38515625 0.3861111111111111 0.009895833333333333 0.046296296296296294
1 0.0734375 0.5185185185185185 0.022916666666666665 0.05555555555555555
1 0.5544270833333333 0.2898148148148148 0.0078125 0.03333333333333333
1 0.18411458333333333 0.6296296296296297 0.0171875 0.07037037037037037
1 0.6997395833333333 0.3773148148148148 0.0109375 0.04351851851851852
1 0.28958333333333336 0.2949074074074074 0.011458333333333333 0.03425925925925926
1 0.32473958333333336 0.3972222222222222 0.011979166666666667 0.044444444444444446
1 0.29973958333333334 0.43148148148148147 0.0140625 0.05
1 0.35442708333333334 0.27314814814814814 0.005729166666666666 0.02962962962962963
1 0.41796875 0.3611111111111111 0.0078125 0.04259259259259259
1 0.15052083333333333 0.4393518518518518 0.013541666666666667 0.05092592592592592
1 0.2390625 0.4898148148148148 0.0125 0.05555555555555555
1 0.9927083333333333 0.9162037037037037 0.013541666666666667 0.08425925925925926
1 0.28671875 0.6356481481481482 0.013020833333333334 0.06388888888888888
1 0.20598958333333334 0.3773148148148148 0.0140625 0.04351851851851852
1 0.5033854166666667 0.5208333333333334 0.015104166666666667 0.058333333333333334
1 0.5973958333333333 0.700925925925926 0.008333333333333333 0.011111111111111112
1 0.38636979166666663 0.19490277777777779 0.008697916666666632 0.022953703703703695
