1 0.4236979166666667 0.5606481481481481 0.0140625 0.062037037037037036
1 0.13385416666666666 0.6138888888888889 0.019791666666666666 0.06296296296296296
1 0.08645833333333333 0.29814814814814816 0.013541666666666667 0.037037037037037035
1 0.9151041666666667 0.6972222222222222 0.017708333333333333 0.07777777777777778
1 0.11848958333333333 0.4527777777777778 0.013020833333333334 0.04814814814814815
1 0.22473958333333333 0.49953703703703706 0.0203125 0.05462962962962963
1 0.28802083333333334 0.7768518518518519 0.019791666666666666 0.06481481481481481
1 0.38515625 0.3861111111111111 0.009895833333333333 0.046296296296296294
1 0.07421875 0.5180555555555556 0.0234375 0.05648148148148148
1 0.5552083333333333 0.28935185185185186 0.007291666666666667 0.03425925925925926
1 0.18359375 0.6296296296296297 0.0171875 0.07222222222222222
1 0.7005208333333334 0.3768518518518518 0.010416666666666666 0.044444444444444446
1 0.28958333333333336 0.2949074074074074 0.0125 0.03425925925925926
1 0.3255208333333333 0.39675925925925926 0.0125 0.04537037037037037
1 0.3 0.43148148148148147 0.014583333333333334 0.05
1 0.35442708333333334 0.2726851851851852 0.005729166666666666 0.030555555555555555
1 0.41848958333333336 0.3611111111111111 0.0078125 0.04259259259259259
1 0.15104166666666666 0.4393518518518518 0.013541666666666667 0.05092592592592592
1 0.23932291666666666 0.4898148148148148 0.013020833333333334 0.05555555555555555
1 0.9924479166666667 0.9162037037037037 0.0140625 0.08425925925925926
1 0.2869791666666667 0.6361111111111111 0.013541666666666667 0.06296296296296296
1 0.20651041666666667 0.3768518518518518 0.0140625 0.044444444444444446
1 0.5028645833333333 0.5194444444444445 0.015104166666666667 0.05740740740740741
1 0.5973958333333333 0.700925925925926 0.008333333333333333 0.011111111111111112
1 0.38671354166666666 0.1957824074074074 0.008072916666666667 0.021287037037037045
