1 0.46536458333333336 0.549537037037037 0.0171875 0.049074074074074076
1 0.11067708333333333 0.624537037037037 0.019270833333333334 0.06759259259259259
1 0.075 0.2935185185185185 0.010416666666666666 0.03888888888888889
1 0.9075520833333334 0.700462962962963 0.027604166666666666 0.075
1 0.10572916666666667 0.4444444444444444 0.014583333333333334 0.05185185185185185
1 0.19322916666666667 0.5106481481481482 0.015625 0.062037037037037036
1 0.2638020833333333 0.7638888888888888 0.027604166666666666 0.07777777777777778
1 0.38229166666666664 0.3907407407407407 0.010416666666666666 0.044444444444444446
1 0.05078125 0.5268518518518519 0.019270833333333334 0.05925925925925926
1 0.5390625 0.2861111111111111 0.007291666666666667 0.03518518518518519
1 0.1953125 0.6467592592592593 0.020833333333333332 0.06388888888888888
1 0.6947916666666667 0.387037037037037 0.010416666666666666 0.046296296296296294
1 0.2833333333333333 0.2902777777777778 0.008333333333333333 0.03796296296296296
1 0.30442708333333335 0.399537037037037 0.016145833333333335 0.04722222222222222
1 0.29270833333333335 0.44212962962962965 0.013541666666666667 0.05277777777777778
1 0.346875 0.27685185185185185 0.007291666666666667 0.03148148148148148
1 0.4044270833333333 0.3574074074074074 0.008854166666666666 0.044444444444444446
1 0.13671875 0.425462962962963 0.011979166666666667 0.049074074074074076
1 0.22682291666666668 0.4828703703703704 0.013020833333333334 0.05648148148148148
1 0.98125 0.9314814814814815 0.036458333333333336 0.08518518518518518
1 0.29296875 0.6476851851851851 0.018229166666666668 0.06388888888888888
1 0.18255208333333334 0.37824074074074077 0.013020833333333334 0.04722222222222222
1 0.5481770833333334 0.5347222222222222 0.015104166666666667 0.05462962962962963
1 0.25286458333333334 0.7337962962962963 0.0078125 0.01574074074074074
1 0.3802083333333333 0.1925925925925926 0.005208333333333333 0.016666666666666666
