1 0.5057291666666667 0.5541666666666667 0.01875 0.06018518518518518
1 0.08776041666666666 0.6328703703703704 0.0234375 0.06759259259259259
1 0.07239583333333334 0.28703703703703703 0.0125 0.040740740740740744
1 0.9046875 0.7060185185185185 0.020833333333333332 0.075
1 0.10208333333333333 0.4439814814814815 0.015625 0.05277777777777778
1 0.18619791666666666 0.5060185185185185 0.015104166666666667 0.058333333333333334
1 0.26510416666666664 0.7902777777777777 0.019791666666666666 0.08055555555555556
1 0.38125 0.38796296296296295 0.013541666666666667 0.04814814814814815
1 0.029947916666666668 0.5185185185185185 0.024479166666666666 0.05925925925925926
1 0.5385416666666667 0.28055555555555556 0.007291666666666667 0.03333333333333333
1 0.20911458333333333 0.6615740740740741 0.0296875 0.06574074074074074
1 0.703125 0.39305555555555555 0.0125 0.049074074074074076
1 0.2875 0.2861111111111111 0.010416666666666666 0.03888888888888889
1 0.30416666666666664 0.3990740740740741 0.014583333333333334 0.05
1 0.29322916666666665 0.44212962962962965 0.010416666666666666 0.05462962962962963
1 0.3453125 0.2773148148148148 0.007291666666666667 0.03425925925925926
1 0.39895833333333336 0.35138888888888886 0.009375 0.04537037037037037
1 0.15989583333333332 0.40555555555555556 0.017708333333333333 0.04259259259259259
1 0.21380208333333334 0.47685185185185186 0.015104166666666667 0.05185185185185185
1 0.9700520833333334 0.9430555555555555 0.04114583333333333 0.09537037037037037
1 0.34010416666666665 0.6560185185185186 0.021875 0.06574074074074074
1 0.18125 0.3726851851851852 0.011458333333333333 0.049074074074074076
1 0.5916666666666667 0.5356481481481481 0.013541666666666667 0.058333333333333334
1 0.26484375 0.750462962962963 0.011979166666666667 0.017592592592592594
1 0.3854166666666667 0.18287037037037038 0.007291666666666667 0.023148148148148147
