1 0.453125 0.5523148148148148 0.019791666666666666 0.05277777777777778
1 0.11536458333333334 0.6240740740740741 0.021354166666666667 0.06851851851851852
1 0.0765625 0.29444444444444445 0.010416666666666666 0.03888888888888889
1 0.9138020833333333 0.6981481481481482 0.0171875 0.07407407407407407
1 0.1078125 0.44675925925925924 0.014583333333333334 0.05277777777777778
1 0.19661458333333334 0.5060185185185185 0.0109375 0.058333333333333334
1 0.27057291666666666 0.7662037037037037 0.024479166666666666 0.0712962962962963
1 0.38229166666666664 0.3912037037037037 0.010416666666666666 0.04351851851851852
1 0.05625 0.5263888888888889 0.017708333333333333 0.06018518518518518
1 0.5401041666666667 0.2884259259259259 0.007291666666666667 0.03425925925925926
1 0.19166666666666668 0.6435185185185185 0.020833333333333332 0.06296296296296296
1 0.69453125 0.38564814814814813 0.0109375 0.04537037037037037
1 0.28359375 0.2902777777777778 0.008854166666666666 0.03796296296296296
1 0.30546875 0.40046296296296297 0.011979166666666667 0.04722222222222222
1 0.29270833333333335 0.4393518518518518 0.014583333333333334 0.05277777777777778
1 0.34817708333333336 0.27685185185185185 0.0078125 0.03148148148148148
1 0.40625 0.36018518518518516 0.009375 0.044444444444444446
1 0.1359375 0.42962962962962964 0.0125 0.05185185185185185
1 0.228125 0.4842592592592593 0.0125 0.05555555555555555
1 0.9815625 0.9333333333333333 0.03687499999999998 0.09074074074074075
1 0.2908854166666667 0.6444444444444445 0.019270833333333334 0.06296296296296296
1 0.1859375 0.3768518518518518 0.0125 0.04814814814814815
1 0.5354166666666667 0.5305555555555556 0.025 0.05555555555555555
1 0.29244791666666664 0.711574074074074 0.009895833333333333 0.012037037037037037
1 0.3802083333333333 0.19212962962962962 0.005208333333333333 0.021296296296296296
