1 0.5138020833333333 0.5537037037037037 0.011979166666666667 0.06111111111111111
1 0.07604166666666666 0.6319444444444444 0.020833333333333332 0.06944444444444445
1 0.07369791666666667 0.2847222222222222 0.0140625 0.03981481481481482
1 0.896875 0.7092592592592593 0.030208333333333334 0.07777777777777778
1 0.10286458333333333 0.4449074074074074 0.016145833333333335 0.05462962962962963
1 0.18854166666666666 0.5013888888888889 0.017708333333333333 0.05648148148148148
1 0.28355208333333337 0.8084120370370371 0.028104166666666628 0.07928703703703703
1 0.38619791666666664 0.38564814814814813 0.009895833333333333 0.04537037037037037
1 0.030989583333333334 0.5162037037037037 0.022395833333333334 0.062037037037037036
1 0.54140625 0.2796296296296296 0.005729166666666666 0.03148148148148148
1 0.21067708333333332 0.6685185185185185 0.033854166666666664 0.07592592592592592
1 0.70546875 0.3939814814814815 0.015104166666666667 0.04722222222222222
1 0.28932291666666665 0.28425925925925927 0.009895833333333333 0.03888888888888889
1 0.30364583333333334 0.39675925925925926 0.016666666666666666 0.05092592592592592
1 0.2942708333333333 0.44166666666666665 0.010416666666666666 0.053703703703703705
1 0.3458333333333333 0.2763888888888889 0.007291666666666667 0.03425925925925926
1 0.39895833333333336 0.3490740740740741 0.009375 0.046296296296296294
1 0.16744791666666667 0.4023148148148148 0.0171875 0.041666666666666664
1 0.2078125 0.475 0.011458333333333333 0.05555555555555555
1 0.9677083333333333 0.9481481481481482 0.042708333333333334 0.09074074074074075
1 0.3614583333333333 0.6564814814814814 0.026041666666666668 0.06666666666666667
1 0.18671875 0.36666666666666664 0.015104166666666667 0.04814814814814815
1 0.60390625 0.5351851851851852 0.015104166666666667 0.06111111111111111
1 0.27082812500000003 0.7878194444444445 0.010218749999999973 0.015842592592592606
1 0.38697916666666665 0.17916666666666667 0.00625 0.023148148148148147
