1 0.47630208333333335 0.5504629629629629 0.0203125 0.05277777777777778
1 0.10963541666666667 0.6240740740740741 0.021354166666666667 0.06851851851851852
1 0.075 0.29212962962962963 0.010416666666666666 0.03796296296296296
1 0.9067708333333333 0.7018518518518518 0.029166666666666667 0.07407407407407407
1 0.10520833333333333 0.4444444444444444 0.013541666666666667 0.05185185185185185
1 0.19270833333333334 0.5111111111111111 0.017708333333333333 0.05925925925925926
1 0.2609375 0.7671296296296296 0.022916666666666665 0.07685185185185185
1 0.38255208333333335 0.38935185185185184 0.009895833333333333 0.04722222222222222
1 0.046614583333333334 0.525 0.018229166666666668 0.06111111111111111
1 0.5388020833333333 0.2851851851851852 0.0078125 0.03518518518518519
1 0.19635416666666666 0.6472222222222223 0.019791666666666666 0.06481481481481481
1 0.6963541666666667 0.3875 0.010416666666666666 0.04722222222222222
1 0.28411458333333334 0.2898148148148148 0.008854166666666666 0.037037037037037035
1 0.30390625 0.40046296296296297 0.016145833333333335 0.04722222222222222
1 0.29296875 0.4425925925925926 0.011979166666666667 0.053703703703703705
1 0.346875 0.27824074074074073 0.007291666666666667 0.032407407407407406
1 0.4036458333333333 0.3560185185185185 0.009375 0.04351851851851852
1 0.13828125 0.42314814814814816 0.0109375 0.05185185185185185
1 0.22578125 0.48055555555555557 0.0140625 0.05555555555555555
1 0.9804166666666667 0.9344351851851852 0.03833333333333341 0.09020370370370377
1 0.29791666666666666 0.6486111111111111 0.016666666666666666 0.06388888888888888
1 0.18229166666666666 0.37824074074074077 0.015625 0.04722222222222222
1 0.55546875 0.5347222222222222 0.022395833333333334 0.05462962962962963
1 0.253125 0.7337962962962963 0.008333333333333333 0.013888888888888888
1 0.3809895833333333 0.19074074074074074 0.005729166666666666 0.018518518518518517
