1 0.45364583333333336 0.5157407407407407 0.015625 0.05185185185185185
1 0.16614583333333333 0.6166666666666667 0.01875 0.07592592592592592
1 0.08880208333333334 0.30648148148148147 0.011979166666666667 0.03888888888888889
1 0.89296875 0.675 0.0171875 0.07777777777777778
1 0.16223958333333333 0.44907407407407407 0.018229166666666668 0.05185185185185185
1 0.28151041666666665 0.4986111111111111 0.019270833333333334 0.06018518518518518
1 0.3487630208333333 0.8258333333333334 0.023817708333333344 0.08438888888888887
1 0.4005208333333333 0.36157407407407405 0.008333333333333333 0.041666666666666664
1 0.10546875 0.5347222222222222 0.0171875 0.06388888888888888
1 0.5859375 0.28194444444444444 0.00625 0.03425925925925926
1 0.1875 0.5898148148148148 0.013541666666666667 0.06296296296296296
1 0.7369791666666666 0.3699074074074074 0.0125 0.041666666666666664
1 0.31875 0.2902777777777778 0.010416666666666666 0.03611111111111111
1 0.35234375 0.37453703703703706 0.009895833333333333 0.04351851851851852
1 0.33619791666666665 0.41898148148148145 0.008854166666666666 0.05092592592592592
1 0.37604166666666666 0.262037037037037 0.00625 0.02962962962962963
1 0.43359375 0.34814814814814815 0.0078125 0.040740740740740744
1 0.19739583333333333 0.42962962962962964 0.016666666666666666 0.05185185185185185
1 0.25859375 0.4986111111111111 0.0109375 0.05462962962962963
1 0.31223958333333335 0.6351851851851852 0.015104166666666667 0.06851851851851852
1 0.24817708333333333 0.3648148148148148 0.009895833333333333 0.04814814814814815
1 0.4890625 0.49398148148148147 0.0125 0.058333333333333334
1 0.8432291666666667 0.7023148148148148 0.007291666666666667 0.010185185185185186
1 0.3963541666666667 0.20277777777777778 0.00625 0.022222222222222223
