1 0.5453125 0.5361111111111111 0.020833333333333332 0.05925925925925926
1 0.16692708333333334 0.6314814814814815 0.021354166666666667 0.07592592592592592
1 0.05572916666666667 0.3287037037037037 0.014583333333333334 0.04259259259259259
1 0.8690104166666667 0.6458333333333334 0.0265625 0.06759259259259259
1 0.1828125 0.4527777777777778 0.013541666666666667 0.05555555555555555
1 0.30390625 0.4981481481481482 0.0109375 0.06111111111111111
1 0.39036458333333335 0.9004629629629629 0.030729166666666665 0.08611111111111111
1 0.4002604166666667 0.35648148148148145 0.008854166666666666 0.04259259259259259
1 0.11197916666666667 0.5324074074074074 0.016666666666666666 0.06666666666666667
1 0.60390625 0.2791666666666667 0.0067708333333333336 0.032407407407407406
1 0.159375 0.5824074074074074 0.014583333333333334 0.04814814814814815
1 0.7807291666666667 0.37546296296296294 0.0125 0.049074074074074076
1 0.32708333333333334 0.2898148148148148 0.00625 0.037037037037037035
1 0.35963541666666665 0.36944444444444446 0.008854166666666666 0.04814814814814815
1 0.35 0.40925925925925927 0.009375 0.05185185185185185
1 0.3854166666666667 0.26064814814814813 0.00625 0.028703703703703703
1 0.4401041666666667 0.33796296296296297 0.007291666666666667 0.04259259259259259
1 0.21510416666666668 0.42962962962962964 0.014583333333333334 0.05185185185185185
1 0.2578125 0.5259259259259259 0.013541666666666667 0.05925925925925926
1 0.31015625 0.6597222222222222 0.016145833333333335 0.07685185185185185
1 0.24479166666666666 0.3648148148148148 0.009375 0.04814814814814815
1 0.4856770833333333 0.48148148148148145 0.0140625 0.05555555555555555
1 0.8432291666666667 0.6310185185185185 0.007291666666666667 0.012037037037037037
1 0.39375 0.21388888888888888 0.007291666666666667 0.024074074074074074
