1 0.46041666666666664 0.5152777777777777 0.013541666666666667 0.05092592592592592
1 0.16666666666666666 0.6138888888888889 0.016666666666666666 0.07037037037037037
1 0.0859375 0.30833333333333335 0.013541666666666667 0.03888888888888889
1 0.8861979166666667 0.674537037037037 0.022395833333333334 0.07314814814814814
1 0.16458333333333333 0.44907407407407407 0.011458333333333333 0.05185185185185185
1 0.2864583333333333 0.4981481481481482 0.010416666666666666 0.05925925925925926
1 0.35208333333333336 0.8300925925925926 0.017708333333333333 0.0824074074074074
1 0.40130208333333334 0.36203703703703705 0.008854166666666666 0.040740740740740744
1 0.10520833333333333 0.5365740740740741 0.017708333333333333 0.062037037037037036
1 0.5880208333333333 0.2800925925925926 0.00625 0.032407407407407406
1 0.18541666666666667 0.5879629629629629 0.013541666666666667 0.06111111111111111
1 0.74296875 0.3685185185185185 0.008854166666666666 0.044444444444444446
1 0.31953125 0.2912037037037037 0.0067708333333333336 0.03611111111111111
1 0.3533854166666667 0.3726851851851852 0.0078125 0.04537037037037037
1 0.3385416666666667 0.41574074074074074 0.014583333333333334 0.05185185185185185
1 0.37734375 0.2625 0.005729166666666666 0.030555555555555555
1 0.434375 0.3449074074074074 0.007291666666666667 0.041666666666666664
1 0.19869791666666667 0.42916666666666664 0.0109375 0.049074074074074076
1 0.2609375 0.5023148148148148 0.015625 0.05648148148148148
1 0.31614583333333335 0.638425925925926 0.020833333333333332 0.06944444444444445
1 0.24817708333333333 0.3611111111111111 0.011979166666666667 0.046296296296296294
1 0.4864583333333333 0.4888888888888889 0.011458333333333333 0.05555555555555555
1 0.86640625 0.7 0.0067708333333333336 0.009259259259259259
1 0.3964505208333333 0.20194444444444443 0.008203125 0.02546296296296296
