1 0.44192708333333336 0.5342592592592592 0.013020833333333334 0.06111111111111111
1 0.16380208333333332 0.6087962962962963 0.0234375 0.06388888888888888
1 0.09661458333333334 0.29907407407407405 0.011979166666666667 0.037037037037037035
1 0.9080729166666667 0.6731481481481482 0.019270833333333334 0.07037037037037037
1 0.14921875 0.449537037037037 0.015104166666666667 0.05092592592592592
1 0.25807291666666665 0.4981481481481482 0.018229166666666668 0.05555555555555555
1 0.32473958333333336 0.8032407407407407 0.019270833333333334 0.08055555555555556
1 0.3963541666666667 0.3685185185185185 0.010416666666666666 0.040740740740740744
1 0.09895833333333333 0.5222222222222223 0.014583333333333334 0.05925925925925926
1 0.5765625 0.28379629629629627 0.00625 0.032407407407407406
1 0.19322916666666667 0.5962962962962963 0.015625 0.06481481481481481
1 0.7216145833333333 0.3675925925925926 0.008854166666666666 0.046296296296296294
1 0.31015625 0.2912037037037037 0.008854166666666666 0.03611111111111111
1 0.34713541666666664 0.38101851851851853 0.008854166666666666 0.04537037037037037
1 0.3223958333333333 0.4212962962962963 0.015625 0.05
1 0.37135416666666665 0.26435185185185184 0.007291666666666667 0.030555555555555555
1 0.4322916666666667 0.35324074074074074 0.007291666666666667 0.04351851851851852
1 0.18255208333333334 0.4310185185185185 0.015104166666666667 0.049074074074074076
1 0.25338541666666664 0.49027777777777776 0.008854166666666666 0.05462962962962963
1 0.9979166666666667 0.9264814814814814 0.003125 0.043518518518518415
1 0.30572916666666666 0.6300925925925925 0.01875 0.062037037037037036
1 0.24140625 0.36574074074074076 0.009895833333333333 0.046296296296296294
1 0.49713541666666666 0.5009259259259259 0.011979166666666667 0.05740740740740741
1 0.7565104166666666 0.6828703703703703 0.0067708333333333336 0.010185185185185186
1 0.3953125 0.19768518518518519 0.00625 0.021296296296296296
