1 0.44453125 0.5268518518518519 0.0109375 0.05740740740740741
1 0.16484375 0.6092592592592593 0.016145833333333335 0.06666666666666667
1 0.09661458333333334 0.300462962962963 0.013020833333333334 0.03796296296296296
1 0.90234375 0.6712962962962963 0.024479166666666666 0.06666666666666667
1 0.15442708333333333 0.44907407407407407 0.0109375 0.053703703703703705
1 0.2669270833333333 0.4976851851851852 0.015104166666666667 0.06018518518518518
1 0.3307291666666667 0.8078703703703703 0.023958333333333335 0.08055555555555556
1 0.39869791666666665 0.3685185185185185 0.009895833333333333 0.044444444444444446
1 0.10338541666666666 0.524537037037037 0.0171875 0.058333333333333334
1 0.5799479166666667 0.28194444444444444 0.005729166666666666 0.030555555555555555
1 0.19166666666666668 0.5921296296296297 0.015625 0.062037037037037036
1 0.7255208333333333 0.36898148148148147 0.013541666666666667 0.04537037037037037
1 0.3138020833333333 0.2902777777777778 0.008854166666666666 0.03611111111111111
1 0.35052083333333334 0.3787037037037037 0.010416666666666666 0.046296296296296294
1 0.3268229166666667 0.42083333333333334 0.013020833333333334 0.04722222222222222
1 0.3734375 0.26481481481481484 0.00625 0.02962962962962963
1 0.43333333333333335 0.34953703703703703 0.008333333333333333 0.041666666666666664
1 0.18854166666666666 0.4305555555555556 0.0125 0.05185185185185185
1 0.25703125 0.49027777777777776 0.009895833333333333 0.05277777777777778
1 0.30885416666666665 0.6314814814814815 0.0125 0.06481481481481481
1 0.24583333333333332 0.3638888888888889 0.013541666666666667 0.044444444444444446
1 0.49583333333333335 0.4962962962962963 0.011458333333333333 0.05740740740740741
1 0.78203125 0.6962962962962963 0.0067708333333333336 0.009259259259259259
1 0.3971354166666667 0.19814814814814816 0.005729166666666666 0.020370370370370372
