1 0.43255208333333334 0.5523148148148148 0.013020833333333334 0.06018518518518518
1 0.15 0.611574074074074 0.025 0.06759259259259259
1 0.09192708333333334 0.2986111111111111 0.011979166666666667 0.03796296296296296
1 0.9145833333333333 0.6814814814814815 0.017708333333333333 0.07222222222222222
1 0.1328125 0.45231481481481484 0.016666666666666666 0.05277777777777778
1 0.24130208333333333 0.49981481481481477 0.019479166666666655 0.05407407407407405
1 0.30546875 0.7944444444444444 0.015104166666666667 0.07407407407407407
1 0.3893229166666667 0.37916666666666665 0.008854166666666666 0.04537037037037037
1 0.0859375 0.5166666666666667 0.017708333333333333 0.05555555555555555
1 0.5666666666666667 0.2865740740740741 0.00625 0.03425925925925926
1 0.18567708333333333 0.6148148148148148 0.016145833333333335 0.06851851851851852
1 0.7091145833333333 0.37175925925925923 0.0109375 0.04351851851851852
1 0.2994791666666667 0.2916666666666667 0.010416666666666666 0.037037037037037035
1 0.33671875 0.3875 0.013020833333333334 0.04537037037037037
1 0.30963541666666666 0.4273148148148148 0.0109375 0.049074074074074076
1 0.3614583333333333 0.26990740740740743 0.007291666666666667 0.028703703703703703
1 0.42604166666666665 0.35833333333333334 0.007291666666666667 0.044444444444444446
1 0.16640625 0.4356481481481482 0.016145833333333335 0.05092592592592592
1 0.247265625 0.49189814814814814 0.0109375 0.05555555555555555
1 0.9940104166666667 0.9259259259259259 0.0109375 0.07037037037037037
1 0.29375 0.6328703703703704 0.011458333333333333 0.06574074074074074
1 0.22630208333333332 0.37222222222222223 0.009895833333333333 0.044444444444444446
1 0.49973958333333335 0.5087962962962963 0.0109375 0.058333333333333334
1 0.6934895833333333 0.6754629629629629 0.0067708333333333336 0.010185185185185186
1 0.39010416666666664 0.19814814814814816 0.00625 0.020370370370370372
