1 0.6713541666666667 0.5388888888888889 0.016666666666666666 0.05185185185185185
1 0.14947916666666666 0.6180555555555556 0.016666666666666666 0.0787037037037037
1 0.03125 0.3773148148148148 0.011458333333333333 0.04722222222222222
1 0.8674479166666667 0.6319444444444444 0.0171875 0.0712962962962963
1 0.2328125 0.45694444444444443 0.011458333333333333 0.05277777777777778
1 0.3421875 0.48518518518518516 0.011458333333333333 0.05925925925925926
1 0.39895833333333336 0.9601851851851851 0.027083333333333334 0.07407407407407407
1 0.42864583333333334 0.3763888888888889 0.008333333333333333 0.04351851851851852
1 0.17395833333333333 0.5185185185185185 0.014583333333333334 0.06111111111111111
1 0.6713541666666667 0.3143518518518518 0.007291666666666667 0.032407407407407406
1 0.084375 0.6736111111111112 0.019791666666666666 0.07314814814814814
1 0.815625 0.4152777777777778 0.017708333333333333 0.04537037037037037
1 0.3723958333333333 0.31157407407407406 0.008333333333333333 0.03611111111111111
1 0.3963541666666667 0.38055555555555554 0.009375 0.037037037037037035
1 0.39609375 0.4166666666666667 0.009895833333333333 0.05185185185185185
1 0.434375 0.2884259259259259 0.007291666666666667 0.028703703703703703
1 0.49296875 0.3578703703703704 0.008854166666666666 0.04351851851851852
1 0.25338541666666664 0.4439814814814815 0.0109375 0.05277777777777778
1 0.28203125 0.562962962962963 0.0140625 0.06481481481481481
1 0.3265625 0.662962962962963 0.015625 0.07962962962962963
1 0.2859375 0.3800925925925926 0.009375 0.04537037037037037
1 0.59453125 0.48935185185185187 0.0109375 0.058333333333333334
1 0.7989583333333333 0.43148148148148147 0.004166666666666667 0.007407407407407408
1 0.40520833333333334 0.26666666666666666 0.007291666666666667 0.027777777777777776
