1 0.5942708333333333 0.5425925925925926 0.013541666666666667 0.06481481481481481
1 0.14895833333333333 0.6370370370370371 0.020833333333333332 0.07962962962962963
1 0.030989583333333334 0.3453703703703704 0.011979166666666667 0.04814814814814815
1 0.87890625 0.6407407407407407 0.018229166666666668 0.08333333333333333
1 0.1859375 0.45416666666666666 0.0125 0.058333333333333334
1 0.30364583333333334 0.5 0.0125 0.06481481481481481
1 0.39921875 0.9393518518518519 0.025520833333333333 0.10277777777777777
1 0.3984375 0.36064814814814816 0.008333333333333333 0.04537037037037037
1 0.11979166666666667 0.5314814814814814 0.019791666666666666 0.06666666666666667
1 0.6171875 0.2851851851851852 0.008333333333333333 0.03333333333333333
1 0.12994791666666666 0.6083333333333333 0.019270833333333334 0.05925925925925926
1 0.7888020833333333 0.3824074074074074 0.0109375 0.05
1 0.3296875 0.29259259259259257 0.007291666666666667 0.03888888888888889
1 0.3609375 0.3699074074074074 0.009375 0.04537037037037037
1 0.35390625 0.4111111111111111 0.009895833333333333 0.05555555555555555
1 0.3885416666666667 0.2652777777777778 0.00625 0.032407407407407406
1 0.4471354166666667 0.3421296296296296 0.008854166666666666 0.041666666666666664
1 0.22213541666666667 0.4356481481481482 0.011979166666666667 0.05277777777777778
1 0.2526041666666667 0.5435185185185185 0.013541666666666667 0.06481481481481481
1 0.3059895833333333 0.675 0.015104166666666667 0.07962962962962963
1 0.24296875 0.3685185185185185 0.0109375 0.05
1 0.5072916666666667 0.48333333333333334 0.013541666666666667 0.06111111111111111
1 0.7940104166666667 0.47453703703703703 0.0046875 0.008333333333333333
1 0.38723958333333336 0.2273148148148148 0.0078125 0.026851851851851852
