1 0.6846354166666667 0.2967592592592593 0.015104166666666667 0.049074074074074076
1 0.2515625 0.4027777777777778 0.017708333333333333 0.07222222222222222
1 0.13229166666666667 0.2 0.010416666666666666 0.05
1 0.8778645833333333 0.462037037037037 0.018229166666666668 0.07592592592592592
1 0.3651041666666667 0.25601851851851853 0.009375 0.05462962962962963
1 0.48984375 0.2884259259259259 0.0109375 0.05462962962962963
1 0.4783854166666667 0.85 0.0234375 0.1111111111111111
1 0.5598958333333334 0.19907407407407407 0.0125 0.037037037037037035
1 0.31171875 0.32685185185185184 0.0140625 0.05925925925925926
1 0.8138020833333334 0.15185185185185185 0.009895833333333333 0.037037037037037035
1 0.10755208333333334 0.5430555555555555 0.021354166666666667 0.07314814814814814
1 0.8690104166666667 0.2740740740740741 0.0171875 0.04814814814814815
1 0.5309895833333333 0.12407407407407407 0.009895833333333333 0.037037037037037035
1 0.5744791666666667 0.2175925925925926 0.011458333333333333 0.04259259259259259
1 0.5229166666666667 0.2310185185185185 0.008333333333333333 0.05277777777777778
1 0.5794270833333334 0.11435185185185186 0.0078125 0.03425925925925926
1 0.634375 0.19444444444444445 0.010416666666666666 0.044444444444444446
1 0.37864583333333335 0.24722222222222223 0.011458333333333333 0.05555555555555555
1 0.39609375 0.37083333333333335 0.013020833333333334 0.06388888888888888
1 0.4080729166666667 0.42592592592592593 0.016145833333333335 0.07037037037037037
1 0.42604166666666665 0.19953703703703704 0.010416666666666666 0.049074074074074076
1 0.7549479166666667 0.29259259259259257 0.018229166666666668 0.053703703703703705
1 0.86015625 0.29907407407407405 0.0046875 0.009259259259259259
1 0.5333333333333333 0.10092592592592593 0.008333333333333333 0.02962962962962963
