1 0.66484375 0.3990740740740741 0.011979166666666667 0.05185185185185185
1 0.22369791666666666 0.4898148148148148 0.013020833333333334 0.06666666666666667
1 0.10651041666666666 0.2953703703703704 0.011979166666666667 0.04814814814814815
1 0.8645833333333334 0.5439814814814815 0.021875 0.058333333333333334
1 0.3375 0.3472222222222222 0.011458333333333333 0.053703703703703705
1 0.4484375 0.37222222222222223 0.008333333333333333 0.05555555555555555
1 0.46015625 0.9226851851851852 0.0296875 0.11018518518518519
1 0.5265625 0.28935185185185186 0.00625 0.04537037037037037
1 0.28177083333333336 0.412962962962963 0.011458333333333333 0.05740740740740741
1 0.7716145833333333 0.24305555555555555 0.011979166666666667 0.03611111111111111
1 0.08984375 0.6199074074074075 0.016145833333333335 0.0712962962962963
1 0.8317708333333333 0.3490740740740741 0.01875 0.05
1 0.4979166666666667 0.22083333333333333 0.008333333333333333 0.03611111111111111
1 0.52109375 0.3013888888888889 0.0140625 0.03796296296296296
1 0.49114583333333334 0.32037037037037036 0.007291666666666667 0.04814814814814815
1 0.54921875 0.20972222222222223 0.008854166666666666 0.03425925925925926
1 0.6026041666666667 0.28194444444444444 0.008333333333333333 0.04351851851851852
1 0.34322916666666664 0.3416666666666667 0.009375 0.05185185185185185
1 0.3640625 0.4652777777777778 0.0125 0.06388888888888888
1 0.38307291666666665 0.5254629629629629 0.015104166666666667 0.0712962962962963
1 0.39088541666666665 0.29074074074074074 0.008854166666666666 0.04814814814814815
1 0.72109375 0.3861111111111111 0.018229166666666668 0.05740740740740741
1 0.8246458333333333 0.36968518518518517 0.0046875 0.007907407407407373
1 0.4921875 0.19675925925925927 0.007291666666666667 0.030555555555555555
