1 0.7223958333333333 0.2967592592592593 0.013541666666666667 0.05092592592592592
1 0.2752604166666667 0.4074074074074074 0.016145833333333335 0.07222222222222222
1 0.21041666666666667 0.17824074074074073 0.010416666666666666 0.05092592592592592
1 0.8572916666666667 0.46435185185185185 0.022916666666666665 0.0787037037037037
1 0.409375 0.24768518518518517 0.013541666666666667 0.05648148148148148
1 0.5403645833333334 0.3212962962962963 0.013020833333333334 0.06296296296296296
1 0.46927083333333336 0.8092592592592592 0.029166666666666667 0.10740740740740741
1 0.6205729166666667 0.19444444444444445 0.0109375 0.04814814814814815
1 0.35520833333333335 0.32592592592592595 0.015625 0.06481481481481481
1 0.8833333333333333 0.14166666666666666 0.011458333333333333 0.037037037037037035
1 0.12161458333333333 0.5888888888888889 0.0171875 0.08518518518518518
1 0.94140625 0.30787037037037035 0.016145833333333335 0.06574074074074074
1 0.5817708333333333 0.11388888888888889 0.009375 0.03888888888888889
1 0.6364583333333333 0.23333333333333334 0.010416666666666666 0.05
1 0.5822916666666667 0.22546296296296298 0.011458333333333333 0.05277777777777778
1 0.6236979166666666 0.10138888888888889 0.0067708333333333336 0.03611111111111111
1 0.68671875 0.19675925925925927 0.009895833333333333 0.049074074074074076
1 0.43828125 0.23472222222222222 0.016145833333333335 0.05277777777777778
1 0.4348958333333333 0.3587962962962963 0.0125 0.06574074074074074
1 0.453125 0.41944444444444445 0.016666666666666666 0.07037037037037037
1 0.47890625 0.19490740740740742 0.016145833333333335 0.05277777777777778
1 0.8252604166666667 0.3236111111111111 0.0140625 0.06018518518518518
1 0.8403645833333333 0.49444444444444446 0.0067708333333333336 0.011111111111111112
1 0.6075520833333333 0.0824074074074074 0.0078125 0.03148148148148148
