1 0.7005208333333334 0.24537037037037038 0.010416666666666666 0.05185185185185185
1 0.26328125 0.36435185185185187 0.0171875 0.0712962962962963
1 0.15442708333333333 0.14907407407407408 0.011979166666666667 0.05185185185185185
1 0.8848958333333333 0.4300925925925926 0.017708333333333333 0.08055555555555556
1 0.38359375 0.2101851851851852 0.015104166666666667 0.05740740740740741
1 0.5114583333333333 0.2537037037037037 0.0125 0.05740740740740741
1 0.4817708333333333 0.8041666666666667 0.021875 0.10833333333333334
1 0.5854166666666667 0.15416666666666667 0.010416666666666666 0.04351851851851852
1 0.32734375 0.2833333333333333 0.016145833333333335 0.06296296296296296
1 0.8489583333333334 0.10601851851851851 0.007291666666666667 0.03611111111111111
1 0.11302083333333333 0.5148148148148148 0.022916666666666665 0.07592592592592592
1 0.9065104166666667 0.24675925925925926 0.0140625 0.062037037037037036
1 0.5552083333333333 0.07546296296296297 0.009375 0.03796296296296296
1 0.61171875 0.18055555555555555 0.011979166666666667 0.046296296296296294
1 0.5489583333333333 0.18703703703703703 0.0125 0.05185185185185185
1 0.5986979166666667 0.0699074074074074 0.008854166666666666 0.028703703703703703
1 0.6583333333333333 0.15231481481481482 0.0125 0.049074074074074076
1 0.40234375 0.19953703703703704 0.015104166666666667 0.05462962962962963
1 0.4119791666666667 0.32685185185185184 0.017708333333333333 0.06481481481481481
1 0.4265625 0.38055555555555554 0.015625 0.06851851851851852
1 0.45234375 0.15601851851851853 0.009895833333333333 0.049074074074074076
1 0.79140625 0.25555555555555554 0.011979166666666667 0.04814814814814815
1 0.8653645833333333 0.32592592592592595 0.005729166666666666 0.009259259259259259
1 0.5661458333333333 0.05277777777777778 0.008333333333333333 0.03333333333333333
