1 0.6986979166666667 0.2462962962962963 0.019270833333333334 0.04814814814814815
1 0.26458333333333334 0.36666666666666664 0.020833333333333332 0.07407407407407407
1 0.16640625 0.14722222222222223 0.009895833333333333 0.053703703703703705
1 0.87265625 0.43287037037037035 0.024479166666666666 0.08055555555555556
1 0.3880208333333333 0.2111111111111111 0.017708333333333333 0.05555555555555555
1 0.5166666666666667 0.2587962962962963 0.011458333333333333 0.058333333333333334
1 0.4791666666666667 0.799537037037037 0.03125 0.10648148148148148
1 0.5927083333333333 0.15462962962962962 0.010416666666666666 0.044444444444444446
1 0.3333333333333333 0.2847222222222222 0.017708333333333333 0.06388888888888888
1 0.85703125 0.10416666666666667 0.011979166666666667 0.041666666666666664
1 0.11015625 0.524537037037037 0.018229166666666668 0.06759259259259259
1 0.9151041666666667 0.25277777777777777 0.014583333333333334 0.06111111111111111
1 0.5609375 0.075 0.011458333333333333 0.03888888888888889
1 0.6205729166666667 0.1837962962962963 0.011979166666666667 0.04722222222222222
1 0.55625 0.1875 0.0125 0.05277777777777778
1 0.6026041666666667 0.06620370370370371 0.009375 0.03425925925925926
1 0.6643229166666667 0.15416666666666667 0.009895833333333333 0.04537037037037037
1 0.40989583333333335 0.19907407407407407 0.011458333333333333 0.05555555555555555
1 0.41380208333333335 0.324537037037037 0.015104166666666667 0.06574074074074074
1 0.42942708333333335 0.3814814814814815 0.0171875 0.07037037037037037
1 0.45989583333333334 0.15462962962962962 0.013541666666666667 0.05185185185185185
1 0.8072916666666666 0.26296296296296295 0.011458333333333333 0.05185185185185185
1 0.8541666666666666 0.3763888888888889 0.00625 0.010185185185185186
