1 0.7169270833333333 0.28564814814814815 0.015104166666666667 0.05277777777777778
1 0.2734375 0.3976851851851852 0.019791666666666666 0.0712962962962963
1 0.20208333333333334 0.17083333333333334 0.009375 0.05092592592592592
1 0.85390625 0.45740740740740743 0.028645833333333332 0.07037037037037037
1 0.4046875 0.23981481481481481 0.0125 0.05555555555555555
1 0.53515625 0.30648148148148147 0.013020833333333334 0.05925925925925926
1 0.47213541666666664 0.8074074074074075 0.0234375 0.1111111111111111
1 0.6161458333333333 0.18703703703703703 0.010416666666666666 0.04814814814814815
1 0.35078125 0.3162037037037037 0.015104166666666667 0.06388888888888888
1 0.8796875 0.13287037037037036 0.008333333333333333 0.03981481481481482
1 0.11770833333333333 0.575925925925926 0.016666666666666666 0.08518518518518518
1 0.9377604166666667 0.29583333333333334 0.0140625 0.058333333333333334
1 0.57890625 0.10462962962962963 0.0109375 0.03888888888888889
1 0.6341145833333334 0.2212962962962963 0.011979166666666667 0.05185185185185185
1 0.57734375 0.21805555555555556 0.013020833333333334 0.05277777777777778
1 0.6203125 0.09398148148148149 0.009375 0.03425925925925926
1 0.6828125 0.1884259259259259 0.010416666666666666 0.049074074074074076
1 0.4328125 0.22592592592592592 0.013541666666666667 0.053703703703703705
1 0.4309895833333333 0.3523148148148148 0.016145833333333335 0.06574074074074074
1 0.44947916666666665 0.4115740740740741 0.014583333333333334 0.0712962962962963
1 0.4752604166666667 0.18564814814814815 0.011979166666666667 0.049074074074074076
1 0.82578125 0.3106481481481482 0.016145833333333335 0.06018518518518518
1 0.84 0.4809259259259259 0.0067708333333333336 0.012037037037037037
1 0.6018229166666667 0.0763888888888889 0.008854166666666666 0.032407407407407406
