1 0.7091145833333333 0.3439814814814815 0.013020833333333334 0.06018518518518518
1 0.22760416666666666 0.46111111111111114 0.022916666666666665 0.05740740740740741
1 0.20651041666666667 0.19490740740740742 0.013020833333333334 0.05277777777777778
1 0.7971354166666667 0.5069444444444444 0.022395833333333334 0.0787037037037037
1 0.39088541666666665 0.2726851851851852 0.0171875 0.05648148148148148
1 0.5361979166666667 0.3851851851851852 0.018229166666666668 0.07037037037037037
1 0.40546875 0.8041666666666667 0.025520833333333333 0.11203703703703703
1 0.6026041666666667 0.21666666666666667 0.010416666666666666 0.04814814814814815
1 0.34921875 0.3625 0.021354166666666667 0.06574074074074074
1 0.86484375 0.1537037037037037 0.0078125 0.040740740740740744
1 0.09166666666666666 0.6754629629629629 0.015625 0.10277777777777777
1 0.9440104166666666 0.3402777777777778 0.016145833333333335 0.06388888888888888
1 0.5604166666666667 0.1361111111111111 0.008333333333333333 0.040740740740740744
1 0.6140625 0.2722222222222222 0.0125 0.05555555555555555
1 0.5669270833333333 0.2523148148148148 0.0140625 0.04722222222222222
1 0.6088541666666667 0.12037037037037036 0.010416666666666666 0.03333333333333333
1 0.67421875 0.22546296296296298 0.009895833333333333 0.05092592592592592
1 0.4278645833333333 0.25601851851851853 0.016145833333333335 0.05648148148148148
1 0.41432291666666665 0.39305555555555555 0.0203125 0.06574074074074074
1 0.40963541666666664 0.449537037037037 0.027604166666666666 0.04537037037037037
1 0.45416666666666666 0.21712962962962962 0.009375 0.05648148148148148
1 0.7739583333333333 0.3592592592592593 0.016666666666666666 0.06111111111111111
1 0.7486979166666666 0.5731481481481482 0.008854166666666666 0.011111111111111112
1 0.60546875 0.09398148148148149 0.005729166666666666 0.028703703703703703
