1 0.7276041666666667 0.30833333333333335 0.013541666666666667 0.05555555555555555
1 0.2765625 0.41898148148148145 0.020833333333333332 0.0712962962962963
1 0.215625 0.18425925925925926 0.011458333333333333 0.05185185185185185
1 0.8536458333333333 0.4726851851851852 0.014583333333333334 0.07314814814814814
1 0.4125 0.25555555555555554 0.016666666666666666 0.05555555555555555
1 0.5442708333333334 0.33101851851851855 0.013541666666666667 0.058333333333333334
1 0.4700520833333333 0.8152777777777778 0.03697916666666667 0.10648148148148148
1 0.6239583333333333 0.20277777777777778 0.011458333333333333 0.04814814814814815
1 0.35859375 0.3347222222222222 0.0171875 0.06574074074074074
1 0.8856770833333333 0.14814814814814814 0.009895833333333333 0.040740740740740744
1 0.1234375 0.5967592592592592 0.016666666666666666 0.08425925925925926
1 0.94609375 0.31712962962962965 0.016145833333333335 0.06388888888888888
1 0.5838541666666667 0.12037037037037036 0.008333333333333333 0.03888888888888889
1 0.63671875 0.2412037037037037 0.013020833333333334 0.05092592592592592
1 0.58515625 0.23287037037037037 0.011979166666666667 0.05462962962962963
1 0.6268229166666667 0.10972222222222222 0.008854166666666666 0.03611111111111111
1 0.6893229166666667 0.20416666666666666 0.0109375 0.05092592592592592
1 0.44296875 0.24212962962962964 0.015104166666666667 0.05462962962962963
1 0.4359375 0.36527777777777776 0.011458333333333333 0.06759259259259259
1 0.4552083333333333 0.42777777777777776 0.022916666666666665 0.07037037037037037
1 0.48046875 0.2023148148148148 0.013020833333333334 0.05092592592592592
1 0.8260416666666667 0.33101851851851855 0.019791666666666666 0.062037037037037036
1 0.83828125 0.5055555555555555 0.005729166666666666 0.011111111111111112
1 0.6114583333333333 0.08935185185185185 0.007291666666666667 0.032407407407407406
