1 0.7270833333333333 0.3175925925925926 0.0125 0.05740740740740741
1 0.27317708333333335 0.4263888888888889 0.028645833333333332 0.0712962962962963
1 0.21640625 0.1875 0.013020833333333334 0.05277777777777778
1 0.8447916666666667 0.4787037037037037 0.014583333333333334 0.06851851851851852
1 0.41067708333333336 0.25925925925925924 0.0140625 0.05555555555555555
1 0.54453125 0.3425925925925926 0.0140625 0.06666666666666667
1 0.46197916666666666 0.8138888888888889 0.0375 0.10925925925925926
1 0.621875 0.2074074074074074 0.010416666666666666 0.04814814814814815
1 0.3575520833333333 0.33796296296296297 0.016145833333333335 0.06481481481481481
1 0.8830729166666667 0.15324074074074073 0.008854166666666666 0.03796296296296296
1 0.11848958333333333 0.612037037037037 0.015104166666666667 0.08888888888888889
1 0.9471354166666667 0.3212962962962963 0.015104166666666667 0.06296296296296296
1 0.5809895833333333 0.12731481481481483 0.0078125 0.03981481481481482
1 0.6328125 0.25 0.013541666666666667 0.05185185185185185
1 0.5841145833333333 0.23981481481481481 0.013020833333333334 0.05555555555555555
1 0.62421875 0.11342592592592593 0.0067708333333333336 0.03425925925925926
1 0.6877604166666667 0.21157407407407408 0.009895833333333333 0.04722222222222222
1 0.44114583333333335 0.24537037037037038 0.0125 0.053703703703703705
1 0.4328125 0.37453703703703706 0.013541666666666667 0.06759259259259259
1 0.4552083333333333 0.43333333333333335 0.027083333333333334 0.06851851851851852
1 0.4765625 0.20601851851851852 0.010416666666666666 0.05462962962962963
1 0.8174479166666667 0.3402777777777778 0.018229166666666668 0.062037037037037036
1 0.83203125 0.5148148148148148 0.0067708333333333336 0.011111111111111112
1 0.6113463541666666 0.09221759259259259 0.008067708333333338 0.030361111111111103
