1 0.6651041666666667 0.43333333333333335 0.017708333333333333 0.06481481481481481
1 0.12708333333333333 0.5805555555555556 0.034375 0.08148148148148149
1 0.21145833333333333 0.22962962962962963 0.013541666666666667 0.05
1 0.8361979166666667 0.5995370370370371 0.0234375 0.0824074074074074
1 0.3484375 0.31296296296296294 0.011458333333333333 0.05555555555555555
1 0.4625 0.47824074074074074 0.01875 0.07314814814814814
1 0.37916666666666665 0.7694444444444445 0.023958333333333335 0.10185185185185185
1 0.5817708333333333 0.2708333333333333 0.011458333333333333 0.05092592592592592
1 0.275 0.44212962962962965 0.019791666666666666 0.06944444444444445
1 0.8510416666666667 0.1986111111111111 0.008333333333333333 0.03981481481481482
1 0.050520833333333334 0.7162037037037037 0.029166666666666667 0.0712962962962963
1 0.9473958333333333 0.40046296296296297 0.017708333333333333 0.06574074074074074
1 0.5380208333333333 0.1884259259259259 0.008333333333333333 0.04351851851851852
1 0.5661458333333333 0.3453703703703704 0.016666666666666666 0.05925925925925926
1 0.52578125 0.3277777777777778 0.0140625 0.05925925925925926
1 0.59921875 0.1685185185185185 0.008854166666666666 0.03518518518518519
1 0.6690104166666667 0.2865740740740741 0.013020833333333334 0.05462962962962963
1 0.41510416666666666 0.29305555555555557 0.015625 0.05462962962962963
1 0.33932291666666664 0.4740740740740741 0.019270833333333334 0.06296296296296296
1 0.34140625 0.6125 0.024479166666666666 0.0824074074074074
1 0.4270833333333333 0.26342592592592595 0.015625 0.049074074074074076
1 0.7283854166666667 0.45601851851851855 0.022395833333333334 0.07314814814814814
1 0.6028645833333334 0.13055555555555556 0.0078125 0.02962962962962963
