1 0.7265625 0.3194444444444444 0.0125 0.05740740740740741
1 0.26953125 0.42685185185185187 0.0265625 0.07222222222222222
1 0.21640625 0.1884259259259259 0.013020833333333334 0.05277777777777778
1 0.840625 0.48009259259259257 0.016666666666666666 0.062037037037037036
1 0.4080729166666667 0.2601851851851852 0.013020833333333334 0.05555555555555555
1 0.5440104166666667 0.3458333333333333 0.0140625 0.06574074074074074
1 0.4557291666666667 0.812037037037037 0.030208333333333334 0.1111111111111111
1 0.6205729166666667 0.20833333333333334 0.009895833333333333 0.05
1 0.3567708333333333 0.3384259259259259 0.015625 0.06574074074074074
1 0.8815104166666666 0.1527777777777778 0.0109375 0.037037037037037035
1 0.11666666666666667 0.6180555555555556 0.015625 0.08611111111111111
1 0.9463541666666667 0.32314814814814813 0.015625 0.06666666666666667
1 0.5794270833333334 0.12824074074074074 0.0078125 0.03796296296296296
1 0.6317708333333333 0.25092592592592594 0.0125 0.05185185185185185
1 0.5830729166666667 0.24074074074074073 0.013020833333333334 0.05555555555555555
1 0.6231770833333333 0.11342592592592593 0.0078125 0.03611111111111111
1 0.68671875 0.21203703703703702 0.009895833333333333 0.04814814814814815
1 0.4401041666666667 0.24675925925925926 0.0125 0.05462962962962963
1 0.43255208333333334 0.3768518518518518 0.0140625 0.06666666666666667
1 0.45286458333333335 0.4337962962962963 0.0265625 0.06944444444444445
1 0.475 0.20787037037037037 0.010416666666666666 0.05462962962962963
1 0.8135416666666667 0.3402777777777778 0.015625 0.062037037037037036
1 0.82890625 0.5175925925925926 0.0067708333333333336 0.011111111111111112
1 0.6111796875000001 0.09288888888888888 0.007744791666666728 0.030407407407407397
