1 0.7135416666666666 0.34120370370370373 0.014583333333333334 0.062037037037037036
1 0.23776041666666667 0.45231481481481484 0.0265625 0.058333333333333334
1 0.20833333333333334 0.19444444444444445 0.0125 0.053703703703703705
1 0.8033854166666666 0.5064814814814815 0.024479166666666666 0.08333333333333333
1 0.39427083333333335 0.26851851851851855 0.013541666666666667 0.05555555555555555
1 0.5377604166666666 0.3773148148148148 0.015104166666666667 0.07314814814814814
1 0.41770833333333335 0.8078703703703703 0.034375 0.10833333333333334
1 0.6057291666666667 0.2152777777777778 0.010416666666666666 0.04537037037037037
1 0.34921875 0.35509259259259257 0.0171875 0.06574074074074074
1 0.8684895833333334 0.1527777777777778 0.0109375 0.040740740740740744
1 0.09401041666666667 0.6657407407407407 0.0171875 0.10185185185185185
1 0.9434895833333333 0.33796296296296297 0.0171875 0.06296296296296296
1 0.5640625 0.13194444444444445 0.009375 0.041666666666666664
1 0.6177083333333333 0.2689814814814815 0.0125 0.05648148148148148
1 0.5708333333333333 0.25 0.015625 0.04814814814814815
1 0.6114583333333333 0.11898148148148148 0.007291666666666667 0.03425925925925926
1 0.6763020833333333 0.22268518518518518 0.0109375 0.05277777777777778
1 0.43020833333333336 0.2537037037037037 0.011458333333333333 0.05740740740740741
1 0.41744791666666664 0.38935185185185184 0.018229166666666668 0.06574074074074074
1 0.42239583333333336 0.44675925925925924 0.03125 0.049074074074074076
1 0.4591145833333333 0.21481481481481482 0.011979166666666667 0.05555555555555555
1 0.7796875 0.35555555555555557 0.01875 0.06296296296296296
1 0.7955729166666666 0.5435185185185185 0.008854166666666666 0.011111111111111112
1 0.6065104166666667 0.09305555555555556 0.0067708333333333336 0.030555555555555555
