1 0.66484375 0.4597222222222222 0.018229166666666668 0.06944444444444445
1 0.11901041666666666 0.5898148148148148 0.021354166666666667 0.07777777777777778
1 0.2234375 0.2439814814814815 0.0125 0.049074074074074076
1 0.8575520833333333 0.6342592592592593 0.0328125 0.08148148148148149
1 0.35234375 0.3296296296296296 0.019270833333333334 0.05555555555555555
1 0.4578125 0.49675925925925923 0.023958333333333335 0.0712962962962963
1 0.3859375 0.7666666666666667 0.025 0.10740740740740741
1 0.5856770833333333 0.28888888888888886 0.011979166666666667 0.05
1 0.2721354166666667 0.4675925925925926 0.019270833333333334 0.06481481481481481
1 0.8546875 0.21944444444444444 0.009375 0.03888888888888889
1 0.06510416666666667 0.7231481481481481 0.03125 0.07037037037037037
1 0.9552083333333333 0.42453703703703705 0.016666666666666666 0.06944444444444445
1 0.54140625 0.20833333333333334 0.0140625 0.044444444444444446
1 0.5611979166666666 0.36574074074074076 0.013020833333333334 0.05740740740740741
1 0.5260416666666666 0.35324074074074074 0.0125 0.058333333333333334
1 0.6065104166666667 0.18564814814814815 0.0078125 0.03796296296296296
1 0.67578125 0.3087962962962963 0.013020833333333334 0.05277777777777778
1 0.42135416666666664 0.30787037037037035 0.010416666666666666 0.05277777777777778
1 0.3338541666666667 0.500462962962963 0.017708333333333333 0.06574074074074074
1 0.3533854166666667 0.6523148148148148 0.018229166666666668 0.08425925925925926
1 0.42994791666666665 0.27870370370370373 0.011979166666666667 0.05555555555555555
1 0.7291666666666666 0.48055555555555557 0.023958333333333335 0.07037037037037037
1 0.6080729166666666 0.15 0.008854166666666666 0.02962962962962963
