1 0.7098958333333333 0.3435185185185185 0.013541666666666667 0.05925925925925926
1 0.23098958333333333 0.45787037037037037 0.025520833333333333 0.05462962962962963
1 0.20703125 0.19444444444444445 0.013020833333333334 0.05185185185185185
1 0.79921875 0.5055555555555555 0.022395833333333334 0.07592592592592592
1 0.39140625 0.27175925925925926 0.0171875 0.05648148148148148
1 0.5369791666666667 0.38472222222222224 0.017708333333333333 0.0712962962962963
1 0.4078125 0.8046296296296296 0.026041666666666668 0.1111111111111111
1 0.6033854166666667 0.2162037037037037 0.009895833333333333 0.04722222222222222
1 0.3494791666666667 0.36064814814814816 0.019791666666666666 0.06574074074074074
1 0.8658854166666666 0.1537037037037037 0.0078125 0.040740740740740744
1 0.09192708333333334 0.6759259259259259 0.016145833333333335 0.1037037037037037
1 0.9434895833333333 0.3398148148148148 0.0171875 0.06296296296296296
1 0.5611979166666666 0.13472222222222222 0.008854166666666666 0.041666666666666664
1 0.61484375 0.2722222222222222 0.011979166666666667 0.05555555555555555
1 0.5677083333333334 0.2523148148148148 0.014583333333333334 0.04722222222222222
1 0.6096354166666667 0.11990740740740741 0.008854166666666666 0.03425925925925926
1 0.6752604166666667 0.225 0.009895833333333333 0.05
1 0.428125 0.25555555555555554 0.015625 0.05555555555555555
1 0.4153645833333333 0.3921296296296296 0.0203125 0.06574074074074074
1 0.4122395833333333 0.44907407407407407 0.030729166666666665 0.04814814814814815
1 0.4552083333333333 0.2162037037037037 0.009375 0.05648148148148148
1 0.7752604166666667 0.35833333333333334 0.0171875 0.06111111111111111
1 0.7606770833333333 0.5657407407407408 0.009895833333333333 0.012962962962962963
1 0.6057291666666667 0.09398148148148149 0.00625 0.028703703703703703
