1 0.7276041666666667 0.31666666666666665 0.013541666666666667 0.05740740740740741
1 0.2747395833333333 0.4263888888888889 0.027604166666666666 0.0712962962962963
1 0.21666666666666667 0.18703703703703703 0.0125 0.05185185185185185
1 0.8473958333333333 0.47824074074074074 0.013541666666666667 0.06759259259259259
1 0.41171875 0.2587962962962963 0.015104166666666667 0.05462962962962963
1 0.5447916666666667 0.3402777777777778 0.014583333333333334 0.06574074074074074
1 0.46510416666666665 0.8148148148148148 0.03854166666666667 0.10740740740740741
1 0.6221354166666667 0.20694444444444443 0.0109375 0.049074074074074076
1 0.3580729166666667 0.33796296296296297 0.016145833333333335 0.06481481481481481
1 0.88359375 0.15416666666666667 0.008854166666666666 0.03611111111111111
1 0.11979166666666667 0.6092592592592593 0.015625 0.08888888888888889
1 0.94765625 0.32083333333333336 0.015104166666666667 0.06388888888888888
1 0.5817708333333333 0.1259259259259259 0.008333333333333333 0.03888888888888889
1 0.63359375 0.24861111111111112 0.0140625 0.05277777777777778
1 0.5841145833333333 0.23796296296296296 0.013020833333333334 0.05555555555555555
1 0.625 0.11342592592592593 0.00625 0.032407407407407406
1 0.68828125 0.21064814814814814 0.009895833333333333 0.04722222222222222
1 0.44114583333333335 0.2449074074074074 0.0125 0.05462962962962963
1 0.43385416666666665 0.3726851851851852 0.0125 0.06759259259259259
1 0.45546875 0.4324074074074074 0.0265625 0.06851851851851852
1 0.47760416666666666 0.20555555555555555 0.010416666666666666 0.053703703703703705
1 0.8200520833333333 0.3388888888888889 0.0203125 0.06296296296296296
1 0.8333333333333334 0.513425925925926 0.00625 0.010185185185185186
1 0.6115182291666666 0.0915462962962963 0.008390625000000066 0.030314814814814812
