1 0.7276041666666667 0.30925925925925923 0.013541666666666667 0.05740740740740741
1 0.2760416666666667 0.4203703703703704 0.021875 0.07222222222222222
1 0.215625 0.18425925925925926 0.011458333333333333 0.05185185185185185
1 0.8528645833333334 0.4726851851851852 0.0140625 0.0712962962962963
1 0.4125 0.25555555555555554 0.016666666666666666 0.05555555555555555
1 0.5442708333333334 0.3314814814814815 0.013541666666666667 0.05740740740740741
1 0.46953125 0.8152777777777778 0.03802083333333333 0.10648148148148148
1 0.6239583333333333 0.20324074074074075 0.011458333333333333 0.04722222222222222
1 0.35859375 0.3347222222222222 0.0171875 0.06574074074074074
1 0.8848958333333333 0.14814814814814814 0.008333333333333333 0.040740740740740744
1 0.12291666666666666 0.5972222222222222 0.017708333333333333 0.08518518518518518
1 0.94609375 0.31712962962962965 0.016145833333333335 0.06388888888888888
1 0.5833333333333334 0.12083333333333333 0.008333333333333333 0.03981481481481482
1 0.6359375 0.24166666666666667 0.013541666666666667 0.05185185185185185
1 0.5848958333333333 0.23287037037037037 0.0125 0.05462962962962963
1 0.6263020833333334 0.10925925925925926 0.008854166666666666 0.037037037037037035
1 0.6890625 0.20416666666666666 0.011458333333333333 0.05092592592592592
1 0.44296875 0.24212962962962964 0.015104166666666667 0.05462962962962963
1 0.4354166666666667 0.36574074074074076 0.011458333333333333 0.06851851851851852
1 0.4549479166666667 0.42824074074074076 0.024479166666666666 0.06944444444444445
1 0.47994791666666664 0.20277777777777778 0.011979166666666667 0.05185185185185185
1 0.8252604166666667 0.3314814814814815 0.021354166666666667 0.06296296296296296
1 0.83828125 0.5055555555555555 0.005729166666666666 0.011111111111111112
1 0.6111979166666667 0.08935185185185185 0.0078125 0.032407407407407406
