1 0.5885416666666666 0.47962962962962963 0.017708333333333333 0.06296296296296296
1 0.10104166666666667 0.587037037037037 0.026041666666666668 0.07777777777777778
1 0.15182291666666667 0.2324074074074074 0.008854166666666666 0.046296296296296294
1 0.8651041666666667 0.6449074074074074 0.029166666666666667 0.08981481481481482
1 0.2794270833333333 0.32083333333333336 0.015104166666666667 0.05277777777777778
1 0.4895833333333333 0.4708333333333333 0.025 0.062037037037037036
1 0.28359375 0.7472222222222222 0.022395833333333334 0.08888888888888889
1 0.49921875 0.2708333333333333 0.015104166666666667 0.04722222222222222
1 0.246875 0.500462962962963 0.023958333333333335 0.062037037037037036
1 0.6981770833333333 0.18981481481481483 0.011979166666666667 0.03518518518518519
1 0.10859375 0.662962962962963 0.024479166666666666 0.08148148148148149
1 0.8893229166666666 0.3675925925925926 0.0171875 0.05185185185185185
1 0.44036458333333334 0.19444444444444445 0.013020833333333334 0.037037037037037035
1 0.49192708333333335 0.3476851851851852 0.0109375 0.05462962962962963
1 0.41067708333333336 0.3509259259259259 0.015104166666666667 0.053703703703703705
1 0.5013020833333334 0.17222222222222222 0.008854166666666666 0.03148148148148148
1 0.60703125 0.28055555555555556 0.015104166666666667 0.046296296296296294
1 0.3359375 0.28194444444444444 0.013541666666666667 0.04722222222222222
1 0.3645833333333333 0.5421296296296296 0.019791666666666666 0.0712962962962963
1 0.41875 0.6462962962962963 0.026041666666666668 0.07777777777777778
1 0.35234375 0.2675925925925926 0.015104166666666667 0.05
1 0.7489583333333333 0.4898148148148148 0.022916666666666665 0.06481481481481481
1 0.8484375 0.6564814814814814 0.007291666666666667 0.011111111111111112
1 0.49765625 0.13240740740740742 0.0067708333333333336 0.022222222222222223
