1 0.62265625 0.5087962962962963 0.022395833333333334 0.062037037037037036
1 0.13515625 0.5898148148148148 0.024479166666666666 0.06481481481481481
1 0.24947916666666667 0.2574074074074074 0.008333333333333333 0.046296296296296294
1 0.91875 0.6990740740740741 0.022916666666666665 0.09444444444444444
1 0.3450520833333333 0.3486111111111111 0.011979166666666667 0.05092592592592592
1 0.47213541666666664 0.5194444444444445 0.016145833333333335 0.06296296296296296
1 0.3763020833333333 0.711574074074074 0.019270833333333334 0.05462962962962963
1 0.5747395833333333 0.31157407407407406 0.011979166666666667 0.049074074074074076
1 0.26666666666666666 0.513425925925926 0.022916666666666665 0.07314814814814814
1 0.8244791666666667 0.24166666666666667 0.010416666666666666 0.040740740740740744
1 0.13125 0.7222222222222222 0.020833333333333332 0.09444444444444444
1 0.9471354166666667 0.44212962962962965 0.027604166666666666 0.05648148148148148
1 0.5380208333333333 0.2324074074074074 0.009375 0.04259259259259259
1 0.5307291666666667 0.40370370370370373 0.01875 0.053703703703703705
1 0.49322916666666666 0.38333333333333336 0.015625 0.05925925925925926
1 0.59921875 0.21157407407407408 0.009895833333333333 0.03425925925925926
1 0.6669270833333333 0.33611111111111114 0.0171875 0.04814814814814815
1 0.4200520833333333 0.3189814814814815 0.0140625 0.05092592592592592
1 0.3234375 0.5564814814814815 0.026041666666666668 0.06296296296296296
1 0.40078125 0.7018518518518518 0.027604166666666666 0.08888888888888889
1 0.4192708333333333 0.30092592592592593 0.013541666666666667 0.040740740740740744
1 0.7276041666666667 0.5342592592592592 0.03854166666666667 0.06111111111111111
1 0.6611979166666667 0.7583333333333333 0.009895833333333333 0.012962962962962963
1 0.59453125 0.1685185185185185 0.0067708333333333336 0.027777777777777776
