1 0.6197916666666666 0.4699074074074074 0.017708333333333333 0.06388888888888888
1 0.1203125 0.6157407407407407 0.020833333333333332 0.08333333333333333
1 0.103125 0.23333333333333334 0.011458333333333333 0.04814814814814815
1 0.81015625 0.5935185185185186 0.025520833333333333 0.06481481481481481
1 0.27239583333333334 0.30972222222222223 0.015625 0.049074074074074076
1 0.5703125 0.47175925925925927 0.017708333333333333 0.05648148148148148
1 0.31588541666666664 0.8087962962962963 0.030729166666666665 0.09722222222222222
1 0.4901041666666667 0.2569444444444444 0.0125 0.04537037037037037
1 0.32760416666666664 0.5055555555555555 0.030208333333333334 0.06481481481481481
1 0.66796875 0.17407407407407408 0.009895833333333333 0.03148148148148148
1 0.09296875 0.6546296296296297 0.0328125 0.07222222222222222
1 0.8833333333333333 0.3402777777777778 0.021875 0.05277777777777778
1 0.409375 0.18564814814814815 0.011458333333333333 0.03981481481481482
1 0.48463541666666665 0.3162037037037037 0.009895833333333333 0.04722222222222222
1 0.4127604166666667 0.3351851851851852 0.015104166666666667 0.053703703703703705
1 0.46770833333333334 0.16111111111111112 0.009375 0.03148148148148148
1 0.6002604166666666 0.2587962962962963 0.0109375 0.041666666666666664
1 0.31744791666666666 0.2796296296296296 0.0140625 0.046296296296296294
1 0.4236979166666667 0.5310185185185186 0.025520833333333333 0.0712962962962963
1 0.44947916666666665 0.6296296296296297 0.025 0.08888888888888889
1 0.33177083333333335 0.2671296296296296 0.0125 0.049074074074074076
1 0.7833333333333333 0.49953703703703706 0.023958333333333335 0.058333333333333334
1 0.7924479166666667 0.6199074074074075 0.008854166666666666 0.012037037037037037
1 0.465625 0.12453703703703704 0.00625 0.026851851851851852
