1 0.6127604166666667 0.46944444444444444 0.0171875 0.06111111111111111
1 0.11171875 0.612037037037037 0.024479166666666666 0.08148148148148149
1 0.10416666666666667 0.2337962962962963 0.013541666666666667 0.04722222222222222
1 0.8177083333333334 0.5930555555555556 0.019791666666666666 0.06759259259259259
1 0.26953125 0.3087962962962963 0.016145833333333335 0.05277777777777778
1 0.5575520833333333 0.46620370370370373 0.027604166666666666 0.058333333333333334
1 0.30755208333333334 0.8013888888888889 0.021354166666666667 0.09166666666666666
1 0.4869791666666667 0.2564814814814815 0.010416666666666666 0.046296296296296294
1 0.3140625 0.5032407407407408 0.020833333333333332 0.06018518518518518
1 0.66640625 0.17546296296296296 0.0067708333333333336 0.032407407407407406
1 0.0875 0.6541666666666667 0.022916666666666665 0.07685185185185185
1 0.8830729166666667 0.34074074074074073 0.019270833333333334 0.05555555555555555
1 0.4080729166666667 0.18518518518518517 0.008854166666666666 0.040740740740740744
1 0.48072916666666665 0.31805555555555554 0.014583333333333334 0.04537037037037037
1 0.40859375 0.33425925925925926 0.0203125 0.05555555555555555
1 0.4669270833333333 0.16111111111111112 0.0078125 0.03333333333333333
1 0.5947916666666667 0.25925925925925924 0.013541666666666667 0.044444444444444446
1 0.31354166666666666 0.2796296296296296 0.009375 0.046296296296296294
1 0.4158854166666667 0.5361111111111111 0.019270833333333334 0.07592592592592592
1 0.4421875 0.6361111111111111 0.016666666666666666 0.08703703703703704
1 0.33177083333333335 0.26666666666666666 0.015625 0.04814814814814815
1 0.78046875 0.49027777777777776 0.027604166666666666 0.05462962962962963
1 0.8002604166666667 0.6203703703703703 0.0067708333333333336 0.011111111111111112
1 0.46484375 0.125 0.0067708333333333336 0.027777777777777776
