1 0.5809895833333333 0.4722222222222222 0.0265625 0.06481481481481481
1 0.08697916666666666 0.5856481481481481 0.023958333333333335 0.06018518518518518
1 0.12760416666666666 0.2300925925925926 0.0125 0.04722222222222222
1 0.8484375 0.6212962962962963 0.021875 0.08888888888888889
1 0.2635416666666667 0.31574074074074077 0.013541666666666667 0.053703703703703705
1 0.48984375 0.46435185185185185 0.0265625 0.06388888888888888
1 0.27369791666666665 0.7597222222222222 0.027604166666666666 0.08796296296296297
1 0.4856770833333333 0.26481481481481484 0.0109375 0.046296296296296294
1 0.24375 0.4981481481481482 0.026041666666666668 0.06481481481481481
1 0.6778645833333333 0.1814814814814815 0.009895833333333333 0.03518518518518519
1 0.08854166666666667 0.6592592592592592 0.026041666666666668 0.07777777777777778
1 0.8747395833333333 0.35462962962962963 0.0140625 0.05740740740740741
1 0.42161458333333335 0.18703703703703703 0.009895833333333333 0.03888888888888889
1 0.478125 0.33564814814814814 0.017708333333333333 0.05092592592592592
1 0.3953125 0.34305555555555556 0.019791666666666666 0.05462962962962963
1 0.48125 0.16620370370370371 0.007291666666666667 0.030555555555555555
1 0.5924479166666666 0.2708333333333333 0.0109375 0.04722222222222222
1 0.31744791666666666 0.2800925925925926 0.008854166666666666 0.04722222222222222
1 0.3640625 0.5361111111111111 0.029166666666666667 0.07222222222222222
1 0.41041666666666665 0.6430555555555556 0.019791666666666666 0.07685185185185185
1 0.3359375 0.26435185185185184 0.010416666666666666 0.049074074074074076
1 0.7453125 0.4828703703703704 0.014583333333333334 0.06574074074074074
1 0.8286458333333333 0.6398148148148148 0.007291666666666667 0.011111111111111112
1 0.4783854166666667 0.1259259259259259 0.0067708333333333336 0.025925925925925925
