1 0.6130208333333333 0.46944444444444444 0.017708333333333333 0.06111111111111111
1 0.11223958333333334 0.612037037037037 0.024479166666666666 0.08148148148148149
1 0.10416666666666667 0.2337962962962963 0.013541666666666667 0.04722222222222222
1 0.8177083333333334 0.5935185185185186 0.019791666666666666 0.06666666666666667
1 0.26979166666666665 0.30833333333333335 0.016666666666666666 0.05185185185185185
1 0.5588541666666667 0.4666666666666667 0.028125 0.05740740740740741
1 0.3078125 0.8018518518518518 0.021875 0.09259259259259259
1 0.4869791666666667 0.2564814814814815 0.010416666666666666 0.046296296296296294
1 0.315625 0.5032407407407408 0.019791666666666666 0.06018518518518518
1 0.66640625 0.17546296296296296 0.0067708333333333336 0.032407407407407406
1 0.08776041666666666 0.6537037037037037 0.0234375 0.07592592592592592
1 0.8833333333333333 0.34120370370370373 0.019791666666666666 0.05648148148148148
1 0.4080729166666667 0.18518518518518517 0.008854166666666666 0.040740740740740744
1 0.48098958333333336 0.31851851851851853 0.0140625 0.046296296296296294
1 0.4088541666666667 0.33425925925925926 0.020833333333333332 0.05555555555555555
1 0.4669270833333333 0.16111111111111112 0.0078125 0.03333333333333333
1 0.5950520833333334 0.25925925925925924 0.0140625 0.044444444444444446
1 0.3138020833333333 0.2796296296296296 0.008854166666666666 0.046296296296296294
1 0.41640625 0.5361111111111111 0.019270833333333334 0.07592592592592592
1 0.44244791666666666 0.6356481481481482 0.016145833333333335 0.08796296296296297
1 0.33203125 0.26666666666666666 0.015104166666666667 0.04814814814814815
1 0.78125 0.49074074074074076 0.028125 0.053703703703703705
1 0.8002604166666667 0.6203703703703703 0.0067708333333333336 0.011111111111111112
1 0.46484375 0.12453703703703704 0.0067708333333333336 0.026851851851851852
