1 0.7122395833333334 0.42824074074074076 0.015104166666666667 0.06574074074074074
1 0.11380208333333333 0.5412037037037037 0.022395833333333334 0.08055555555555556
1 0.05911458333333333 0.21712962962962962 0.0140625 0.05277777777777778
1 0.715625 0.6152777777777778 0.021875 0.0787037037037037
1 0.18854166666666666 0.3476851851851852 0.029166666666666667 0.06574074074074074
1 0.4869791666666667 0.5305555555555556 0.019791666666666666 0.07592592592592592
1 0.3203125 0.8333333333333334 0.03333333333333333 0.10740740740740741
1 0.48854166666666665 0.22962962962962963 0.013541666666666667 0.04814814814814815
1 0.37109375 0.44074074074074077 0.033854166666666664 0.06111111111111111
1 0.7184895833333333 0.1375 0.008854166666666666 0.03981481481481482
1 0.20729166666666668 0.5472222222222223 0.029166666666666667 0.06481481481481481
1 0.9049479166666666 0.3263888888888889 0.011979166666666667 0.058333333333333334
1 0.3848958333333333 0.1486111111111111 0.008333333333333333 0.04351851851851852
1 0.42265625 0.31712962962962965 0.016145833333333335 0.058333333333333334
1 0.4752604166666667 0.3111111111111111 0.015104166666666667 0.05925925925925926
1 0.45703125 0.1287037037037037 0.008854166666666666 0.03333333333333333
1 0.6088541666666667 0.22870370370370371 0.013541666666666667 0.04814814814814815
1 0.28932291666666665 0.3509259259259259 0.0171875 0.06296296296296296
1 0.42213541666666665 0.4287037037037037 0.03177083333333333 0.06111111111111111
1 0.3763020833333333 0.7125 0.0359375 0.08981481481481482
1 0.28515625 0.23935185185185184 0.016145833333333335 0.05092592592592592
1 0.6848958333333334 0.5884259259259259 0.028125 0.08611111111111111
1 0.3138307291666667 0.8566666666666667 0.007401041666666626 0.011240740740740728
1 0.4583333333333333 0.08148148148148149 0.007291666666666667 0.027777777777777776
