1 0.7127604166666667 0.43287037037037035 0.018229166666666668 0.06574074074074074
1 0.11197916666666667 0.5324074074074074 0.020833333333333332 0.07592592592592592
1 0.049479166666666664 0.21805555555555556 0.015625 0.05277777777777778
1 0.73125 0.6217592592592592 0.019791666666666666 0.0824074074074074
1 0.1765625 0.3560185185185185 0.015625 0.06574074074074074
1 0.46770833333333334 0.5444444444444444 0.016666666666666666 0.07037037037037037
1 0.29765625 0.8305555555555556 0.03802083333333333 0.10925925925925926
1 0.48671875 0.22916666666666666 0.013020833333333334 0.049074074074074076
1 0.34322916666666664 0.4388888888888889 0.03333333333333333 0.06851851851851852
1 0.721875 0.13472222222222222 0.008333333333333333 0.03981481481481482
1 0.21276041666666667 0.549074074074074 0.0296875 0.06296296296296296
1 0.9044270833333333 0.3282407407407407 0.018229166666666668 0.062037037037037036
1 0.38177083333333334 0.14814814814814814 0.010416666666666666 0.04259259259259259
1 0.41302083333333334 0.3212962962962963 0.017708333333333333 0.06296296296296296
1 0.4708333333333333 0.3111111111111111 0.011458333333333333 0.05925925925925926
1 0.4510416666666667 0.12777777777777777 0.009375 0.03518518518518519
1 0.60390625 0.22870370370370371 0.009895833333333333 0.04814814814814815
1 0.27447916666666666 0.3587962962962963 0.028125 0.06759259259259259
1 0.39348958333333334 0.42314814814814816 0.027604166666666666 0.06481481481481481
1 0.33697916666666666 0.7412037037037037 0.04895833333333333 0.08425925925925926
1 0.2786458333333333 0.2375 0.015625 0.05462962962962963
1 0.6841145833333333 0.5925925925925926 0.0265625 0.08518518518518518
1 0.2833333333333333 0.8587962962962963 0.009375 0.01574074074074074
1 0.4578125 0.07777777777777778 0.00625 0.025925925925925925
