1 0.7114583333333333 0.43796296296296294 0.021875 0.06851851851851852
1 0.11145833333333334 0.524537037037037 0.021875 0.06944444444444445
1 0.046614583333333334 0.21944444444444444 0.015104166666666667 0.053703703703703705
1 0.73828125 0.624537037037037 0.019270833333333334 0.08425925925925926
1 0.17265625 0.36203703703703705 0.016145833333333335 0.06481481481481481
1 0.4583333333333333 0.5513888888888889 0.027083333333333334 0.075
1 0.28072916666666664 0.8115740740740741 0.029166666666666667 0.08425925925925926
1 0.4859375 0.23055555555555557 0.014583333333333334 0.05
1 0.3302083333333333 0.4351851851851852 0.026041666666666668 0.06666666666666667
1 0.7221354166666667 0.13657407407407407 0.008854166666666666 0.03796296296296296
1 0.21380208333333334 0.5453703703703704 0.027604166666666666 0.06111111111111111
1 0.9002604166666667 0.3300925925925926 0.0140625 0.062037037037037036
1 0.3809895833333333 0.1486111111111111 0.009895833333333333 0.04351851851851852
1 0.40598958333333335 0.32592592592592595 0.016145833333333335 0.05925925925925926
1 0.46927083333333336 0.31527777777777777 0.013541666666666667 0.062037037037037036
1 0.4484375 0.12962962962962962 0.008333333333333333 0.03148148148148148
1 0.6013020833333333 0.2310185185185185 0.0109375 0.05092592592592592
1 0.2638020833333333 0.3611111111111111 0.024479166666666666 0.06666666666666667
1 0.3763020833333333 0.4203703703703704 0.021354166666666667 0.06851851851851852
1 0.31536458333333334 0.7592592592592593 0.043229166666666666 0.0962962962962963
1 0.2752604166666667 0.2412037037037037 0.016145833333333335 0.05277777777777778
1 0.6841145833333333 0.5930555555555556 0.024479166666666666 0.08611111111111111
1 0.26875 0.8587962962962963 0.009375 0.01574074074074074
1 0.4578125 0.07685185185185185 0.007291666666666667 0.027777777777777776
