1 0.6734375 0.4203703703703704 0.015625 0.05740740740740741
1 0.09401041666666667 0.5884259259259259 0.03177083333333333 0.07685185185185185
1 0.050520833333333334 0.22685185185185186 0.014583333333333334 0.05
1 0.6671875 0.6087962962962963 0.03125 0.07314814814814814
1 0.20546875 0.3282407407407407 0.015104166666666667 0.05092592592592592
1 0.53671875 0.49907407407407406 0.015104166666666667 0.06481481481481481
1 0.35442708333333334 0.8629629629629629 0.0265625 0.1111111111111111
1 0.46927083333333336 0.23472222222222222 0.0125 0.04351851851851852
1 0.41015625 0.4722222222222222 0.021354166666666667 0.05925925925925926
1 0.6770833333333334 0.14305555555555555 0.007291666666666667 0.03796296296296296
1 0.140625 0.6305555555555555 0.022916666666666665 0.08888888888888889
1 0.8833333333333333 0.3189814814814815 0.017708333333333333 0.05648148148148148
1 0.3690104166666667 0.1574074074074074 0.009895833333333333 0.040740740740740744
1 0.425 0.3023148148148148 0.015625 0.05277777777777778
1 0.4473958333333333 0.3148148148148148 0.0125 0.05740740740740741
1 0.4453125 0.13657407407407407 0.009375 0.032407407407407406
1 0.6080729166666666 0.23796296296296296 0.015104166666666667 0.044444444444444446
1 0.29791666666666666 0.31574074074074077 0.015625 0.05185185185185185
1 0.47317708333333336 0.46805555555555556 0.0265625 0.058333333333333334
1 0.4432291666666667 0.6101851851851852 0.022916666666666665 0.06481481481481481
1 0.2752604166666667 0.25324074074074077 0.0140625 0.05462962962962963
1 0.67578125 0.5513888888888889 0.028645833333333332 0.07314814814814814
1 0.6143229166666667 0.6726851851851852 0.008854166666666666 0.012037037037037037
1 0.43802083333333336 0.1 0.008333333333333333 0.025925925925925925
