1 0.7083333333333334 0.44722222222222224 0.016666666666666666 0.06851851851851852
1 0.11875 0.5217592592592593 0.026041666666666668 0.06018518518518518
1 0.045572916666666664 0.22314814814814815 0.016145833333333335 0.053703703703703705
1 0.7518229166666667 0.6509259259259259 0.021354166666666667 0.09259259259259259
1 0.1609375 0.3648148148148148 0.028125 0.06666666666666667
1 0.43515625 0.5745370370370371 0.0296875 0.075
1 0.270390625 0.799074074074074 0.031093749999999993 0.09444444444444444
1 0.4828125 0.23472222222222222 0.011458333333333333 0.05092592592592592
1 0.30026041666666664 0.43425925925925923 0.0296875 0.06666666666666667
1 0.7263020833333333 0.1412037037037037 0.008854166666666666 0.03796296296296296
1 0.2109375 0.5462962962962963 0.023958333333333335 0.06851851851851852
1 0.8924479166666667 0.33564814814814814 0.015104166666666667 0.062037037037037036
1 0.38203125 0.1550925925925926 0.008854166666666666 0.04351851851851852
1 0.4 0.33564814814814814 0.020833333333333332 0.06388888888888888
1 0.46927083333333336 0.32175925925925924 0.0125 0.062037037037037036
1 0.44453125 0.13657407407407407 0.008854166666666666 0.03425925925925926
1 0.59765625 0.23796296296296296 0.011979166666666667 0.05185185185185185
1 0.25286458333333334 0.3712962962962963 0.0203125 0.06851851851851852
1 0.34765625 0.412962962962963 0.022395833333333334 0.06666666666666667
1 0.261640625 0.7754166666666668 0.040260416666666674 0.10268518518518517
1 0.27421875 0.2490740740740741 0.021354166666666667 0.05555555555555555
1 0.6794270833333333 0.5953703703703703 0.021354166666666667 0.08703703703703704
1 0.26979166666666665 0.8518518518518519 0.009375 0.012962962962962963
1 0.4622395833333333 0.08009259259259259 0.0078125 0.028703703703703703
