1 0.7078125 0.4527777777777778 0.020833333333333332 0.06851851851851852
1 0.12708333333333333 0.5226851851851851 0.022916666666666665 0.06944444444444445
1 0.05286458333333333 0.22870370370370371 0.0203125 0.05185185185185185
1 0.7643229166666666 0.6625 0.021354166666666667 0.08425925925925926
1 0.15833333333333333 0.3675925925925926 0.01875 0.06851851851851852
1 0.4127604166666667 0.5930555555555556 0.028645833333333332 0.06388888888888888
1 0.2595572916666667 0.8037037037037037 0.032968750000000005 0.09259259259259259
1 0.48411458333333335 0.24166666666666667 0.015104166666666667 0.04814814814814815
1 0.28020833333333334 0.43333333333333335 0.03125 0.06666666666666667
1 0.7317708333333334 0.14722222222222223 0.007291666666666667 0.03888888888888889
1 0.21510416666666668 0.5652777777777778 0.025 0.06759259259259259
1 0.8869791666666667 0.34120370370370373 0.015625 0.06018518518518518
1 0.38671875 0.16203703703703703 0.0109375 0.044444444444444446
1 0.39401041666666664 0.3439814814814815 0.019270833333333334 0.06388888888888888
1 0.4713541666666667 0.3300925925925926 0.014583333333333334 0.062037037037037036
1 0.4453125 0.1439814814814815 0.009375 0.03611111111111111
1 0.59609375 0.2449074074074074 0.009895833333333333 0.04722222222222222
1 0.24505208333333334 0.37407407407407406 0.021354166666666667 0.06666666666666667
1 0.33255208333333336 0.4046296296296296 0.025520833333333333 0.06296296296296296
1 0.24166666666666667 0.8009259259259259 0.029166666666666667 0.08703703703703704
1 0.27057291666666666 0.25324074074074077 0.013020833333333334 0.05648148148148148
1 0.6791666666666667 0.600925925925926 0.022916666666666665 0.08148148148148149
1 0.29661458333333335 0.8486111111111111 0.008854166666666666 0.013888888888888888
1 0.46875 0.08564814814814815 0.007291666666666667 0.028703703703703703
