1 0.6640625 0.44074074074074077 0.017708333333333333 0.05740740740740741
1 0.12473958333333333 0.6078703703703704 0.030729166666666665 0.0787037037037037
1 0.07135416666666666 0.2324074074074074 0.016666666666666666 0.04814814814814815
1 0.71484375 0.5949074074074074 0.0203125 0.0712962962962963
1 0.23151041666666666 0.31574074074074077 0.011979166666666667 0.04814814814814815
1 0.5731770833333333 0.4935185185185185 0.0203125 0.06296296296296296
1 0.37213541666666666 0.8527777777777777 0.030729166666666665 0.07777777777777778
1 0.47708333333333336 0.24259259259259258 0.017708333333333333 0.040740740740740744
1 0.40625 0.5060185185185185 0.017708333333333333 0.07314814814814814
1 0.6666666666666666 0.1550925925925926 0.007291666666666667 0.03425925925925926
1 0.11197916666666667 0.6703703703703704 0.019791666666666666 0.09444444444444444
1 0.8854166666666666 0.32546296296296295 0.01875 0.05462962962962963
1 0.38177083333333334 0.17314814814814813 0.0125 0.03888888888888889
1 0.4453125 0.30324074074074076 0.0125 0.05277777777777778
1 0.43385416666666665 0.32222222222222224 0.01875 0.05740740740740741
1 0.4518229166666667 0.14722222222222223 0.008854166666666666 0.02962962962962963
1 0.6177083333333333 0.25277777777777777 0.016666666666666666 0.040740740740740744
1 0.30859375 0.2986111111111111 0.015104166666666667 0.04537037037037037
1 0.471875 0.5055555555555555 0.020833333333333332 0.07037037037037037
1 0.44947916666666665 0.575 0.014583333333333334 0.06111111111111111
1 0.29296875 0.2675925925925926 0.019270833333333334 0.05185185185185185
1 0.7145833333333333 0.5277777777777778 0.017708333333333333 0.06851851851851852
1 0.6825520833333333 0.6319444444444444 0.0067708333333333336 0.012037037037037037
1 0.44505208333333335 0.1111111111111111 0.0078125 0.027777777777777776
