1 0.19140625 0.21851851851851853 0.016145833333333335 0.06481481481481481
1 0.3770833333333333 0.42916666666666664 0.013541666666666667 0.08611111111111111
1 0.87734375 0.18333333333333332 0.0140625 0.06111111111111111
1 0.3536458333333333 0.23935185185185184 0.01875 0.062037037037037036
1 0.9171875 0.5476851851851852 0.017708333333333333 0.08611111111111111
1 0.49921875 0.38842592592592595 0.013020833333333334 0.07685185185185185
1 0.5122395833333333 0.5421296296296296 0.0328125 0.075
1 0.4708333333333333 0.9444444444444444 0.025 0.10925925925925926
1 0.075 0.4824074074074074 0.016666666666666666 0.07962962962962963
1 0.2677083333333333 0.03564814814814815 0.011458333333333333 0.04537037037037037
1 0.45208333333333334 0.16805555555555557 0.015625 0.049074074074074076
1 0.45026041666666666 0.25972222222222224 0.0171875 0.05648148148148148
1 0.38515625 0.3175925925925926 0.022395833333333334 0.06111111111111111
1 0.58515625 0.19537037037037036 0.009895833333333333 0.06111111111111111
1 0.7619791666666667 0.29212962962962963 0.020833333333333332 0.06574074074074074
1 0.13776041666666666 0.30694444444444446 0.016145833333333335 0.06944444444444445
1 0.24427083333333333 0.16157407407407406 0.016666666666666666 0.058333333333333334
1 0.48515625 0.11712962962962963 0.016145833333333335 0.049074074074074076
1 0.5708333333333333 0.3402777777777778 0.01875 0.06944444444444445
1 0.9442708333333333 0.3416666666666667 0.013541666666666667 0.07407407407407407
1 0.75625 0.09027777777777778 0.011458333333333333 0.05092592592592592
1 0.57578125 0.20185185185185187 0.019270833333333334 0.05740740740740741
1 0.7458333333333333 0.3111111111111111 0.005208333333333333 0.009259259259259259
