1 0.1828125 0.22175925925925927 0.011458333333333333 0.06574074074074074
1 0.37447916666666664 0.44814814814814813 0.022916666666666665 0.08703703703703704
1 0.8768229166666667 0.19027777777777777 0.013020833333333334 0.06388888888888888
1 0.33880208333333334 0.24444444444444444 0.019270833333333334 0.06111111111111111
1 0.8979166666666667 0.5518518518518518 0.021875 0.08518518518518518
1 0.50625 0.3912037037037037 0.017708333333333333 0.07685185185185185
1 0.48125 0.5467592592592593 0.027083333333333334 0.07685185185185185
1 0.48489583333333336 0.9430555555555555 0.020833333333333332 0.11203703703703703
1 0.07239583333333334 0.4824074074074074 0.014583333333333334 0.08333333333333333
1 0.26927083333333335 0.038425925925925926 0.010416666666666666 0.04537037037037037
1 0.4432291666666667 0.1736111111111111 0.011458333333333333 0.05462962962962963
1 0.48776041666666664 0.26342592592592595 0.019270833333333334 0.058333333333333334
1 0.3651041666666667 0.32083333333333336 0.021875 0.06574074074074074
1 0.59609375 0.1935185185185185 0.011979166666666667 0.05740740740740741
1 0.7588541666666667 0.2916666666666667 0.017708333333333333 0.06666666666666667
1 0.13046875 0.30694444444444446 0.015104166666666667 0.06944444444444445
1 0.23359375 0.16944444444444445 0.016145833333333335 0.05925925925925926
1 0.5013020833333334 0.12175925925925926 0.016145833333333335 0.04722222222222222
1 0.528125 0.36527777777777776 0.019791666666666666 0.06944444444444445
1 0.9372395833333333 0.34305555555555556 0.0140625 0.07685185185185185
1 0.75234375 0.09305555555555556 0.011979166666666667 0.05092592592592592
1 0.5453125 0.19490740740740742 0.016666666666666666 0.049074074074074076
1 0.6583333333333333 0.3060185185185185 0.005208333333333333 0.010185185185185186
