1 0.1890625 0.22083333333333333 0.016666666666666666 0.06574074074074074
1 0.37734375 0.4425925925925926 0.0171875 0.08888888888888889
1 0.87734375 0.18703703703703703 0.0140625 0.06296296296296296
1 0.3484375 0.2412037037037037 0.0125 0.06388888888888888
1 0.9065104166666667 0.549537037037037 0.024479166666666666 0.08425925925925926
1 0.5018229166666667 0.38981481481481484 0.0171875 0.07777777777777778
1 0.4942708333333333 0.5449074074074074 0.029166666666666667 0.07685185185185185
1 0.48020833333333335 0.9458333333333333 0.027083333333333334 0.10833333333333334
1 0.0734375 0.48333333333333334 0.015625 0.08333333333333333
1 0.26848958333333334 0.0375 0.0109375 0.04537037037037037
1 0.44895833333333335 0.17037037037037037 0.011458333333333333 0.053703703703703705
1 0.47109375 0.2611111111111111 0.022395833333333334 0.05555555555555555
1 0.378125 0.3175925925925926 0.014583333333333334 0.06481481481481481
1 0.59140625 0.19305555555555556 0.013020833333333334 0.05462962962962963
1 0.76328125 0.2902777777777778 0.0140625 0.06759259259259259
1 0.13359375 0.30648148148148147 0.015104166666666667 0.06851851851851852
1 0.24036458333333333 0.16435185185185186 0.0109375 0.06018518518518518
1 0.49192708333333335 0.11712962962962963 0.009895833333333333 0.05277777777777778
1 0.5505208333333333 0.3523148148148148 0.026041666666666668 0.06944444444444445
1 0.93828125 0.3439814814814815 0.019270833333333334 0.075
1 0.75390625 0.09212962962962963 0.015104166666666667 0.05092592592592592
1 0.5614583333333333 0.1986111111111111 0.019791666666666666 0.05648148148148148
1 0.7096354166666666 0.30925925925925923 0.005729166666666666 0.009259259259259259
