1 0.15755208333333334 0.21157407407407408 0.0140625 0.062037037037037036
1 0.34322916666666664 0.3125 0.015625 0.07685185185185185
1 0.7549479166666667 0.1486111111111111 0.015104166666666667 0.05462962962962963
1 0.3958333333333333 0.1814814814814815 0.016666666666666666 0.05925925925925926
1 0.9197916666666667 0.5578703703703703 0.022916666666666665 0.0824074074074074
1 0.5309895833333333 0.36666666666666664 0.0140625 0.07037037037037037
1 0.6127604166666667 0.48055555555555557 0.018229166666666668 0.07962962962962963
1 0.33125 0.9111111111111111 0.020833333333333332 0.12222222222222222
1 0.062239583333333334 0.5018518518518519 0.0203125 0.08333333333333333
1 0.21276041666666667 0.043055555555555555 0.011979166666666667 0.03981481481481482
1 0.5447916666666667 0.12546296296296297 0.014583333333333334 0.04722222222222222
1 0.18802083333333333 0.2569444444444444 0.016666666666666666 0.06388888888888888
1 0.4278645833333333 0.3 0.019270833333333334 0.06666666666666667
1 0.5018229166666667 0.18518518518518517 0.011979166666666667 0.05740740740740741
1 0.6325520833333333 0.23055555555555557 0.011979166666666667 0.06111111111111111
1 0.13411458333333334 0.28935185185185186 0.018229166666666668 0.06944444444444445
1 0.26197916666666665 0.12083333333333333 0.010416666666666666 0.05277777777777778
1 0.30390625 0.09814814814814815 0.009895833333333333 0.046296296296296294
1 0.6627604166666666 0.25092592592592594 0.015104166666666667 0.06481481481481481
1 0.934375 0.3296296296296296 0.0125 0.07592592592592592
1 0.6893229166666667 0.07037037037037037 0.011979166666666667 0.044444444444444446
1 0.6703125 0.1625 0.0125 0.05648148148148148
