1 0.17604166666666668 0.2074074074074074 0.013541666666666667 0.06666666666666667
1 0.36041666666666666 0.34074074074074073 0.016666666666666666 0.07592592592592592
1 0.8091145833333333 0.1476851851851852 0.0171875 0.05462962962962963
1 0.3734375 0.19675925925925927 0.015625 0.06018518518518518
1 0.9216145833333333 0.5439814814814815 0.0296875 0.0824074074074074
1 0.5080729166666667 0.3680555555555556 0.0203125 0.0712962962962963
1 0.60625 0.49212962962962964 0.020833333333333332 0.08611111111111111
1 0.38125 0.9148148148148149 0.021875 0.11666666666666667
1 0.06302083333333333 0.4875 0.021875 0.07685185185185185
1 0.22838541666666667 0.02824074074074074 0.0109375 0.03611111111111111
1 0.51796875 0.12731481481481483 0.0171875 0.049074074074074076
1 0.271875 0.24583333333333332 0.0125 0.06574074074074074
1 0.41744791666666664 0.3023148148148148 0.0171875 0.06944444444444445
1 0.5263020833333333 0.18703703703703703 0.011979166666666667 0.05740740740740741
1 0.6908854166666667 0.25 0.0140625 0.06481481481481481
1 0.13932291666666666 0.29583333333333334 0.0140625 0.07314814814814814
1 0.26796875 0.12083333333333333 0.0171875 0.05462962962962963
1 0.36666666666666664 0.09444444444444444 0.008333333333333333 0.04814814814814815
1 0.6614583333333334 0.26157407407407407 0.013541666666666667 0.06944444444444445
1 0.9372395833333333 0.32407407407407407 0.024479166666666666 0.07037037037037037
1 0.7080729166666667 0.06342592592592593 0.011979166666666667 0.04537037037037037
1 0.65546875 0.1824074074074074 0.015104166666666667 0.05740740740740741
1 0.7807291666666667 0.18703703703703703 0.004166666666666667 0.007407407407407408
