1 0.1921875 0.2175925925925926 0.014583333333333334 0.06666666666666667
1 0.3768229166666667 0.4222222222222222 0.013020833333333334 0.08888888888888889
1 0.8765625 0.1814814814814815 0.014583333333333334 0.06111111111111111
1 0.35546875 0.23333333333333334 0.0171875 0.06481481481481481
1 0.9197916666666667 0.5486111111111112 0.026041666666666668 0.0824074074074074
1 0.49609375 0.3888888888888889 0.0140625 0.07592592592592592
1 0.5252604166666667 0.5416666666666666 0.027604166666666666 0.07592592592592592
1 0.46432291666666664 0.9444444444444444 0.0234375 0.10925925925925926
1 0.07578125 0.48148148148148145 0.018229166666666668 0.07777777777777778
1 0.2674479166666667 0.033796296296296297 0.011979166666666667 0.04537037037037037
1 0.45703125 0.16666666666666666 0.015104166666666667 0.04814814814814815
1 0.44088541666666664 0.2587962962962963 0.0203125 0.058333333333333334
1 0.3919270833333333 0.31527777777777777 0.0140625 0.062037037037037036
1 0.5786458333333333 0.19398148148148148 0.014583333333333334 0.05648148148148148
1 0.7609375 0.2898148148148148 0.020833333333333332 0.06666666666666667
1 0.1375 0.3050925925925926 0.013541666666666667 0.06944444444444445
1 0.24453125 0.1587962962962963 0.011979166666666667 0.058333333333333334
1 0.4786458333333333 0.11342592592592593 0.013541666666666667 0.05092592592592592
1 0.5799479166666667 0.3314814814814815 0.0265625 0.07222222222222222
1 0.94453125 0.34074074074074073 0.0171875 0.07407407407407407
1 0.7559895833333333 0.08796296296296297 0.0109375 0.05
1 0.5872395833333334 0.20416666666666666 0.0109375 0.05648148148148148
1 0.7532239583333333 0.3090277777777778 0.005208333333333333 0.008796296296296297
