1 0.17291666666666666 0.21064814814814814 0.014583333333333334 0.06388888888888888
1 0.35598958333333336 0.3236111111111111 0.0140625 0.0787037037037037
1 0.7817708333333333 0.1476851851851852 0.010416666666666666 0.058333333333333334
1 0.38776041666666666 0.18611111111111112 0.0140625 0.05925925925925926
1 0.9255208333333333 0.5560185185185185 0.026041666666666668 0.08425925925925926
1 0.525 0.3675925925925926 0.015625 0.07037037037037037
1 0.6143229166666667 0.4824074074074074 0.019270833333333334 0.07962962962962963
1 0.35546875 0.9111111111111111 0.025520833333333333 0.11666666666666667
1 0.06354166666666666 0.49722222222222223 0.022916666666666665 0.08148148148148149
1 0.21953125 0.03564814814814815 0.013020833333333334 0.04351851851851852
1 0.5375 0.12685185185185185 0.011458333333333333 0.05
1 0.22369791666666666 0.25046296296296294 0.013020833333333334 0.06574074074074074
1 0.42630208333333336 0.3 0.015104166666666667 0.06666666666666667
1 0.5153645833333333 0.18518518518518517 0.011979166666666667 0.05925925925925926
1 0.6559895833333333 0.23842592592592593 0.013020833333333334 0.06018518518518518
1 0.14010416666666667 0.29212962962962963 0.019791666666666666 0.0712962962962963
1 0.26927083333333335 0.12129629629629629 0.010416666666666666 0.053703703703703705
1 0.33203125 0.09722222222222222 0.008854166666666666 0.04814814814814815
1 0.6658854166666667 0.25277777777777777 0.019270833333333334 0.06851851851851852
1 0.9411458333333333 0.3296296296296296 0.021875 0.07037037037037037
1 0.6989583333333333 0.06666666666666667 0.010416666666666666 0.044444444444444446
1 0.6643229166666667 0.1685185185185185 0.018229166666666668 0.053703703703703705
1 0.7747395833333334 0.16898148148148148 0.0046875 0.008333333333333333
