1 0.34609375 0.23981481481481481 0.016145833333333335 0.044444444444444446
1 0.3958333333333333 0.325 0.014583333333333334 0.05740740740740741
1 0.7627604166666667 0.24675925925925926 0.009895833333333333 0.05092592592592592
1 0.47630208333333335 0.23981481481481481 0.011979166666666667 0.05
1 0.8213541666666667 0.6189814814814815 0.021875 0.075
1 0.565625 0.35462962962962963 0.013541666666666667 0.05740740740740741
1 0.6065104166666667 0.5486111111111112 0.0140625 0.075
1 0.26901041666666664 0.7615740740740741 0.022395833333333334 0.09166666666666666
1 0.1359375 0.4152777777777778 0.013541666666666667 0.06574074074074074
1 0.23046875 0.17546296296296296 0.013020833333333334 0.03981481481481482
1 0.6307291666666667 0.1884259259259259 0.014583333333333334 0.041666666666666664
1 0.3611979166666667 0.23796296296296296 0.0140625 0.044444444444444446
1 0.41067708333333336 0.32407407407407407 0.011979166666666667 0.05740740740740741
1 0.5182291666666666 0.23796296296296296 0.009375 0.04814814814814815
1 0.63984375 0.2810185185185185 0.013020833333333334 0.05092592592592592
1 0.12760416666666666 0.2916666666666667 0.015625 0.05185185185185185
1 0.2635416666666667 0.21203703703703702 0.014583333333333334 0.05
1 0.2596354166666667 0.2013888888888889 0.0078125 0.03611111111111111
1 0.6619791666666667 0.29212962962962963 0.010416666666666666 0.05462962962962963
1 0.8299479166666667 0.37962962962962965 0.016145833333333335 0.06481481481481481
1 0.6528645833333333 0.19212962962962962 0.0078125 0.03981481481481482
1 0.73125 0.24953703703703703 0.016666666666666666 0.05277777777777778
1 0.27786458333333336 0.18796296296296297 0.0046875 0.009259259259259259
