1 0.3880208333333333 0.2671296296296296 0.015625 0.04537037037037037
1 0.4080729166666667 0.35694444444444445 0.0140625 0.06018518518518518
1 0.7760416666666666 0.2898148148148148 0.014583333333333334 0.04814814814814815
1 0.47760416666666666 0.274537037037037 0.008333333333333333 0.04722222222222222
1 0.7861979166666667 0.6532407407407408 0.015104166666666667 0.075
1 0.5364583333333334 0.3819444444444444 0.01875 0.05092592592592592
1 0.6244791666666667 0.5972222222222222 0.01875 0.07407407407407407
1 0.26197916666666665 0.7180555555555556 0.015625 0.08981481481481482
1 0.15208333333333332 0.43842592592592594 0.020833333333333332 0.06018518518518518
1 0.24895833333333334 0.2125 0.010416666666666666 0.041666666666666664
1 0.634375 0.23842592592592593 0.014583333333333334 0.04351851851851852
1 0.43671875 0.26435185185185184 0.011979166666666667 0.041666666666666664
1 0.4231770833333333 0.3509259259259259 0.015104166666666667 0.05185185185185185
1 0.5028645833333333 0.2796296296296296 0.0078125 0.044444444444444446
1 0.6526041666666667 0.32685185185185184 0.016666666666666666 0.05
1 0.14348958333333334 0.31296296296296294 0.015104166666666667 0.044444444444444446
1 0.27005208333333336 0.2571296296296296 0.011979166666666667 0.0487037037037037
1 0.2715208333333333 0.2424305555555556 0.00685416666666665 0.040787037037037045
1 0.68203125 0.337037037037037 0.019270833333333334 0.05740740740740741
1 0.8291666666666667 0.4203703703703704 0.0125 0.06296296296296296
1 0.64375 0.24074074074074073 0.010416666666666666 0.040740740740740744
1 0.7486979166666666 0.2916666666666667 0.013020833333333334 0.05185185185185185
1 0.25234375 0.3023148148148148 0.0046875 0.008333333333333333
