1 0.22682291666666668 0.42407407407407405 0.013020833333333334 0.05555555555555555
1 0.621875 0.42407407407407405 0.014583333333333334 0.05185185185185185
1 0.8440104166666667 0.3787037037037037 0.0078125 0.04814814814814815
1 0.5177083333333333 0.3587962962962963 0.014583333333333334 0.04537037037037037
1 0.9057291666666667 0.6819444444444445 0.017708333333333333 0.06574074074074074
1 0.25625 0.4847222222222222 0.015625 0.05462962962962963
1 0.6713541666666667 0.6972222222222222 0.025 0.07222222222222222
1 0.2786458333333333 0.6472222222222223 0.017708333333333333 0.07407407407407407
1 0.31302083333333336 0.5837962962962963 0.013541666666666667 0.06574074074074074
1 0.23776041666666667 0.31851851851851853 0.009895833333333333 0.040740740740740744
1 0.8161458333333333 0.31805555555555554 0.009375 0.03425925925925926
1 0.2643229166666667 0.43703703703703706 0.008854166666666666 0.05185185185185185
1 0.39114583333333336 0.48564814814814816 0.015625 0.058333333333333334
1 0.5776041666666667 0.38101851851851853 0.008333333333333333 0.04351851851851852
1 0.6739583333333333 0.41805555555555557 0.013541666666666667 0.05092592592592592
1 0.018489583333333334 0.5078703703703704 0.018229166666666668 0.06018518518518518
1 0.2734375 0.37037037037037035 0.014583333333333334 0.046296296296296294
1 0.2911458333333333 0.35185185185185186 0.007291666666666667 0.040740740740740744
1 0.8294270833333334 0.44583333333333336 0.0171875 0.05277777777777778
1 0.92734375 0.4708333333333333 0.016145833333333335 0.05462962962962963
1 0.84921875 0.31527777777777777 0.011979166666666667 0.03425925925925926
1 0.71796875 0.36944444444444446 0.013020833333333334 0.046296296296296294
1 0.9669270833333333 0.30833333333333335 0.0036458333333333334 0.007407407407407408
