1 0.14348958333333334 0.41759259259259257 0.011979166666666667 0.05
1 0.46822916666666664 0.425462962962963 0.010416666666666666 0.049074074074074076
1 0.61015625 0.3560185185185185 0.009895833333333333 0.03981481481481482
1 0.44479166666666664 0.37037037037037035 0.010416666666666666 0.04259259259259259
1 0.8385416666666666 0.6875 0.020833333333333332 0.06574074074074074
1 0.19088541666666667 0.4949074074074074 0.0140625 0.05277777777777778
1 0.5859375 0.6412037037037037 0.016666666666666666 0.06388888888888888
1 0.18463541666666666 0.6592592592592592 0.015104166666666667 0.07037037037037037
1 0.190625 0.5768518518518518 0.0125 0.06111111111111111
1 0.14505208333333333 0.32685185185185184 0.009895833333333333 0.03518518518518519
1 0.5927083333333333 0.3199074074074074 0.007291666666666667 0.03611111111111111
1 0.15885416666666666 0.44675925925925924 0.011458333333333333 0.049074074074074076
1 0.9114583333333334 0.38425925925925924 0.009375 0.044444444444444446
1 0.36875 0.4564814814814815 0.0125 0.05
1 0.4515625 0.3819444444444444 0.009375 0.041666666666666664
1 0.5447916666666667 0.38935185185185184 0.009375 0.041666666666666664
1 0.21822916666666667 0.38657407407407407 0.011458333333333333 0.041666666666666664
1 0.175 0.35185185185185186 0.007291666666666667 0.037037037037037035
1 0.7166666666666667 0.4263888888888889 0.009375 0.049074074074074076
1 0.76328125 0.4462962962962963 0.009895833333333333 0.05
1 0.5966145833333333 0.29907407407407405 0.0067708333333333336 0.03148148148148148
1 0.5731770833333333 0.36018518518518516 0.0078125 0.040740740740740744
