1 0.14921875 0.40046296296296297 0.008854166666666666 0.04537037037037037
1 0.45078125 0.4203703703703704 0.009895833333333333 0.04814814814814815
1 0.5815104166666667 0.34675925925925927 0.0078125 0.03981481481481482
1 0.46432291666666664 0.36712962962962964 0.008854166666666666 0.041666666666666664
1 0.8736979166666666 0.6902777777777778 0.015104166666666667 0.0712962962962963
1 0.20625 0.487962962962963 0.0125 0.05185185185185185
1 0.5997395833333333 0.6300925925925925 0.018229166666666668 0.062037037037037036
1 0.18880208333333334 0.6592592592592592 0.013020833333333334 0.07037037037037037
1 0.18776041666666668 0.575 0.011979166666666667 0.06111111111111111
1 0.15416666666666667 0.3199074074074074 0.009375 0.03425925925925926
1 0.5690104166666666 0.31574074074074077 0.0067708333333333336 0.03518518518518519
1 0.15989583333333332 0.4393518518518518 0.010416666666666666 0.04722222222222222
1 0.8895833333333333 0.36666666666666664 0.008333333333333333 0.040740740740740744
1 0.40546875 0.43842592592592594 0.009895833333333333 0.04722222222222222
1 0.4510416666666667 0.37777777777777777 0.008333333333333333 0.04259259259259259
1 0.5322916666666667 0.38333333333333336 0.008333333333333333 0.040740740740740744
1 0.0049479166666666664 0.5069444444444444 0.009895833333333333 0.05462962962962963
1 0.24375 0.38101851851851853 0.007291666666666667 0.04351851851851852
1 0.17421875 0.3425925925925926 0.0067708333333333336 0.037037037037037035
1 0.6973958333333333 0.4222222222222222 0.011458333333333333 0.04814814814814815
1 0.7322916666666667 0.44027777777777777 0.010416666666666666 0.049074074074074076
1 0.5671875 0.29259259259259257 0.00625 0.03148148148148148
1 0.5559895833333334 0.3541666666666667 0.008854166666666666 0.03981481481481482
