1 0.146875 0.3814814814814815 0.008333333333333333 0.044444444444444446
1 0.41067708333333336 0.43842592592592594 0.0109375 0.05092592592592592
1 0.52109375 0.3541666666666667 0.009895833333333333 0.03981481481481482
1 0.42109375 0.37962962962962965 0.0109375 0.04259259259259259
1 0.7963541666666667 0.6805555555555556 0.021875 0.06296296296296296
1 0.22604166666666667 0.5060185185185185 0.011458333333333333 0.05277777777777778
1 0.6385416666666667 0.6375 0.011458333333333333 0.06759259259259259
1 0.21875 0.6939814814814815 0.0125 0.0712962962962963
1 0.18515625 0.6050925925925926 0.013020833333333334 0.06018518518518518
1 0.14036458333333332 0.3106481481481482 0.008854166666666666 0.03796296296296296
1 0.5140625 0.32407407407407407 0.00625 0.03333333333333333
1 0.11927083333333334 0.45601851851851855 0.009375 0.049074074074074076
1 0.8622395833333333 0.35833333333333334 0.008854166666666666 0.03888888888888889
1 0.4276041666666667 0.43333333333333335 0.007291666666666667 0.04814814814814815
1 0.4359375 0.3902777777777778 0.009375 0.041666666666666664
1 0.47213541666666664 0.39444444444444443 0.008854166666666666 0.03888888888888889
1 0.045572916666666664 0.5189814814814815 0.013020833333333334 0.05462962962962963
1 0.27890625 0.39444444444444443 0.008854166666666666 0.046296296296296294
1 0.1625 0.3398148148148148 0.008333333333333333 0.03518518518518519
1 0.63046875 0.43472222222222223 0.008854166666666666 0.05092592592592592
1 0.6666666666666666 0.4527777777777778 0.0125 0.04814814814814815
1 0.51015625 0.29953703703703705 0.0067708333333333336 0.032407407407407406
1 0.49140625 0.35833333333333334 0.0078125 0.03888888888888889
1 0.861046875 0.35294444444444445 0.0036458333333333334 0.006870370370370332
