1 0.1484375 0.3824074074074074 0.009375 0.044444444444444446
1 0.41458333333333336 0.4351851851851852 0.010416666666666666 0.05
1 0.52578125 0.35185185185185186 0.0078125 0.03888888888888889
1 0.42604166666666665 0.3768518518518518 0.009375 0.04259259259259259
1 0.8122395833333333 0.6837962962962963 0.018229166666666668 0.06388888888888888
1 0.22604166666666667 0.5041666666666667 0.013541666666666667 0.05462962962962963
1 0.6395833333333333 0.6342592592592593 0.011458333333333333 0.06481481481481481
1 0.21666666666666667 0.6893518518518519 0.014583333333333334 0.06759259259259259
1 0.18645833333333334 0.6018518518518519 0.0125 0.06111111111111111
1 0.14375 0.3111111111111111 0.009375 0.037037037037037035
1 0.5190104166666667 0.3226851851851852 0.0067708333333333336 0.03425925925925926
1 0.12526041666666668 0.45416666666666666 0.0109375 0.049074074074074076
1 0.8638020833333333 0.3578703703703704 0.008854166666666666 0.03981481481481482
1 0.4317708333333333 0.4324074074074074 0.010416666666666666 0.046296296296296294
1 0.4401041666666667 0.38796296296296295 0.008333333333333333 0.04259259259259259
1 0.4783854166666667 0.39166666666666666 0.0078125 0.040740740740740744
1 0.044270833333333336 0.5171296296296296 0.016666666666666666 0.05462962962962963
1 0.2796875 0.3925925925925926 0.010416666666666666 0.046296296296296294
1 0.16432291666666668 0.33935185185185185 0.0078125 0.03611111111111111
1 0.63828125 0.43148148148148147 0.008854166666666666 0.05
1 0.6729166666666667 0.45092592592592595 0.011458333333333333 0.05
1 0.5145833333333333 0.29814814814814816 0.00625 0.03333333333333333
1 0.4979166666666667 0.3574074074074074 0.011458333333333333 0.03888888888888889
1 0.86184375 0.351537037037037 0.0036458333333333334 0.006870370370370385
