1 0.1921875 0.3111111111111111 0.0125 0.06111111111111111
1 0.46536458333333336 0.38101851851851853 0.0140625 0.06388888888888888
1 0.6346354166666667 0.29305555555555557 0.0140625 0.05648148148148148
1 0.43255208333333334 0.37407407407407406 0.0140625 0.06481481481481481
1 0.8268229166666666 0.711574074074074 0.0265625 0.0824074074074074
1 0.39817708333333335 0.5023148148148148 0.015104166666666667 0.0712962962962963
1 0.6520833333333333 0.674074074074074 0.015625 0.08518518518518518
1 0.32526041666666666 0.7939814814814815 0.021354166666666667 0.10277777777777777
1 0.25729166666666664 0.6708333333333333 0.017708333333333333 0.08611111111111111
1 0.2125 0.1726851851851852 0.011458333333333333 0.04351851851851852
1 0.5505208333333333 0.2625 0.0125 0.049074074074074076
1 0.15598958333333332 0.41805555555555557 0.0140625 0.06759259259259259
1 0.44375 0.4537037037037037 0.0125 0.06666666666666667
1 0.5153645833333333 0.3439814814814815 0.0171875 0.05648148148148148
1 0.5119791666666667 0.3972222222222222 0.0125 0.06111111111111111
1 0.13880208333333333 0.5078703703703704 0.016145833333333335 0.075
1 0.31692708333333336 0.33240740740740743 0.016145833333333335 0.05925925925925926
1 0.2591145833333333 0.23194444444444445 0.0140625 0.04722222222222222
1 0.7471354166666667 0.4166666666666667 0.011979166666666667 0.07037037037037037
1 0.79453125 0.46064814814814814 0.0171875 0.07314814814814814
1 0.640625 0.21435185185185185 0.008333333333333333 0.04722222222222222
1 0.5783854166666667 0.29074074074074074 0.0140625 0.05555555555555555
