1 0.17994791666666668 0.3013888888888889 0.0109375 0.049074074074074076
1 0.44765625 0.38657407407407407 0.0140625 0.06018518518518518
1 0.5872395833333334 0.2902777777777778 0.0109375 0.05092592592592592
1 0.4361979166666667 0.3439814814814815 0.0109375 0.05462962962962963
1 0.8296875 0.6731481481481482 0.026041666666666668 0.07407407407407407
1 0.3328125 0.4791666666666667 0.0125 0.06574074074074074
1 0.67890625 0.6375 0.021354166666666667 0.075
1 0.2981770833333333 0.7569444444444444 0.018229166666666668 0.09166666666666666
1 0.23463541666666668 0.6226851851851852 0.016145833333333335 0.07685185185185185
1 0.1765625 0.2050925925925926 0.011458333333333333 0.041666666666666664
1 0.5481770833333334 0.25555555555555554 0.011979166666666667 0.040740740740740744
1 0.13151041666666666 0.40925925925925927 0.0140625 0.06111111111111111
1 0.4669270833333333 0.41064814814814815 0.011979166666666667 0.06018518518518518
1 0.4940104166666667 0.33935185185185185 0.008854166666666666 0.05277777777777778
1 0.5072916666666667 0.3638888888888889 0.011458333333333333 0.05555555555555555
1 0.115625 0.4925925925925926 0.028125 0.07222222222222222
1 0.3145833333333333 0.3347222222222222 0.014583333333333334 0.05462962962962963
1 0.21588541666666666 0.25092592592592594 0.008854166666666666 0.04259259259259259
1 0.7106770833333333 0.4046296296296296 0.015104166666666667 0.06296296296296296
1 0.7505208333333333 0.42962962962962964 0.011458333333333333 0.06481481481481481
1 0.5919270833333333 0.22453703703703703 0.009895833333333333 0.041666666666666664
1 0.54453125 0.29444444444444445 0.0109375 0.04814814814814815
