1 0.20260416666666667 0.3537037037037037 0.014583333333333334 0.07222222222222222
1 0.50703125 0.37777777777777777 0.011979166666666667 0.07037037037037037
1 0.6875 0.31574074074074077 0.0125 0.06481481481481481
1 0.40286458333333336 0.41712962962962963 0.016145833333333335 0.0712962962962963
1 0.80078125 0.7611111111111111 0.024479166666666666 0.09444444444444444
1 0.42083333333333334 0.5569444444444445 0.01875 0.0824074074074074
1 0.5549479166666667 0.7212962962962963 0.0265625 0.08888888888888889
1 0.2747395833333333 0.8097222222222222 0.027604166666666666 0.10462962962962963
1 0.22890625 0.687037037037037 0.024479166666666666 0.08888888888888889
1 0.2682291666666667 0.13703703703703704 0.0125 0.044444444444444446
1 0.5046875 0.29444444444444445 0.0125 0.05555555555555555
1 0.175 0.44907407407407407 0.015625 0.07222222222222222
1 0.4046875 0.5064814814814815 0.013541666666666667 0.07777777777777778
1 0.5372395833333333 0.3699074074074074 0.016145833333333335 0.06759259259259259
1 0.4895833333333333 0.4532407407407407 0.016666666666666666 0.0712962962962963
1 0.16875 0.5111111111111111 0.021875 0.08148148148148149
1 0.2986979166666667 0.33935185185185185 0.0109375 0.06574074074074074
1 0.30885416666666665 0.2222222222222222 0.016666666666666666 0.05185185185185185
1 0.7703125 0.4666666666666667 0.017708333333333333 0.07962962962962963
1 0.8169270833333333 0.5064814814814815 0.015104166666666667 0.07962962962962963
1 0.6888020833333334 0.22083333333333333 0.013020833333333334 0.05277777777777778
1 0.5734375 0.32222222222222224 0.0125 0.06111111111111111
