1 0.20963541666666666 0.3421296296296296 0.0171875 0.06759259259259259
1 0.49661458333333336 0.375 0.009895833333333333 0.06851851851851852
1 0.6841145833333333 0.30787037037037035 0.011979166666666667 0.062037037037037036
1 0.4192708333333333 0.4111111111111111 0.014583333333333334 0.07037037037037037
1 0.8015625 0.7439814814814815 0.019791666666666666 0.09351851851851851
1 0.4283854166666667 0.5453703703703704 0.0171875 0.07962962962962963
1 0.5916666666666667 0.7083333333333334 0.016666666666666666 0.08888888888888889
1 0.30703125 0.8064814814814815 0.027604166666666666 0.1037037037037037
1 0.2453125 0.687962962962963 0.016666666666666666 0.08888888888888889
1 0.2609375 0.14351851851851852 0.011458333333333333 0.044444444444444446
1 0.5299479166666666 0.2833333333333333 0.015104166666666667 0.05555555555555555
1 0.18255208333333334 0.44074074074074077 0.016145833333333335 0.07407407407407407
1 0.41848958333333336 0.49537037037037035 0.019270833333333334 0.07222222222222222
1 0.5403645833333334 0.3611111111111111 0.0140625 0.06481481481481481
1 0.49895833333333334 0.44212962962962965 0.015625 0.075
1 0.16354166666666667 0.5083333333333333 0.023958333333333335 0.07777777777777778
1 0.3143229166666667 0.337037037037037 0.009895833333333333 0.06481481481481481
1 0.3065104166666667 0.22314814814814815 0.015104166666666667 0.05185185185185185
1 0.7723958333333333 0.4513888888888889 0.019791666666666666 0.07314814814814814
1 0.8268229166666666 0.4986111111111111 0.0171875 0.08055555555555556
1 0.6880208333333333 0.21805555555555556 0.011458333333333333 0.05092592592592592
1 0.5895833333333333 0.30833333333333335 0.0125 0.05740740740740741
