1 0.2765625 0.3685185185185185 0.017708333333333333 0.07777777777777778
1 0.54140625 0.38657407407407407 0.0109375 0.07314814814814814
1 0.7645833333333333 0.37083333333333335 0.015625 0.07314814814814814
1 0.39453125 0.39814814814814814 0.016145833333333335 0.07407407407407407
1 0.7942708333333334 0.8134259259259259 0.023958333333333335 0.10092592592592593
1 0.47161458333333334 0.5666666666666667 0.021354166666666667 0.08518518518518518
1 0.43697916666666664 0.725925925925926 0.015625 0.09444444444444444
1 0.2 0.7953703703703704 0.01875 0.1037037037037037
1 0.209375 0.6583333333333333 0.020833333333333332 0.08888888888888889
1 0.3932291666666667 0.08611111111111111 0.010416666666666666 0.040740740740740744
1 0.5135416666666667 0.30925925925925923 0.014583333333333334 0.06296296296296296
1 0.209375 0.4888888888888889 0.019791666666666666 0.08148148148148149
1 0.39114583333333336 0.4912037037037037 0.013541666666666667 0.0787037037037037
1 0.5513020833333333 0.41435185185185186 0.015104166666666667 0.0712962962962963
1 0.49375 0.4601851851851852 0.015625 0.07222222222222222
1 0.23255208333333333 0.4773148148148148 0.0171875 0.08055555555555556
1 0.30703125 0.3148148148148148 0.009895833333333333 0.07037037037037037
1 0.3625 0.21712962962962962 0.013541666666666667 0.05462962962962963
1 0.7325520833333333 0.4773148148148148 0.0171875 0.0824074074074074
1 0.8229166666666666 0.5546296296296296 0.021875 0.09074074074074075
1 0.74375 0.24074074074074073 0.0125 0.05925925925925926
1 0.52734375 0.3787037037037037 0.015104166666666667 0.07222222222222222
