1 0.24635416666666668 0.3648148148148148 0.01875 0.07777777777777778
1 0.5434895833333333 0.37222222222222223 0.0140625 0.07222222222222222
1 0.7302083333333333 0.33287037037037037 0.013541666666666667 0.06944444444444445
1 0.38515625 0.41435185185185186 0.013020833333333334 0.075
1 0.7984375 0.8069444444444445 0.025 0.09907407407407408
1 0.4591145833333333 0.5393518518518519 0.022395833333333334 0.09166666666666666
1 0.46822916666666664 0.7300925925925926 0.022916666666666665 0.09722222222222222
1 0.21171875 0.799074074074074 0.0203125 0.1037037037037037
1 0.19895833333333332 0.6583333333333333 0.019791666666666666 0.09259259259259259
1 0.353125 0.08981481481481482 0.010416666666666666 0.044444444444444446
1 0.50234375 0.2902777777777778 0.015104166666666667 0.062037037037037036
1 0.19375 0.4601851851851852 0.013541666666666667 0.07777777777777778
1 0.39375 0.49027777777777776 0.011458333333333333 0.0787037037037037
1 0.5541666666666667 0.38333333333333336 0.016666666666666666 0.07037037037037037
1 0.4861979166666667 0.45416666666666666 0.019270833333333334 0.075
1 0.21145833333333333 0.48194444444444445 0.019791666666666666 0.0787037037037037
1 0.28229166666666666 0.325 0.016666666666666666 0.06851851851851852
1 0.34791666666666665 0.2023148148148148 0.0125 0.05277777777777778
1 0.7325520833333333 0.4625 0.015104166666666667 0.0824074074074074
1 0.8075520833333333 0.5175925925925926 0.018229166666666668 0.08888888888888889
1 0.7190104166666667 0.21712962962962962 0.013020833333333334 0.05462962962962963
1 0.5338541666666666 0.3476851851851852 0.013541666666666667 0.06944444444444445
