1 0.29192708333333334 0.3439814814814815 0.018229166666666668 0.07685185185185185
1 0.5263020833333333 0.34074074074074073 0.015104166666666667 0.06111111111111111
1 0.78125 0.3736111111111111 0.017708333333333333 0.07685185185185185
1 0.403125 0.35694444444444445 0.017708333333333333 0.075
1 0.7786458333333334 0.825462962962963 0.021875 0.10648148148148148
1 0.48020833333333335 0.5851851851851851 0.017708333333333333 0.09444444444444444
1 0.39921875 0.6907407407407408 0.030729166666666665 0.08888888888888889
1 0.19244791666666666 0.7564814814814815 0.016145833333333335 0.10740740740740741
1 0.20546875 0.6263888888888889 0.019270833333333334 0.08981481481481482
1 0.42291666666666666 0.05185185185185185 0.011458333333333333 0.046296296296296294
1 0.5059895833333333 0.3013888888888889 0.015104166666666667 0.06574074074074074
1 0.2421875 0.5064814814814815 0.016666666666666666 0.08518518518518518
1 0.37994791666666666 0.4685185185185185 0.015104166666666667 0.07777777777777778
1 0.5533854166666666 0.4046296296296296 0.019270833333333334 0.07777777777777778
1 0.49192708333333335 0.44351851851851853 0.011979166666666667 0.07592592592592592
1 0.234375 0.4486111111111111 0.016666666666666666 0.08055555555555556
1 0.32708333333333334 0.26435185185185184 0.013541666666666667 0.06759259259259259
1 0.3653645833333333 0.20046296296296295 0.011979166666666667 0.05648148148148148
1 0.7369791666666666 0.4648148148148148 0.013541666666666667 0.08333333333333333
1 0.828125 0.5523148148148148 0.020833333333333332 0.09537037037037037
1 0.753125 0.23425925925925925 0.014583333333333334 0.06111111111111111
1 0.52890625 0.3861111111111111 0.016145833333333335 0.07592592592592592
