1 0.29348958333333336 0.35462962962962963 0.016145833333333335 0.07777777777777778
1 0.540625 0.36018518518518516 0.011458333333333333 0.07222222222222222
1 0.7815104166666667 0.37222222222222223 0.015104166666666667 0.07592592592592592
1 0.4046875 0.36898148148148147 0.013541666666666667 0.07314814814814814
1 0.79375 0.8263888888888888 0.029166666666666667 0.10833333333333334
1 0.47708333333333336 0.5736111111111111 0.016666666666666666 0.08981481481481482
1 0.42265625 0.7018518518518518 0.022395833333333334 0.0962962962962963
1 0.19791666666666666 0.774074074074074 0.023958333333333335 0.1037037037037037
1 0.21510416666666668 0.6365740740740741 0.015625 0.08796296296296297
1 0.41692708333333334 0.06527777777777778 0.009895833333333333 0.041666666666666664
1 0.5158854166666667 0.30416666666666664 0.019270833333333334 0.06388888888888888
1 0.23828125 0.4935185185185185 0.016145833333333335 0.08518518518518518
1 0.38619791666666664 0.4722222222222222 0.0203125 0.07777777777777778
1 0.5552083333333333 0.4074074074074074 0.015625 0.07592592592592592
1 0.49609375 0.449537037037037 0.016145833333333335 0.075
1 0.2518229166666667 0.45740740740740743 0.0234375 0.07777777777777778
1 0.32864583333333336 0.2824074074074074 0.017708333333333333 0.06851851851851852
1 0.36875 0.2064814814814815 0.0125 0.05555555555555555
1 0.7375 0.46805555555555556 0.017708333333333333 0.0824074074074074
1 0.8283854166666667 0.5560185185185185 0.0203125 0.09351851851851851
1 0.75546875 0.2361111111111111 0.013020833333333334 0.05925925925925926
1 0.5283854166666667 0.3768518518518518 0.0140625 0.07222222222222222
