1 0.24088541666666666 0.3648148148148148 0.018229166666666668 0.07037037037037037
1 0.49505208333333334 0.375 0.0171875 0.06851851851851852
1 0.7263020833333333 0.3907407407407407 0.011979166666666667 0.07222222222222222
1 0.45755208333333336 0.3888888888888889 0.018229166666666668 0.06481481481481481
1 0.8 0.662962962962963 0.027083333333333334 0.08518518518518518
1 0.553125 0.5837962962962963 0.017708333333333333 0.08796296296296297
1 0.51484375 0.7518518518518519 0.0265625 0.09259259259259259
1 0.30833333333333335 0.6680555555555555 0.021875 0.09351851851851851
1 0.20286458333333332 0.6300925925925925 0.022395833333333334 0.08611111111111111
1 0.3421875 0.13425925925925927 0.014583333333333334 0.040740740740740744
1 0.6309895833333333 0.3421296296296296 0.0171875 0.062037037037037036
1 0.3390625 0.47685185185185186 0.016666666666666666 0.07037037037037037
1 0.3703125 0.4888888888888889 0.01875 0.07592592592592592
1 0.58125 0.3962962962962963 0.015625 0.06296296296296296
1 0.5559895833333334 0.4726851851851852 0.016145833333333335 0.0712962962962963
1 0.14479166666666668 0.4842592592592593 0.017708333333333333 0.08148148148148149
1 0.29270833333333335 0.287962962962963 0.015625 0.05555555555555555
1 0.35625 0.26342592592592595 0.01875 0.041666666666666664
1 0.6346354166666667 0.4962962962962963 0.0140625 0.08518518518518518
1 0.6927083333333334 0.512962962962963 0.026041666666666668 0.07777777777777778
1 0.7505208333333333 0.34953703703703703 0.020833333333333332 0.06574074074074074
1 0.71796875 0.3824074074074074 0.013020833333333334 0.06666666666666667
1 0.5171510416666666 0.1303703703703704 0.005208333333333333 0.0101111111111111
