1 0.25833333333333336 0.3888888888888889 0.011458333333333333 0.07222222222222222
1 0.5338541666666666 0.3819444444444444 0.019791666666666666 0.06759259259259259
1 0.8096354166666667 0.5041666666666667 0.019270833333333334 0.07314814814814814
1 0.47708333333333336 0.46111111111111114 0.01875 0.07592592592592592
1 0.815625 0.7310185185185185 0.027083333333333334 0.09351851851851851
1 0.5864583333333333 0.6069444444444444 0.021875 0.08796296296296297
1 0.403125 0.711574074074074 0.025 0.08611111111111111
1 0.34401041666666665 0.625 0.022395833333333334 0.08518518518518518
1 0.22291666666666668 0.6166666666666667 0.016666666666666666 0.08518518518518518
1 0.40963541666666664 0.11388888888888889 0.0109375 0.046296296296296294
1 0.58984375 0.37824074074074077 0.022395833333333334 0.062037037037037036
1 0.4317708333333333 0.4976851851851852 0.009375 0.06574074074074074
1 0.43020833333333336 0.5361111111111111 0.025 0.07777777777777778
1 0.5822916666666667 0.49722222222222223 0.021875 0.06851851851851852
1 0.5921875 0.5254629629629629 0.015625 0.0787037037037037
1 0.21588541666666666 0.5078703703703704 0.0140625 0.0824074074074074
1 0.3268229166666667 0.29814814814814816 0.011979166666666667 0.06296296296296296
1 0.396875 0.26342592592592595 0.013541666666666667 0.05277777777777778
1 0.65546875 0.5481481481481482 0.0234375 0.04259259259259259
1 0.6815104166666667 0.5268518518518519 0.0203125 0.07407407407407407
1 0.7708333333333334 0.36898148148148147 0.021875 0.058333333333333334
1 0.6671875 0.4962962962962963 0.022916666666666665 0.07222222222222222
1 0.73671875 0.4162037037037037 0.005729166666666666 0.010185185185185186
