1 0.23203125 0.26435185185185184 0.025520833333333333 0.058333333333333334
1 0.4627604166666667 0.3175925925925926 0.024479166666666666 0.06296296296296296
1 0.8252604166666667 0.31296296296296294 0.0203125 0.06296296296296296
1 0.44505208333333335 0.2675925925925926 0.015104166666666667 0.05555555555555555
1 0.77421875 0.6217592592592592 0.021354166666666667 0.0787037037037037
1 0.53828125 0.44074074074074077 0.022395833333333334 0.07037037037037037
1 0.696875 0.7916666666666666 0.013541666666666667 0.10185185185185185
1 0.33828125 0.538425925925926 0.0234375 0.07685185185185185
1 0.22890625 0.5273148148148148 0.03177083333333333 0.0712962962962963
1 0.3770833333333333 0.09444444444444444 0.014583333333333334 0.04259259259259259
1 0.66328125 0.24814814814814815 0.0140625 0.053703703703703705
1 0.2328125 0.33194444444444443 0.025 0.05462962962962963
1 0.41692708333333334 0.3875 0.016145833333333335 0.06574074074074074
1 0.553125 0.28194444444444444 0.020833333333333332 0.05462962962962963
1 0.628125 0.37453703703703706 0.014583333333333334 0.06759259259259259
1 0.16223958333333333 0.3486111111111111 0.0234375 0.05648148148148148
1 0.36223958333333334 0.2310185185185185 0.015104166666666667 0.05277777777777778
1 0.39947916666666666 0.20925925925925926 0.0125 0.05185185185185185
1 0.7807291666666667 0.4199074074074074 0.015625 0.0787037037037037
1 0.82265625 0.42314814814814816 0.0171875 0.06851851851851852
1 0.7489583333333333 0.25416666666666665 0.010416666666666666 0.049074074074074076
1 0.7515625 0.2791666666666667 0.022916666666666665 0.05648148148148148
1 0.15963541666666667 0.16018518518518518 0.005729166666666666 0.009259259259259259
