1 0.228125 0.24768518518518517 0.0125 0.06388888888888888
1 0.45338541666666665 0.30648148148148147 0.0171875 0.06111111111111111
1 0.8559895833333333 0.3074074074074074 0.0171875 0.06481481481481481
1 0.45078125 0.25 0.015104166666666667 0.05740740740740741
1 0.7979166666666667 0.6347222222222222 0.01875 0.08611111111111111
1 0.5309895833333333 0.4222222222222222 0.0203125 0.07037037037037037
1 0.71953125 0.7953703703703704 0.022395833333333334 0.0962962962962963
1 0.3372395833333333 0.4981481481481482 0.0265625 0.07407407407407407
1 0.2265625 0.5027777777777778 0.028125 0.07592592592592592
1 0.3880208333333333 0.08194444444444444 0.0125 0.03796296296296296
1 0.6828125 0.23194444444444445 0.011458333333333333 0.05648148148148148
1 0.20234375 0.30925925925925923 0.0234375 0.05925925925925926
1 0.4328125 0.37222222222222223 0.01875 0.06666666666666667
1 0.5552083333333333 0.2652777777777778 0.013541666666666667 0.058333333333333334
1 0.65234375 0.36157407407407405 0.018229166666666668 0.06574074074074074
1 0.15026041666666667 0.324537037037037 0.0265625 0.06018518518518518
1 0.37942708333333336 0.21342592592592594 0.018229166666666668 0.058333333333333334
1 0.43125 0.19166666666666668 0.014583333333333334 0.05185185185185185
1 0.8171875 0.4046296296296296 0.016666666666666666 0.07777777777777778
1 0.8502604166666666 0.4199074074074074 0.0171875 0.0712962962962963
1 0.7635416666666667 0.2412037037037037 0.015625 0.05648148148148148
1 0.7643229166666666 0.2712962962962963 0.0171875 0.053703703703703705
1 0.1265625 0.2861111111111111 0.004166666666666667 0.007407407407407408
