2 0.37942708333333336 0.3712962962962963 0.0171875 0.06851851851851852
2 0.22317708333333333 0.35555555555555557 0.019270833333333334 0.06296296296296296
2 0.19401041666666666 0.3972222222222222 0.022395833333333334 0.06111111111111111
2 0.43776041666666665 0.27685185185185185 0.016145833333333335 0.053703703703703705
2 0.66953125 0.7893518518518519 0.024479166666666666 0.11203703703703703
2 0.8171875 0.35462962962962963 0.014583333333333334 0.06666666666666667
2 0.36484375 0.40370370370370373 0.021354166666666667 0.06666666666666667
2 0.44036458333333334 0.21666666666666667 0.013020833333333334 0.05185185185185185
2 0.7302083333333333 0.16064814814814815 0.010416666666666666 0.03981481481481482
2 0.5630208333333333 0.2462962962962963 0.0125 0.05925925925925926
2 0.35651041666666666 0.18796296296296297 0.015104166666666667 0.04814814814814815
2 0.31223958333333335 0.24444444444444444 0.0234375 0.06111111111111111
2 0.69296875 0.21342592592592594 0.0109375 0.05092592592592592
2 0.4125 0.17222222222222222 0.019791666666666666 0.04259259259259259
2 0.4510416666666667 0.18194444444444444 0.016666666666666666 0.04351851851851852
2 0.5424479166666667 0.19583333333333333 0.009895833333333333 0.04722222222222222
2 0.43776041666666665 0.324537037037037 0.019270833333333334 0.06018518518518518
2 0.46848958333333335 0.13842592592592592 0.011979166666666667 0.041666666666666664
2 0.5278645833333333 0.16111111111111112 0.009895833333333333 0.044444444444444446
2 0.4192708333333333 0.11574074074074074 0.011458333333333333 0.03148148148148148
2 0.684375 0.21203703703703702 0.010416666666666666 0.05
2 0.28932291666666665 0.2 0.015104166666666667 0.04814814814814815
2 0.05677083333333333 0.23194444444444445 0.01875 0.05277777777777778
