2 0.47630208333333335 0.5032407407407408 0.016145833333333335 0.07314814814814814
2 0.07135416666666666 0.5722222222222222 0.025 0.09259259259259259
2 0.31223958333333335 0.5833333333333334 0.019270833333333334 0.08148148148148149
2 0.3484375 0.4949074074074074 0.01875 0.0787037037037037
2 0.8260416666666667 0.8064814814814815 0.020833333333333332 0.10185185185185185
2 0.9208333333333333 0.4638888888888889 0.0125 0.07222222222222222
2 0.44583333333333336 0.5587962962962963 0.030208333333333334 0.07314814814814814
2 0.28463541666666664 0.39351851851851855 0.016145833333333335 0.06481481481481481
2 0.65546875 0.20046296296296295 0.013020833333333334 0.041666666666666664
2 0.5934895833333333 0.36527777777777776 0.016145833333333335 0.06759259259259259
2 0.16354166666666667 0.34675925925925927 0.016666666666666666 0.062037037037037036
2 0.13098958333333333 0.425 0.025520833333333333 0.07037037037037037
2 0.83359375 0.287962962962963 0.016145833333333335 0.05
2 0.19557291666666668 0.2564814814814815 0.009895833333333333 0.05185185185185185
2 0.4466145833333333 0.30787037037037035 0.019270833333333334 0.05092592592592592
2 0.40286458333333336 0.3236111111111111 0.016145833333333335 0.05648148148148148
2 0.29296875 0.5972222222222222 0.024479166666666666 0.08518518518518518
2 0.39348958333333334 0.21666666666666667 0.016145833333333335 0.046296296296296294
2 0.34739583333333335 0.25601851851851853 0.011458333333333333 0.049074074074074076
2 0.24921875 0.1699074074074074 0.0109375 0.041666666666666664
2 0.5638020833333334 0.38425925925925924 0.0203125 0.06111111111111111
2 0.35520833333333335 0.3962962962962963 0.019791666666666666 0.06296296296296296
