2 0.37213541666666666 0.47175925925925927 0.018229166666666668 0.07314814814814814
2 0.12552083333333333 0.45555555555555555 0.020833333333333332 0.08148148148148149
2 0.19244791666666666 0.4722222222222222 0.0171875 0.07222222222222222
2 0.33229166666666665 0.42592592592592593 0.013541666666666667 0.07222222222222222
2 0.7333333333333333 0.7865740740740741 0.03333333333333333 0.09722222222222222
2 0.8966145833333333 0.43194444444444446 0.013020833333333334 0.06944444444444445
2 0.34869791666666666 0.5092592592592593 0.016145833333333335 0.07407407407407407
2 0.30390625 0.3175925925925926 0.015104166666666667 0.06296296296296296
2 0.6010416666666667 0.1884259259259259 0.013541666666666667 0.049074074074074076
2 0.5872395833333334 0.30277777777777776 0.011979166666666667 0.06111111111111111
2 0.20390625 0.2861111111111111 0.0140625 0.05555555555555555
2 0.19010416666666666 0.34953703703703703 0.020833333333333332 0.06574074074074074
2 0.8130208333333333 0.24259259259259258 0.010416666666666666 0.053703703703703705
2 0.240625 0.21574074074074073 0.0125 0.046296296296296294
2 0.365625 0.27361111111111114 0.011458333333333333 0.05277777777777778
2 0.3763020833333333 0.2791666666666667 0.0109375 0.05462962962962963
2 0.28020833333333334 0.5023148148148148 0.017708333333333333 0.07685185185185185
2 0.29270833333333335 0.2 0.011458333333333333 0.044444444444444446
2 0.43645833333333334 0.20462962962962963 0.010416666666666666 0.04259259259259259
2 0.26223958333333336 0.15462962962962962 0.011979166666666667 0.040740740740740744
2 0.57109375 0.30185185185185187 0.013020833333333334 0.05925925925925926
2 0.21276041666666667 0.37083333333333335 0.0140625 0.06388888888888888
1 0.59775 0.2101851851851852 0.0046875 0.008333333333333333
