2 0.46875 0.4925925925925926 0.021875 0.07222222222222222
2 0.08203125 0.5550925925925926 0.016145833333333335 0.08796296296296297
2 0.29661458333333335 0.5425925925925926 0.018229166666666668 0.04814814814814815
2 0.36744791666666665 0.48194444444444445 0.022395833333333334 0.07685185185185185
2 0.8200520833333333 0.7986111111111112 0.03177083333333333 0.10092592592592593
2 0.92421875 0.45555555555555555 0.0234375 0.07407407407407407
2 0.43359375 0.5453703703703704 0.016145833333333335 0.08148148148148149
2 0.29401041666666666 0.3819444444444444 0.016145833333333335 0.06574074074074074
2 0.6559895833333333 0.19212962962962962 0.013020833333333334 0.04351851851851852
2 0.5986979166666667 0.3490740740740741 0.0140625 0.05925925925925926
2 0.17083333333333334 0.3287037037037037 0.011458333333333333 0.06111111111111111
2 0.15729166666666666 0.40879629629629627 0.025 0.07314814814814814
2 0.834375 0.2740740740740741 0.016666666666666666 0.05185185185185185
2 0.20182291666666666 0.24814814814814815 0.015104166666666667 0.04814814814814815
2 0.4375 0.30185185185185187 0.0125 0.053703703703703705
2 0.4049479166666667 0.3111111111111111 0.013020833333333334 0.05740740740740741
2 0.296875 0.5828703703703704 0.020833333333333332 0.08611111111111111
2 0.38515625 0.20833333333333334 0.013020833333333334 0.044444444444444446
2 0.3536458333333333 0.24814814814814815 0.0125 0.05
2 0.2552083333333333 0.16296296296296298 0.013541666666666667 0.040740740740740744
2 0.5872395833333334 0.36157407407407405 0.015104166666666667 0.05648148148148148
2 0.34296875 0.38935185185185184 0.015104166666666667 0.06574074074074074
