2 0.41848958333333336 0.4736111111111111 0.011979166666666667 0.06574074074074074
2 0.3171875 0.4736111111111111 0.015625 0.06018518518518518
2 0.33619791666666665 0.5101851851851852 0.0109375 0.05555555555555555
2 0.43020833333333336 0.42685185185185187 0.0125 0.05
2 0.6875 0.687962962962963 0.016666666666666666 0.08333333333333333
2 0.90078125 0.46435185185185185 0.011979166666666667 0.05648148148148148
2 0.421796875 0.4853240740740741 0.01338541666666669 0.055277777777777766
2 0.5145833333333333 0.3263888888888889 0.0125 0.04537037037037037
2 0.7419270833333333 0.3175925925925926 0.013020833333333334 0.040740740740740744
2 0.6916666666666667 0.3574074074074074 0.010416666666666666 0.05185185185185185
2 0.4434895833333333 0.35833333333333334 0.009895833333333333 0.04814814814814815
2 0.4283854166666667 0.3912037037037037 0.009895833333333333 0.04351851851851852
2 0.9270833333333334 0.38101851851851853 0.009375 0.04722222222222222
2 0.5502604166666667 0.300462962962963 0.009895833333333333 0.03611111111111111
2 0.6635416666666667 0.32407407407407407 0.009375 0.040740740740740744
2 0.6140625 0.337037037037037 0.0125 0.03888888888888889
2 0.5671875 0.41574074074074074 0.008333333333333333 0.053703703703703705
2 0.59375 0.29074074074074074 0.011458333333333333 0.03888888888888889
2 0.6270833333333333 0.3194444444444444 0.008333333333333333 0.04259259259259259
2 0.5486744791666667 0.2735462962962963 0.009286458333333296 0.036907407407407423
2 0.77421875 0.39166666666666666 0.0140625 0.05185185185185185
2 0.45859375 0.35694444444444445 0.008854166666666666 0.04722222222222222
2 0.16484375 0.3976851851851852 0.013020833333333334 0.05092592592592592
1 0.6692708333333334 0.3421296296296296 0.004166666666666667 0.008333333333333333
