2 0.4234375 0.4625 0.014583333333333334 0.06574074074074074
2 0.3875 0.46111111111111114 0.015625 0.07037037037037037
2 0.2721354166666667 0.6231481481481481 0.013020833333333334 0.08333333333333333
2 0.5044270833333333 0.4273148148148148 0.011979166666666667 0.062037037037037036
2 0.6575520833333334 0.7532407407407408 0.021354166666666667 0.09907407407407408
2 0.9098958333333333 0.4726851851851852 0.013541666666666667 0.06574074074074074
2 0.5111979166666667 0.5 0.0109375 0.06296296296296296
2 0.5546875 0.31805555555555554 0.013541666666666667 0.05092592592592592
2 0.7473958333333334 0.24953703703703703 0.011458333333333333 0.03981481481481482
2 0.6481770833333333 0.3365740740740741 0.0109375 0.05648148148148148
2 0.5046875 0.31342592592592594 0.011458333333333333 0.05277777777777778
2 0.46171875 0.3712962962962963 0.011979166666666667 0.06111111111111111
2 0.88125 0.3143518518518518 0.010416666666666666 0.041666666666666664
2 0.5494791666666666 0.2574074074074074 0.009375 0.04259259259259259
2 0.5911458333333334 0.2902777777777778 0.010416666666666666 0.04537037037037037
2 0.62734375 0.3013888888888889 0.009895833333333333 0.04722222222222222
2 0.5752604166666667 0.375 0.0109375 0.053703703703703705
2 0.6114583333333333 0.23564814814814813 0.009375 0.041666666666666664
2 0.659375 0.2662037037037037 0.009375 0.04537037037037037
2 0.58828125 0.2175925925925926 0.011979166666666667 0.03888888888888889
2 0.7283854166666667 0.34120370370370373 0.008854166666666666 0.05277777777777778
2 0.48880208333333336 0.32222222222222224 0.009895833333333333 0.05
2 0.14479166666666668 0.35324074074074074 0.016666666666666666 0.05462962962962963
1 0.8692708333333333 0.3365740740740741 0.005208333333333333 0.010185185185185186
