2 0.33671875 0.4361111111111111 0.0203125 0.06481481481481481
2 0.15885416666666666 0.4583333333333333 0.01875 0.06851851851851852
2 0.11041666666666666 0.5305555555555556 0.017708333333333333 0.07037037037037037
2 0.3229166666666667 0.399537037037037 0.015625 0.06018518518518518
2 0.77109375 0.8273148148148148 0.022395833333333334 0.10833333333333334
2 0.9372395833333333 0.44351851851851853 0.0140625 0.07222222222222222
2 0.33359375 0.5106481481481482 0.025520833333333333 0.06944444444444445
2 0.29765625 0.29259259259259257 0.0171875 0.05555555555555555
2 0.61015625 0.17407407407407408 0.0078125 0.046296296296296294
2 0.6234375 0.28194444444444444 0.016666666666666666 0.05648148148148148
2 0.2643229166666667 0.2759259259259259 0.0109375 0.053703703703703705
2 0.2596354166666667 0.33564814814814814 0.0109375 0.06018518518518518
2 0.8463541666666666 0.2300925925925926 0.0125 0.04722222222222222
2 0.2786458333333333 0.2074074074074074 0.009375 0.04259259259259259
2 0.35598958333333336 0.23796296296296296 0.0078125 0.046296296296296294
2 0.4596354166666667 0.2564814814814815 0.011979166666666667 0.04814814814814815
2 0.3033854166666667 0.3976851851851852 0.0109375 0.06574074074074074
2 0.29010416666666666 0.18425925925925926 0.008333333333333333 0.044444444444444446
2 0.575 0.20833333333333334 0.015625 0.05
2 0.28984375 0.15046296296296297 0.0109375 0.03981481481481482
2 0.7229166666666667 0.24583333333333332 0.019791666666666666 0.04537037037037037
2 0.22421875 0.3435185185185185 0.011979166666666667 0.05925925925925926
1 0.8424479166666666 0.25092592592592594 0.0046875 0.009259259259259259
