2 0.36223958333333334 0.44814814814814813 0.0140625 0.06666666666666667
2 0.2994791666666667 0.47638888888888886 0.020833333333333332 0.06759259259259259
2 0.17291666666666666 0.6912037037037037 0.016666666666666666 0.09166666666666666
2 0.4171875 0.43194444444444446 0.013541666666666667 0.06759259259259259
2 0.6067708333333334 0.7782407407407408 0.025 0.10462962962962963
2 0.8302083333333333 0.4398148148148148 0.019791666666666666 0.06666666666666667
2 0.45546875 0.5138888888888888 0.015104166666666667 0.07592592592592592
2 0.48854166666666665 0.30462962962962964 0.013541666666666667 0.05
2 0.65546875 0.19675925925925927 0.008854166666666666 0.03981481481481482
2 0.57734375 0.3125 0.011979166666666667 0.06018518518518518
2 0.4158854166666667 0.2898148148148148 0.011979166666666667 0.05185185185185185
2 0.37213541666666666 0.3527777777777778 0.0140625 0.05925925925925926
2 0.80546875 0.27824074074074073 0.015104166666666667 0.04351851851851852
2 0.4669270833333333 0.22361111111111112 0.009895833333333333 0.04537037037037037
2 0.49583333333333335 0.25462962962962965 0.010416666666666666 0.04814814814814815
2 0.5263020833333333 0.27037037037037037 0.011979166666666667 0.05
2 0.48776041666666664 0.35694444444444445 0.0140625 0.06018518518518518
2 0.5252604166666667 0.19166666666666668 0.009895833333333333 0.044444444444444446
2 0.56015625 0.22546296296296298 0.009895833333333333 0.04722222222222222
2 0.5096354166666667 0.16898148148148148 0.011979166666666667 0.03796296296296296
2 0.6528645833333333 0.31157407407407406 0.0109375 0.05462962962962963
2 0.4 0.3055555555555556 0.011458333333333333 0.05555555555555555
2 0.04583333333333333 0.3282407407407407 0.014583333333333334 0.06018518518518518
1 0.7958333333333333 0.4027777777777778 0.005208333333333333 0.009259259259259259
