2 0.40130208333333334 0.3800925925925926 0.018229166666666668 0.06574074074074074
2 0.22760416666666666 0.3560185185185185 0.022916666666666665 0.06574074074074074
2 0.18958333333333333 0.38333333333333336 0.019791666666666666 0.06111111111111111
2 0.453125 0.2935185185185185 0.014583333333333334 0.05740740740740741
2 0.6877604166666667 0.7787037037037037 0.025520833333333333 0.1
2 0.8466145833333333 0.36064814814814816 0.0140625 0.062037037037037036
2 0.3734375 0.4125 0.01875 0.0712962962962963
2 0.45286458333333335 0.22685185185185186 0.016145833333333335 0.05
2 0.7588541666666667 0.18611111111111112 0.014583333333333334 0.044444444444444446
2 0.58359375 0.25092592592592594 0.013020833333333334 0.05555555555555555
2 0.38046875 0.18888888888888888 0.0140625 0.03888888888888889
2 0.3138020833333333 0.25324074074074077 0.018229166666666668 0.06574074074074074
2 0.7307291666666667 0.24259259259259258 0.011458333333333333 0.05185185185185185
2 0.42552083333333335 0.19166666666666668 0.014583333333333334 0.044444444444444446
2 0.45651041666666664 0.1962962962962963 0.011979166666666667 0.040740740740740744
2 0.5653645833333333 0.21481481481481482 0.0140625 0.04814814814814815
2 0.44973958333333336 0.33287037037037037 0.0203125 0.06018518518518518
2 0.4864583333333333 0.16157407407407406 0.011458333333333333 0.041666666666666664
2 0.5505208333333333 0.1824074074074074 0.0125 0.040740740740740744
2 0.4257708333333333 0.13333333333333333 0.010677083333333334 0.03611111111111111
2 0.7369791666666666 0.23425925925925925 0.008333333333333333 0.05185185185185185
2 0.28463541666666664 0.19953703703703704 0.0140625 0.04351851851851852
2 0.084375 0.23935185185185184 0.014583333333333334 0.05092592592592592
1 0.44635416666666666 0.17453703703703705 0.004166666666666667 0.008333333333333333
