2 0.3104166666666667 0.4597222222222222 0.0125 0.0712962962962963
2 0.1015625 0.5916666666666667 0.021875 0.09074074074074075
2 0.08229166666666667 0.6949074074074074 0.021875 0.09351851851851851
2 0.3390625 0.43194444444444446 0.019791666666666666 0.0712962962962963
2 0.8190104166666666 0.825925925925926 0.03177083333333333 0.1
2 0.90078125 0.4050925925925926 0.025520833333333333 0.06944444444444445
2 0.4630208333333333 0.5111111111111111 0.016666666666666666 0.07222222222222222
2 0.2526041666666667 0.33564814814814814 0.017708333333333333 0.06759259259259259
2 0.5080729166666667 0.1337962962962963 0.013020833333333334 0.03796296296296296
2 0.5513020833333333 0.28379629629629627 0.011979166666666667 0.06018518518518518
2 0.21770833333333334 0.28379629629629627 0.013541666666666667 0.06018518518518518
2 0.1953125 0.3763888888888889 0.017708333333333333 0.062037037037037036
2 0.7744791666666667 0.2175925925925926 0.011458333333333333 0.04814814814814815
2 0.24270833333333333 0.20601851851851852 0.011458333333333333 0.04537037037037037
2 0.29661458333333335 0.2412037037037037 0.009895833333333333 0.05277777777777778
2 0.4348958333333333 0.2652777777777778 0.010416666666666666 0.05462962962962963
2 0.26276041666666666 0.3958333333333333 0.016145833333333335 0.06759259259259259
2 0.22942708333333334 0.16527777777777777 0.013020833333333334 0.04351851851851852
2 0.46796875 0.1986111111111111 0.009895833333333333 0.04537037037037037
2 0.23671875 0.13287037037037036 0.0109375 0.03981481481481482
2 0.7575520833333333 0.2273148148148148 0.013020833333333334 0.041666666666666664
2 0.18098958333333334 0.387037037037037 0.015104166666666667 0.06666666666666667
1 0.8885416666666667 0.42824074074074076 0.00625 0.010185185185185186
