2 0.43125 0.46944444444444444 0.014583333333333334 0.06481481481481481
2 0.39401041666666664 0.4671296296296296 0.0140625 0.06759259259259259
2 0.28541666666666665 0.6194444444444445 0.016666666666666666 0.07777777777777778
2 0.5151041666666667 0.43194444444444446 0.011458333333333333 0.058333333333333334
2 0.6661458333333333 0.7560185185185185 0.021875 0.09537037037037037
2 0.9197916666666667 0.48333333333333334 0.013541666666666667 0.06666666666666667
2 0.51640625 0.5032407407407408 0.016145833333333335 0.06574074074074074
2 0.5625 0.3236111111111111 0.0125 0.05277777777777778
2 0.7588541666666667 0.26064814814814813 0.009375 0.03796296296296296
2 0.6611979166666667 0.3421296296296296 0.011979166666666667 0.058333333333333334
2 0.51484375 0.32314814814814813 0.009895833333333333 0.05185185185185185
2 0.47369791666666666 0.3768518518518518 0.0109375 0.05740740740740741
2 0.8971354166666666 0.3212962962962963 0.011979166666666667 0.03888888888888889
2 0.56171875 0.2657407407407407 0.0078125 0.03888888888888889
2 0.6088541666666667 0.2962962962962963 0.008333333333333333 0.04814814814814815
2 0.6432291666666666 0.30833333333333335 0.0125 0.05
2 0.5875 0.3800925925925926 0.010416666666666666 0.05462962962962963
2 0.6221354166666667 0.24444444444444444 0.0109375 0.040740740740740744
2 0.67265625 0.2740740740740741 0.008854166666666666 0.044444444444444446
2 0.5981770833333333 0.2273148148148148 0.0109375 0.03796296296296296
2 0.73828125 0.3486111111111111 0.009895833333333333 0.05277777777777778
2 0.5002604166666667 0.3300925925925926 0.0109375 0.05277777777777778
2 0.15651041666666668 0.3592592592592593 0.011979166666666667 0.05555555555555555
1 0.8833333333333333 0.3453703703703704 0.005208333333333333 0.009259259259259259
