1 0.51015625 0.5217592592592593 0.018229166666666668 0.0787037037037037
1 0.08932291666666667 0.5912037037037037 0.027604166666666666 0.08796296296296297
1 0.38723958333333336 0.6226851851851852 0.021354166666666667 0.08425925925925926
1 0.2984375 0.5439814814814815 0.017708333333333333 0.07685185185185185
1 0.8484375 0.8078703703703703 0.021875 0.10462962962962963
1 0.91796875 0.47685185185185186 0.011979166666666667 0.07407407407407407
1 0.4635416666666667 0.6138888888888889 0.019791666666666666 0.07777777777777778
1 0.2833333333333333 0.4134259259259259 0.015625 0.062037037037037036
1 0.6684895833333333 0.21574074074074073 0.0140625 0.04259259259259259
1 0.6041666666666666 0.3972222222222222 0.013541666666666667 0.06666666666666667
1 0.16223958333333333 0.37083333333333335 0.011979166666666667 0.06388888888888888
1 0.1140625 0.4532407407407407 0.013541666666666667 0.075
1 0.83359375 0.30972222222222223 0.0109375 0.05462962962962963
1 0.20494791666666667 0.27870370370370373 0.0140625 0.04814814814814815
1 0.48880208333333336 0.3236111111111111 0.018229166666666668 0.05277777777777778
1 0.4125 0.33611111111111114 0.011458333333333333 0.05740740740740741
1 0.2830729166666667 0.6361111111111111 0.019270833333333334 0.08888888888888889
1 0.43671875 0.23148148148148148 0.0203125 0.040740740740740744
1 0.35494791666666664 0.27685185185185185 0.0078125 0.05185185185185185
1 0.24921875 0.1865740740740741 0.0109375 0.041666666666666664
1 0.52578125 0.4666666666666667 0.015104166666666667 0.06851851851851852
1 0.4192708333333333 0.4074074074074074 0.025 0.05925925925925926
1 0.5877604166666667 0.4162037037037037 0.0046875 0.008333333333333333
