2 0.6268229166666667 0.575925925925926 0.018229166666666668 0.07592592592592592
2 0.42291666666666666 0.7023148148148148 0.028125 0.09537037037037037
2 0.44557291666666665 0.6083333333333333 0.024479166666666666 0.07777777777777778
2 0.62109375 0.6833333333333333 0.027604166666666666 0.08148148148148149
2 0.9286458333333333 0.6944444444444444 0.026041666666666668 0.08703703703703704
2 0.86796875 0.47175925925925927 0.018229166666666668 0.06759259259259259
2 0.8690104166666667 0.7356481481481482 0.025520833333333333 0.08611111111111111
2 0.43515625 0.4074074074074074 0.016145833333333335 0.05925925925925926
2 0.76484375 0.29907407407407405 0.009895833333333333 0.04259259259259259
2 0.67578125 0.399537037037037 0.013020833333333334 0.06574074074074074
2 0.30520833333333336 0.32916666666666666 0.0125 0.05462962962962963
2 0.17760416666666667 0.46435185185185185 0.019791666666666666 0.06574074074074074
2 0.8171875 0.37175925925925923 0.013541666666666667 0.05462962962962963
2 0.3455729166666667 0.28425925925925927 0.0109375 0.046296296296296294
2 0.42942708333333335 0.3337962962962963 0.015104166666666667 0.04722222222222222
2 0.6044270833333333 0.3375 0.008854166666666666 0.049074074074074076
2 0.5630208333333333 0.3365740740740741 0.014583333333333334 0.05277777777777778
2 0.5122395833333333 0.2791666666666667 0.0109375 0.04722222222222222
2 0.6984375 0.2912037037037037 0.009375 0.04351851851851852
2 0.36484375 0.19074074074074074 0.008854166666666666 0.03888888888888889
2 0.7174479166666666 0.36342592592592593 0.0140625 0.05462962962962963
2 0.05651041666666667 0.4050925925925926 0.019270833333333334 0.062037037037037036
