2 0.33255208333333336 0.4726851851851852 0.016145833333333335 0.0787037037037037
2 0.11015625 0.5787037037037037 0.0234375 0.10185185185185185
2 0.10859375 0.7208333333333333 0.022395833333333334 0.10092592592592593
2 0.3416666666666667 0.40694444444444444 0.013541666666666667 0.0787037037037037
2 0.83515625 0.8712962962962963 0.03177083333333333 0.1111111111111111
2 0.85234375 0.33055555555555555 0.016145833333333335 0.06481481481481481
2 0.41458333333333336 0.5222222222222223 0.01875 0.09074074074074075
2 0.3020833333333333 0.28564814814814815 0.016666666666666666 0.06759259259259259
2 0.5705729166666667 0.08472222222222223 0.013020833333333334 0.03981481481481482
2 0.64296875 0.2800925925925926 0.0171875 0.06574074074074074
2 0.24895833333333334 0.23287037037037037 0.013541666666666667 0.062037037037037036
2 0.18697916666666667 0.33796296296296297 0.013541666666666667 0.07222222222222222
2 0.7796875 0.17592592592592593 0.013541666666666667 0.05185185185185185
2 0.2825520833333333 0.14722222222222223 0.0078125 0.05185185185185185
2 0.37265625 0.1699074074074074 0.008854166666666666 0.05277777777777778
2 0.42291666666666666 0.2 0.0125 0.053703703703703705
2 0.37994791666666666 0.4060185185185185 0.018229166666666668 0.0787037037037037
2 0.34479166666666666 0.09398148148148149 0.009375 0.04537037037037037
2 0.46510416666666665 0.13842592592592592 0.008333333333333333 0.049074074074074076
2 0.315625 0.06944444444444445 0.010416666666666666 0.03888888888888889
2 0.6671875 0.27361111111111114 0.013541666666666667 0.062037037037037036
2 0.225 0.3425925925925926 0.014583333333333334 0.07777777777777778
1 0.790625 0.26805555555555555 0.005208333333333333 0.010185185185185186
