2 0.4283854166666667 0.4 0.016145833333333335 0.06111111111111111
2 0.23255208333333333 0.3648148148148148 0.011979166666666667 0.05925925925925926
2 0.22447916666666667 0.3814814814814815 0.013541666666666667 0.05555555555555555
2 0.4622395833333333 0.32592592592592595 0.0171875 0.05555555555555555
2 0.7380208333333333 0.750462962962963 0.020833333333333332 0.09907407407407408
2 0.89375 0.38055555555555554 0.013541666666666667 0.05925925925925926
2 0.39296875 0.425 0.018229166666666668 0.06851851851851852
2 0.46145833333333336 0.25092592592592594 0.0125 0.046296296296296294
2 0.7703125 0.23194444444444445 0.013541666666666667 0.04351851851851852
2 0.6046875 0.2791666666666667 0.011458333333333333 0.05092592592592592
2 0.40234375 0.2222222222222222 0.0171875 0.04259259259259259
2 0.32838541666666665 0.2884259259259259 0.0140625 0.05092592592592592
2 0.8 0.2847222222222222 0.0125 0.05092592592592592
2 0.4700520833333333 0.21342592592592594 0.011979166666666667 0.041666666666666664
2 0.48046875 0.23055555555555557 0.009895833333333333 0.044444444444444446
2 0.5763020833333333 0.25277777777777777 0.011979166666666667 0.046296296296296294
2 0.48098958333333336 0.35694444444444445 0.013020833333333334 0.062037037037037036
2 0.5169270833333334 0.19953703703703704 0.009895833333333333 0.03981481481481482
2 0.5484375 0.21574074074074073 0.015625 0.044444444444444446
2 0.46145833333333336 0.17083333333333334 0.011458333333333333 0.03611111111111111
2 0.8075520833333333 0.2847222222222222 0.009895833333333333 0.05277777777777778
2 0.29791666666666666 0.22592592592592592 0.0125 0.03888888888888889
2 0.10755208333333334 0.27685185185185185 0.013020833333333334 0.05
