2 0.42239583333333336 0.43657407407407406 0.013541666666666667 0.07314814814814814
2 0.2903645833333333 0.5180555555555556 0.0171875 0.08055555555555556
2 0.20755208333333333 0.7680555555555556 0.0296875 0.10092592592592593
2 0.47994791666666664 0.42777777777777776 0.0140625 0.06851851851851852
2 0.70234375 0.812962962962963 0.022395833333333334 0.1111111111111111
2 0.82109375 0.42962962962962964 0.0203125 0.06296296296296296
2 0.4864583333333333 0.5273148148148148 0.016666666666666666 0.07685185185185185
2 0.5565104166666667 0.324537037037037 0.018229166666666668 0.062037037037037036
2 0.72109375 0.175 0.008854166666666666 0.04259259259259259
2 0.6447916666666667 0.30416666666666664 0.014583333333333334 0.062037037037037036
2 0.45286458333333335 0.28564814814814815 0.0203125 0.049074074074074076
2 0.40520833333333334 0.3486111111111111 0.021875 0.06574074074074074
2 0.86796875 0.27546296296296297 0.011979166666666667 0.049074074074074076
2 0.5026041666666666 0.21296296296296297 0.017708333333333333 0.040740740740740744
2 0.51953125 0.2462962962962963 0.016145833333333335 0.04259259259259259
2 0.5591145833333333 0.2550925925925926 0.0203125 0.05277777777777778
2 0.5330729166666667 0.36203703703703705 0.0140625 0.06481481481481481
2 0.5669270833333333 0.17222222222222222 0.011979166666666667 0.040740740740740744
2 0.6057291666666667 0.20324074074074075 0.011458333333333333 0.049074074074074076
2 0.5697916666666667 0.13564814814814816 0.0125 0.03796296296296296
2 0.7026041666666667 0.3074074074074074 0.0125 0.05740740740740741
2 0.43854166666666666 0.2972222222222222 0.011458333333333333 0.05740740740740741
2 0.10520833333333333 0.2851851851851852 0.014583333333333334 0.053703703703703705
1 0.7901041666666667 0.45092592592592595 0.00625 0.011111111111111112
