2 0.48723958333333334 0.5194444444444445 0.024479166666666666 0.07222222222222222
2 0.3065104166666667 0.7513888888888889 0.034895833333333334 0.09907407407407408
2 0.33619791666666665 0.5625 0.015104166666666667 0.0712962962962963
2 0.575 0.6861111111111111 0.03125 0.08888888888888889
2 0.9114583333333334 0.6995370370370371 0.022916666666666665 0.08981481481481482
2 0.8619791666666666 0.45092592592592595 0.01875 0.06851851851851852
2 0.82109375 0.7324074074074074 0.024479166666666666 0.1
2 0.3731770833333333 0.35694444444444445 0.019270833333333334 0.058333333333333334
2 0.7565104166666666 0.2675925925925926 0.015104166666666667 0.05
2 0.6072916666666667 0.3731481481481482 0.01875 0.06481481481481481
2 0.24010416666666667 0.2962962962962963 0.009375 0.05185185185185185
2 0.0859375 0.42592592592592593 0.017708333333333333 0.06481481481481481
2 0.81484375 0.3296296296296296 0.0109375 0.05185185185185185
2 0.31614583333333335 0.2375 0.0125 0.04537037037037037
2 0.37213541666666666 0.29814814814814816 0.009895833333333333 0.05
2 0.5940104166666667 0.2773148148148148 0.009895833333333333 0.05092592592592592
2 0.5442708333333334 0.31342592592592594 0.011458333333333333 0.05462962962962963
2 0.5057291666666667 0.24814814814814815 0.010416666666666666 0.046296296296296294
2 0.7192708333333333 0.25277777777777777 0.010416666666666666 0.04814814814814815
2 0.3109375 0.16296296296296298 0.008333333333333333 0.02962962962962963
2 0.7049479166666667 0.30462962962962964 0.0140625 0.046296296296296294
2 0.05911458333333333 0.37546296296296294 0.013020833333333334 0.06388888888888888
