2 0.27447916666666666 0.42824074074074076 0.015625 0.058333333333333334
2 0.18567708333333333 0.44074074074074077 0.024479166666666666 0.05740740740740741
2 0.13229166666666667 0.5717592592592593 0.017708333333333333 0.06759259259259259
2 0.3763020833333333 0.44305555555555554 0.015104166666666667 0.05648148148148148
2 0.56171875 0.7185185185185186 0.025520833333333333 0.08148148148148149
2 0.8440104166666667 0.5828703703703704 0.018229166666666668 0.07685185185185185
2 0.38125 0.5615740740740741 0.014583333333333334 0.06944444444444445
2 0.38307291666666665 0.3837962962962963 0.013020833333333334 0.05648148148148148
2 0.6684895833333333 0.3175925925925926 0.009895833333333333 0.04814814814814815
2 0.5744791666666667 0.40324074074074073 0.015625 0.06388888888888888
2 0.26171875 0.3421296296296296 0.008854166666666666 0.04351851851851852
2 0.17942708333333332 0.37083333333333335 0.016145833333333335 0.049074074074074076
2 0.9458333333333333 0.4638888888888889 0.017708333333333333 0.06481481481481481
2 0.17760416666666667 0.3486111111111111 0.011458333333333333 0.03981481481481482
2 0.2911458333333333 0.29444444444444445 0.011458333333333333 0.03888888888888889
2 0.5153645833333333 0.36203703703703705 0.013020833333333334 0.053703703703703705
2 0.3997395833333333 0.41759259259259257 0.013020833333333334 0.05555555555555555
2 0.3963541666666667 0.3013888888888889 0.010416666666666666 0.049074074074074076
2 0.4817708333333333 0.3277777777777778 0.010416666666666666 0.05185185185185185
2 0.45651041666666664 0.20694444444444443 0.0078125 0.03611111111111111
2 0.9265625 0.4787037037037037 0.015625 0.06666666666666667
2 0.0875 0.3888888888888889 0.017708333333333333 0.046296296296296294
2 0.12734895833333332 0.38516203703703705 0.01530208333333333 0.04945370370370373
1 0.116484375 0.38675925925925925 0.005572916666666661 0.007962962962962984
