2 0.33177083333333335 0.4587962962962963 0.020833333333333332 0.07685185185185185
2 0.1359375 0.5282407407407408 0.020833333333333332 0.09907407407407408
2 0.13333333333333333 0.6615740740740741 0.021875 0.09537037037037037
2 0.36640625 0.36574074074074076 0.0140625 0.07407407407407407
2 0.8208333333333333 0.887962962962963 0.03229166666666667 0.11666666666666667
2 0.85546875 0.35 0.018229166666666668 0.06666666666666667
2 0.38958333333333334 0.5092592592592593 0.029166666666666667 0.07962962962962963
2 0.34036458333333336 0.2657407407407407 0.015104166666666667 0.06296296296296296
2 0.5932291666666667 0.09444444444444444 0.013541666666666667 0.040740740740740744
2 0.6197916666666666 0.2833333333333333 0.014583333333333334 0.06851851851851852
2 0.2869791666666667 0.22268518518518518 0.0125 0.06018518518518518
2 0.22578125 0.3125 0.0171875 0.0712962962962963
2 0.7940104166666667 0.1925925925925926 0.019270833333333334 0.044444444444444446
2 0.31640625 0.14814814814814814 0.008854166666666666 0.04814814814814815
2 0.39947916666666666 0.16666666666666666 0.008333333333333333 0.05
2 0.4544270833333333 0.1925925925925926 0.009895833333333333 0.05555555555555555
2 0.39817708333333335 0.4064814814814815 0.019270833333333334 0.07777777777777778
2 0.38828125 0.09722222222222222 0.0109375 0.040740740740740744
2 0.47994791666666664 0.14444444444444443 0.008854166666666666 0.04814814814814815
2 0.34765625 0.08055555555555556 0.013020833333333334 0.04259259259259259
2 0.66953125 0.2652777777777778 0.0140625 0.062037037037037036
2 0.2515625 0.31342592592592594 0.013541666666666667 0.06759259259259259
1 0.7776041666666667 0.20972222222222223 0.005208333333333333 0.010185185185185186
