2 0.39348958333333334 0.46064814814814814 0.0234375 0.06944444444444445
2 0.19635416666666666 0.7847222222222222 0.026041666666666668 0.10462962962962963
2 0.28489583333333335 0.5287037037037037 0.026041666666666668 0.07592592592592592
2 0.54765625 0.6712962962962963 0.027604166666666666 0.08703703703703704
2 0.8989583333333333 0.7037037037037037 0.016666666666666666 0.09074074074074075
2 0.8721354166666667 0.44583333333333336 0.019270833333333334 0.06944444444444445
2 0.8057291666666667 0.7601851851851852 0.025 0.1111111111111111
2 0.33151041666666664 0.31805555555555554 0.0171875 0.05462962962962963
2 0.7901041666666667 0.23981481481481481 0.011458333333333333 0.04814814814814815
2 0.5596354166666667 0.3490740740740741 0.019270833333333334 0.05925925925925926
2 0.18645833333333334 0.262037037037037 0.011458333333333333 0.05
2 0.043229166666666666 0.3912037037037037 0.020833333333333332 0.06388888888888888
2 0.8294270833333334 0.31342592592592594 0.0109375 0.05462962962962963
2 0.31666666666666665 0.1935185185185185 0.009375 0.04259259259259259
2 0.3416666666666667 0.2657407407407407 0.010416666666666666 0.046296296296296294
2 0.6145833333333334 0.22685185185185186 0.009375 0.044444444444444446
2 0.5479166666666667 0.2962962962962963 0.016666666666666666 0.053703703703703705
2 0.5151041666666667 0.2212962962962963 0.010416666666666666 0.044444444444444446
2 0.7559895833333333 0.22592592592592592 0.0109375 0.04814814814814815
2 0.2825520833333333 0.13842592592592592 0.009895833333333333 0.03425925925925926
2 0.7356770833333334 0.29953703703703705 0.0109375 0.05462962962962963
2 0.08984375 0.34953703703703703 0.015104166666666667 0.06018518518518518
2 0.00859375 0.30416666666666664 0.013020833333333334 0.058333333333333334
1 0.012630208333333334 0.29211574074074076 0.004635416666666666 0.007935185185185179
