2 0.365625 0.4708333333333333 0.013541666666666667 0.07314814814814814
2 0.12578125 0.44907407407407407 0.021354166666666667 0.07777777777777778
2 0.190625 0.4671296296296296 0.017708333333333333 0.07314814814814814
2 0.328125 0.42268518518518516 0.014583333333333334 0.0712962962962963
2 0.7315104166666667 0.7865740740740741 0.028645833333333332 0.09722222222222222
2 0.8947916666666667 0.43194444444444446 0.0125 0.06759259259259259
2 0.34427083333333336 0.5064814814814815 0.019791666666666666 0.07777777777777778
2 0.303125 0.31203703703703706 0.015625 0.06111111111111111
2 0.6010416666666667 0.18703703703703703 0.0125 0.044444444444444446
2 0.5822916666666667 0.3023148148148148 0.016666666666666666 0.06018518518518518
2 0.20416666666666666 0.28425925925925927 0.010416666666666666 0.05740740740740741
2 0.18776041666666668 0.34675925925925927 0.021354166666666667 0.06388888888888888
2 0.8125 0.24259259259259258 0.010416666666666666 0.05185185185185185
2 0.24427083333333333 0.2162037037037037 0.011458333333333333 0.04537037037037037
2 0.3625 0.26990740740740743 0.0125 0.05277777777777778
2 0.37578125 0.2759259259259259 0.009895833333333333 0.053703703703703705
2 0.28072916666666664 0.5 0.017708333333333333 0.07777777777777778
2 0.29140625 0.19907407407407407 0.0109375 0.046296296296296294
2 0.44296875 0.20416666666666666 0.009895833333333333 0.04351851851851852
2 0.26223958333333336 0.15462962962962962 0.0109375 0.040740740740740744
2 0.56796875 0.3013888888888889 0.015104166666666667 0.05648148148148148
2 0.20729166666666668 0.36712962962962964 0.013541666666666667 0.06574074074074074
1 0.597578125 0.20655092592592592 0.004020833333333348 0.005953703703703683
