2 0.409375 0.46574074074074073 0.015625 0.06851851851851852
2 0.21484375 0.7800925925925926 0.04010416666666667 0.10092592592592593
2 0.28984375 0.5296296296296297 0.024479166666666666 0.07592592592592592
2 0.5575520833333333 0.6712962962962963 0.027604166666666666 0.08703703703703704
2 0.90390625 0.7037037037037037 0.027604166666666666 0.09074074074074075
2 0.8765625 0.44583333333333336 0.013541666666666667 0.06759259259259259
2 0.8106770833333333 0.7597222222222222 0.0296875 0.10648148148148148
2 0.34088541666666666 0.32037037037037036 0.0140625 0.05185185185185185
2 0.7911458333333333 0.24259259259259258 0.009375 0.04814814814814815
2 0.56640625 0.3509259259259259 0.018229166666666668 0.05925925925925926
2 0.19791666666666666 0.2652777777777778 0.013541666666666667 0.05277777777777778
2 0.05364583333333333 0.3921296296296296 0.013541666666666667 0.062037037037037036
2 0.83125 0.3143518518518518 0.014583333333333334 0.05462962962962963
2 0.321875 0.19722222222222222 0.007291666666666667 0.040740740740740744
2 0.3489583333333333 0.26805555555555555 0.014583333333333334 0.04722222222222222
2 0.61640625 0.23194444444444445 0.008854166666666666 0.04722222222222222
2 0.5518229166666667 0.2962962962962963 0.009895833333333333 0.05555555555555555
2 0.5200520833333333 0.22407407407407406 0.011979166666666667 0.044444444444444446
2 0.7565104166666666 0.22685185185185186 0.009895833333333333 0.04814814814814815
2 0.290625 0.14027777777777778 0.0125 0.03611111111111111
2 0.7369791666666666 0.2967592592592593 0.010416666666666666 0.05648148148148148
2 0.09427083333333333 0.3509259259259259 0.016666666666666666 0.06111111111111111
2 0.009635416666666667 0.3050925925925926 0.013020833333333334 0.058333333333333334
1 0.015234375 0.29810185185185184 0.0049479166666666664 0.009351851851851873
