2 0.30104166666666665 0.42592592592592593 0.01875 0.06481481481481481
2 0.11015625 0.4888888888888889 0.019270833333333334 0.07592592592592592
2 0.0671875 0.5699074074074074 0.019791666666666666 0.0787037037037037
2 0.30104166666666665 0.3861111111111111 0.013541666666666667 0.04259259259259259
2 0.7559895833333333 0.8185185185185185 0.0390625 0.10925925925925926
2 0.9005208333333333 0.4162037037037037 0.027083333333333334 0.0712962962962963
2 0.35911458333333335 0.4935185185185185 0.018229166666666668 0.07407407407407407
2 0.25859375 0.2902777777777778 0.015104166666666667 0.05648148148148148
2 0.5518229166666667 0.1412037037037037 0.008854166666666666 0.041666666666666664
2 0.57109375 0.26666666666666666 0.013020833333333334 0.05925925925925926
2 0.23723958333333334 0.26157407407407407 0.011979166666666667 0.05092592592592592
2 0.22786458333333334 0.33425925925925926 0.016145833333333335 0.06296296296296296
2 0.79375 0.2064814814814815 0.0125 0.044444444444444446
2 0.24739583333333334 0.19074074074074074 0.0125 0.03888888888888889
2 0.3184895833333333 0.2222222222222222 0.011979166666666667 0.04814814814814815
2 0.44114583333333335 0.24305555555555555 0.015625 0.05092592592592592
2 0.2598958333333333 0.3787037037037037 0.020833333333333332 0.06296296296296296
2 0.23828125 0.16527777777777777 0.011979166666666667 0.04351851851851852
2 0.5276041666666667 0.18611111111111112 0.013541666666666667 0.04814814814814815
2 0.24947916666666667 0.12962962962962962 0.009375 0.037037037037037035
2 0.7315104166666667 0.21574074074074073 0.015104166666666667 0.04259259259259259
2 0.18359375 0.34074074074074073 0.0109375 0.05740740740740741
1 0.8135416666666667 0.25972222222222224 0.005208333333333333 0.008333333333333333
