2 0.36744791666666665 0.43194444444444446 0.0140625 0.062037037037037036
2 0.14713541666666666 0.7712962962962963 0.025520833333333333 0.09814814814814815
2 0.275 0.5111111111111111 0.016666666666666666 0.07592592592592592
2 0.534375 0.6574074074074074 0.019791666666666666 0.08703703703703704
2 0.8861979166666667 0.7023148148148148 0.0265625 0.08981481481481482
2 0.88125 0.44351851851851853 0.019791666666666666 0.07037037037037037
2 0.7908854166666667 0.7763888888888889 0.0265625 0.11388888888888889
2 0.3221354166666667 0.3060185185185185 0.0203125 0.058333333333333334
2 0.80390625 0.2324074074074074 0.013020833333333334 0.05
2 0.54453125 0.33611111111111114 0.015104166666666667 0.06296296296296296
2 0.16770833333333332 0.2462962962962963 0.0125 0.04814814814814815
2 0.032552083333333336 0.3763888888888889 0.015104166666666667 0.06388888888888888
2 0.8356770833333333 0.3101851851851852 0.013020833333333334 0.05555555555555555
2 0.31692708333333336 0.1787037037037037 0.009895833333333333 0.037037037037037035
2 0.33880208333333334 0.24814814814814815 0.0109375 0.05
2 0.625 0.2074074074074074 0.009375 0.04259259259259259
2 0.55078125 0.2884259259259259 0.0078125 0.05462962962962963
2 0.5205729166666667 0.21388888888888888 0.0078125 0.046296296296296294
2 0.7643229166666666 0.21064814814814814 0.013020833333333334 0.04722222222222222
2 0.27734375 0.12777777777777777 0.009895833333333333 0.037037037037037035
2 0.7494791666666667 0.3023148148148148 0.011458333333333333 0.058333333333333334
2 0.09557291666666666 0.3384259259259259 0.015104166666666667 0.06018518518518518
2 0.033854166666666664 0.2935185185185185 0.013541666666666667 0.05740740740740741
1 0.039322916666666666 0.31851851851851853 0.0046875 0.007407407407407408
