2 0.3260416666666667 0.41574074074074074 0.015625 0.07407407407407407
2 0.17265625 0.43333333333333335 0.022395833333333334 0.07962962962962963
2 0.15052083333333333 0.5564814814814815 0.01875 0.09074074074074075
2 0.39088541666666665 0.3037037037037037 0.013020833333333334 0.06666666666666667
2 0.7390625 0.8689814814814815 0.026041666666666668 0.11388888888888889
2 0.8294270833333334 0.3597222222222222 0.0203125 0.06944444444444445
2 0.34609375 0.4634259259259259 0.0171875 0.08425925925925926
2 0.38567708333333334 0.23333333333333334 0.015104166666666667 0.06296296296296296
2 0.62578125 0.10694444444444444 0.009895833333333333 0.041666666666666664
2 0.5794270833333334 0.25833333333333336 0.0171875 0.06481481481481481
2 0.31875 0.20925925925925926 0.013541666666666667 0.05740740740740741
2 0.278125 0.26666666666666666 0.013541666666666667 0.06666666666666667
2 0.7236979166666667 0.17962962962962964 0.015104166666666667 0.05
2 0.36302083333333335 0.13425925925925927 0.015625 0.044444444444444446
2 0.4239583333333333 0.15046296296296297 0.010416666666666666 0.04537037037037037
2 0.48489583333333336 0.17083333333333334 0.0125 0.05277777777777778
2 0.40598958333333335 0.36527777777777776 0.015104166666666667 0.06944444444444445
2 0.4122395833333333 0.09768518518518518 0.008854166666666666 0.03796296296296296
2 0.46848958333333335 0.13518518518518519 0.009895833333333333 0.046296296296296294
2 0.38828125 0.08518518518518518 0.0109375 0.037037037037037035
2 0.6364583333333333 0.2351851851851852 0.013541666666666667 0.05555555555555555
2 0.29296875 0.2518518518518518 0.0140625 0.05925925925925926
1 0.6989583333333333 0.19953703703703704 0.005208333333333333 0.010185185185185186
