2 0.6169270833333333 0.5680555555555555 0.016145833333333335 0.075
2 0.41432291666666665 0.7078703703703704 0.018229166666666668 0.08981481481481482
2 0.4361979166666667 0.6060185185185185 0.018229166666666668 0.07314814814814814
2 0.61796875 0.6819444444444445 0.0140625 0.08425925925925926
2 0.93203125 0.6953703703703704 0.0265625 0.08888888888888889
2 0.8716145833333333 0.46805555555555556 0.011979166666666667 0.06759259259259259
2 0.86640625 0.7375 0.030729166666666665 0.08611111111111111
2 0.43203125 0.40370370370370373 0.013020833333333334 0.06111111111111111
2 0.7651041666666667 0.29305555555555557 0.011458333333333333 0.04537037037037037
2 0.6692708333333334 0.399537037037037 0.019791666666666666 0.06388888888888888
2 0.30104166666666665 0.3263888888888889 0.014583333333333334 0.05462962962962963
2 0.1703125 0.4601851851851852 0.017708333333333333 0.06851851851851852
2 0.8192708333333333 0.3648148148148148 0.0125 0.053703703703703705
2 0.34401041666666665 0.2810185185185185 0.008854166666666666 0.04537037037037037
2 0.42526041666666664 0.3287037037037037 0.011979166666666667 0.04814814814814815
2 0.6049479166666667 0.33240740740740743 0.009895833333333333 0.053703703703703705
2 0.5630208333333333 0.33564814814814814 0.010416666666666666 0.04722222222222222
2 0.5122395833333333 0.2759259259259259 0.0109375 0.046296296296296294
2 0.7036458333333333 0.2861111111111111 0.009375 0.046296296296296294
2 0.36276041666666664 0.18703703703703703 0.013020833333333334 0.037037037037037035
2 0.7174479166666666 0.3578703703703704 0.0109375 0.05277777777777778
2 0.05572916666666667 0.4013888888888889 0.015625 0.06388888888888888
