1 0.365625 0.4532407407407407 0.014583333333333334 0.06944444444444445
1 0.28828125 0.4898148148148148 0.022395833333333334 0.07407407407407407
1 0.16875 0.7166666666666667 0.021875 0.09259259259259259
1 0.4171875 0.43796296296296294 0.013541666666666667 0.06851851851851852
1 0.61640625 0.7856481481481481 0.022395833333333334 0.10462962962962963
1 0.82578125 0.44305555555555554 0.021354166666666667 0.06759259259259259
1 0.4588541666666667 0.5236111111111111 0.0125 0.07685185185185185
1 0.49192708333333335 0.31574074074074077 0.013020833333333334 0.05925925925925926
1 0.6557291666666667 0.19768518518518519 0.008333333333333333 0.03981481481481482
1 0.58359375 0.31574074074074077 0.013020833333333334 0.06111111111111111
1 0.4125 0.29444444444444445 0.011458333333333333 0.05555555555555555
1 0.36744791666666665 0.3574074074074074 0.013020833333333334 0.05740740740740741
1 0.815625 0.2796296296296296 0.011458333333333333 0.053703703703703705
1 0.4661458333333333 0.2273148148148148 0.010416666666666666 0.04351851851851852
1 0.49583333333333335 0.2569444444444444 0.010416666666666666 0.049074074074074076
1 0.5205729166666667 0.2726851851851852 0.011979166666666667 0.05277777777777778
1 0.48723958333333334 0.3638888888888889 0.0140625 0.05740740740740741
1 0.525 0.19166666666666668 0.010416666666666666 0.044444444444444446
1 0.55703125 0.2263888888888889 0.008854166666666666 0.04537037037037037
1 0.5127604166666667 0.16527777777777777 0.008854166666666666 0.03981481481481482
1 0.6533854166666667 0.3143518518518518 0.0109375 0.05648148148148148
1 0.39739583333333334 0.30972222222222223 0.011458333333333333 0.058333333333333334
1 0.0453125 0.32916666666666666 0.017708333333333333 0.062037037037037036
1 0.8036458333333333 0.44537037037037036 0.00625 0.011111111111111112
