2 0.4114583333333333 0.4949074074074074 0.015625 0.062037037037037036
2 0.34427083333333336 0.487962962962963 0.011458333333333333 0.06111111111111111
2 0.32473958333333336 0.5504629629629629 0.013020833333333334 0.062037037037037036
2 0.46536458333333336 0.44351851851851853 0.018229166666666668 0.05555555555555555
2 0.6661458333333333 0.7152777777777778 0.01875 0.08425925925925926
2 0.9005208333333333 0.48194444444444445 0.014583333333333334 0.05648148148148148
2 0.44817708333333334 0.5046296296296297 0.015104166666666667 0.05925925925925926
2 0.5307291666666667 0.3453703703703704 0.011458333333333333 0.046296296296296294
2 0.75234375 0.32546296296296295 0.008854166666666666 0.04351851851851852
2 0.6880208333333333 0.36898148148148147 0.008333333333333333 0.04537037037037037
2 0.46901041666666665 0.36527777777777776 0.0140625 0.049074074074074076
2 0.44609375 0.40925925925925927 0.0140625 0.05555555555555555
2 0.9450520833333333 0.3861111111111111 0.013020833333333334 0.04814814814814815
2 0.5651041666666666 0.31092592592592594 0.014583333333333334 0.03925925925925924
2 0.6721354166666667 0.34120370370370373 0.008854166666666666 0.041666666666666664
2 0.6432291666666666 0.35138888888888886 0.011458333333333333 0.04537037037037037
2 0.5770833333333333 0.4217592592592593 0.016666666666666666 0.05277777777777778
2 0.6114583333333333 0.30185185185185187 0.010416666666666666 0.03888888888888889
2 0.6518229166666667 0.33194444444444443 0.009895833333333333 0.04351851851851852
2 0.5675546874999999 0.289087962962963 0.009619791666666681 0.04276851851851852
2 0.73984375 0.39305555555555555 0.011979166666666667 0.049074074074074076
2 0.4828125 0.3662037037037037 0.0125 0.049074074074074076
2 0.16953125 0.4078703703703704 0.013020833333333334 0.05277777777777778
1 0.7861979166666667 0.37592592592592594 0.005729166666666666 0.009259259259259259
