2 0.24713541666666666 0.412962962962963 0.013020833333333334 0.053703703703703705
2 0.10286458333333333 0.4625 0.018229166666666668 0.062037037037037036
2 0.15546875 0.5300925925925926 0.013020833333333334 0.06018518518518518
2 0.2765625 0.4615740740740741 0.017708333333333333 0.05092592592592592
2 0.45416666666666666 0.6930555555555555 0.021875 0.0712962962962963
2 0.88984375 0.6097222222222223 0.0171875 0.07685185185185185
2 0.3072916666666667 0.5884259259259259 0.017708333333333333 0.06574074074074074
2 0.2989583333333333 0.38935185185185184 0.011458333333333333 0.05277777777777778
2 0.6427083333333333 0.34305555555555556 0.014583333333333334 0.049074074074074076
2 0.5598958333333334 0.41712962962962963 0.0125 0.06388888888888888
2 0.24427083333333333 0.3439814814814815 0.0125 0.05277777777777778
2 0.17369791666666667 0.38842592592592595 0.0140625 0.05462962962962963
2 0.98125 0.4930555555555556 0.014583333333333334 0.06388888888888888
2 0.20833333333333334 0.35 0.011458333333333333 0.046296296296296294
2 0.3421875 0.2972222222222222 0.010416666666666666 0.03888888888888889
2 0.5044270833333333 0.37222222222222223 0.008854166666666666 0.053703703703703705
2 0.35078125 0.41574074074074074 0.011979166666666667 0.05925925925925926
2 0.40859375 0.3296296296296296 0.016145833333333335 0.04814814814814815
2 0.5213541666666667 0.35462962962962963 0.017708333333333333 0.044444444444444446
2 0.48125 0.21203703703703702 0.009375 0.03518518518518519
2 0.9606770833333333 0.5060185185185185 0.022395833333333334 0.06574074074074074
2 0.004216145833333334 0.40267592592592594 0.008432291666666668 0.05557407407407406
2 0.15911458333333334 0.3958333333333333 0.009895833333333333 0.04351851851851852
