2 0.32317708333333334 0.4310185185185185 0.018229166666666668 0.06759259259259259
2 0.13958333333333334 0.4736111111111111 0.015625 0.07314814814814814
2 0.09166666666666666 0.5481481481481482 0.013541666666666667 0.07037037037037037
2 0.31536458333333334 0.3990740740740741 0.0109375 0.05925925925925926
2 0.7666666666666667 0.8245370370370371 0.030208333333333334 0.10833333333333334
2 0.92578125 0.4300925925925926 0.016145833333333335 0.0712962962962963
2 0.3515625 0.5050925925925925 0.01875 0.06944444444444445
2 0.28541666666666665 0.29305555555555557 0.016666666666666666 0.058333333333333334
2 0.5846354166666666 0.1587962962962963 0.009895833333333333 0.041666666666666664
2 0.60546875 0.275 0.0140625 0.05555555555555555
2 0.25833333333333336 0.26805555555555555 0.014583333333333334 0.05092592592592592
2 0.24921875 0.3365740740740741 0.0140625 0.062037037037037036
2 0.82421875 0.22083333333333333 0.015104166666666667 0.049074074074074076
2 0.2682291666666667 0.19953703703703704 0.011458333333333333 0.03981481481481482
2 0.3421875 0.23055555555555557 0.009375 0.046296296296296294
2 0.45625 0.25092592592592594 0.013541666666666667 0.05
2 0.2825520833333333 0.3875 0.016145833333333335 0.06388888888888888
2 0.2682291666666667 0.17083333333333334 0.008333333333333333 0.032407407407407406
2 0.5575520833333333 0.19768518518518519 0.0140625 0.049074074074074076
2 0.27317708333333335 0.14166666666666666 0.009895833333333333 0.040740740740740744
2 0.7359375 0.23148148148148148 0.022916666666666665 0.044444444444444446
2 0.209375 0.3421296296296296 0.013541666666666667 0.058333333333333334
1 0.8223958333333333 0.2423611111111111 0.005208333333333333 0.00787037037037037
