2 0.35 0.46620370370370373 0.017708333333333333 0.07314814814814814
2 0.1234375 0.43657407407407406 0.020833333333333332 0.08055555555555556
2 0.184375 0.45694444444444443 0.016666666666666666 0.06759259259259259
2 0.31744791666666666 0.41435185185185186 0.016145833333333335 0.06759259259259259
2 0.7166666666666667 0.7861111111111111 0.026041666666666668 0.1
2 0.8869791666666667 0.42916666666666664 0.015625 0.0712962962962963
2 0.3216145833333333 0.49953703703703706 0.0171875 0.07685185185185185
2 0.30234375 0.3013888888888889 0.0140625 0.06018518518518518
2 0.6005208333333333 0.18935185185185185 0.0125 0.04351851851851852
2 0.57578125 0.29814814814814816 0.011979166666666667 0.06481481481481481
2 0.20520833333333333 0.2796296296296296 0.0125 0.053703703703703705
2 0.17786458333333333 0.3388888888888889 0.0140625 0.06481481481481481
2 0.81328125 0.23657407407407408 0.011979166666666667 0.05277777777777778
2 0.25338541666666664 0.21296296296296297 0.0109375 0.046296296296296294
2 0.3515625 0.26481481481481484 0.010416666666666666 0.05185185185185185
2 0.3763020833333333 0.26990740740740743 0.013020833333333334 0.05277777777777778
2 0.28098958333333335 0.4824074074074074 0.019270833333333334 0.07407407407407407
2 0.28828125 0.19444444444444445 0.009895833333333333 0.04814814814814815
2 0.46510416666666665 0.2 0.013541666666666667 0.040740740740740744
2 0.26276041666666666 0.15462962962962962 0.011979166666666667 0.040740740740740744
2 0.56328125 0.29398148148148145 0.016145833333333335 0.05462962962962963
2 0.19401041666666666 0.36157407407407405 0.013020833333333334 0.06759259259259259
1 0.6060416666666666 0.2113888888888889 0.003541666666666643 0.006851851851851857
