2 0.315625 0.43333333333333335 0.016666666666666666 0.07962962962962963
2 0.1546875 0.4652777777777778 0.023958333333333335 0.0824074074074074
2 0.13489583333333333 0.6046296296296296 0.020833333333333332 0.09074074074074075
2 0.37604166666666666 0.324537037037037 0.014583333333333334 0.06944444444444445
2 0.7703125 0.874537037037037 0.025 0.11203703703703703
2 0.8338541666666667 0.35185185185185186 0.021875 0.07222222222222222
2 0.35104166666666664 0.4824074074074074 0.01875 0.08518518518518518
2 0.35859375 0.24351851851851852 0.015104166666666667 0.06481481481481481
2 0.5953125 0.0962962962962963 0.008333333333333333 0.037037037037037035
2 0.5888020833333333 0.262037037037037 0.011979166666666667 0.06666666666666667
2 0.2994791666666667 0.20925925925925926 0.013541666666666667 0.05740740740740741
2 0.24739583333333334 0.28055555555555556 0.0125 0.06666666666666667
2 0.7557291666666667 0.18425925925925926 0.016666666666666666 0.04259259259259259
2 0.33697916666666666 0.1337962962962963 0.010416666666666666 0.04722222222222222
2 0.40390625 0.15231481481481482 0.0078125 0.05092592592592592
2 0.4671875 0.17685185185185184 0.011458333333333333 0.053703703703703705
2 0.39739583333333334 0.3861111111111111 0.015625 0.07222222222222222
2 0.39947916666666666 0.08981481481481482 0.0125 0.03888888888888889
2 0.46640625 0.13287037037037036 0.009895833333333333 0.04351851851851852
2 0.36276041666666664 0.07777777777777778 0.009895833333333333 0.040740740740740744
2 0.6427083333333333 0.24722222222222223 0.0125 0.05925925925925926
2 0.2609375 0.28194444444444444 0.015625 0.06388888888888888
1 0.740625 0.2 0.005208333333333333 0.009259259259259259
