2 0.50703125 0.5203703703703704 0.016145833333333335 0.07592592592592592
2 0.11953125 0.5773148148148148 0.0171875 0.08981481481481482
2 0.48359375 0.5976851851851852 0.021354166666666667 0.0787037037037037
2 0.2703125 0.5532407407407407 0.017708333333333333 0.08055555555555556
2 0.86953125 0.7888888888888889 0.025520833333333333 0.10185185185185185
2 0.9138020833333333 0.4699074074074074 0.011979166666666667 0.075
2 0.4630208333333333 0.6342592592592593 0.022916666666666665 0.08703703703703704
2 0.2890625 0.4041666666666667 0.0125 0.06759259259259259
2 0.690625 0.2125 0.010416666666666666 0.04722222222222222
2 0.6244791666666667 0.4013888888888889 0.009375 0.07314814814814814
2 0.165625 0.3685185185185185 0.016666666666666666 0.06296296296296296
2 0.11432291666666666 0.4583333333333333 0.013020833333333334 0.07592592592592592
2 0.8442708333333333 0.30925925925925923 0.014583333333333334 0.05555555555555555
2 0.2234375 0.274537037037037 0.013541666666666667 0.05277777777777778
2 0.5484375 0.3236111111111111 0.011458333333333333 0.05648148148148148
2 0.4205729166666667 0.325 0.009895833333333333 0.05925925925925926
2 0.26171875 0.6726851851851852 0.0203125 0.09166666666666666
2 0.4890625 0.2212962962962963 0.013541666666666667 0.046296296296296294
2 0.38177083333333334 0.27824074074074073 0.011458333333333333 0.05462962962962963
2 0.25442708333333336 0.1824074074074074 0.011979166666666667 0.046296296296296294
2 0.446875 0.5208333333333334 0.015625 0.08055555555555556
2 0.47161458333333334 0.4009259259259259 0.013020833333333334 0.06851851851851852
1 0.48020833333333335 0.4300925925925926 0.00625 0.012037037037037037
