2 0.5325520833333334 0.5166666666666667 0.0203125 0.07592592592592592
2 0.1125 0.5726851851851852 0.014583333333333334 0.08796296296296297
2 0.4908854166666667 0.5944444444444444 0.021354166666666667 0.07777777777777778
2 0.30442708333333335 0.5462962962962963 0.0171875 0.07777777777777778
2 0.8768229166666667 0.787962962962963 0.025520833333333333 0.10185185185185185
2 0.9015625 0.4666666666666667 0.015625 0.07407407407407407
2 0.47161458333333334 0.6282407407407408 0.0203125 0.08425925925925926
2 0.296875 0.399537037037037 0.0125 0.06759259259259259
2 0.7005208333333334 0.21064814814814814 0.011458333333333333 0.04722222222222222
2 0.6330729166666667 0.40046296296296297 0.0109375 0.06944444444444445
2 0.1734375 0.36435185185185187 0.017708333333333333 0.06388888888888888
2 0.11197916666666667 0.4638888888888889 0.014583333333333334 0.07592592592592592
2 0.8520833333333333 0.30694444444444446 0.014583333333333334 0.05462962962962963
2 0.23333333333333334 0.2712962962962963 0.009375 0.053703703703703705
2 0.5588541666666667 0.32037037037037036 0.013541666666666667 0.05555555555555555
2 0.428125 0.3212962962962963 0.009375 0.05925925925925926
2 0.26171875 0.6694444444444444 0.022395833333333334 0.09074074074074075
2 0.5018229166666667 0.21666666666666667 0.011979166666666667 0.04814814814814815
2 0.38984375 0.274537037037037 0.0109375 0.05462962962962963
2 0.26328125 0.17962962962962964 0.0109375 0.044444444444444446
2 0.44765625 0.5263888888888889 0.021354166666666667 0.06388888888888888
2 0.4786458333333333 0.3976851851851852 0.013541666666666667 0.06759259259259259
1 0.48776041666666664 0.42685185185185187 0.005729166666666666 0.011111111111111112
