2 0.41744791666666664 0.4837962962962963 0.0140625 0.062037037037037036
2 0.3268229166666667 0.47962962962962963 0.016145833333333335 0.05555555555555555
2 0.33229166666666665 0.5259259259259259 0.013541666666666667 0.06111111111111111
2 0.44505208333333335 0.43472222222222223 0.013020833333333334 0.05092592592592592
2 0.6778645833333333 0.6967592592592593 0.0203125 0.08055555555555556
2 0.8966145833333333 0.47129629629629627 0.0171875 0.053703703703703705
2 0.4354166666666667 0.49444444444444446 0.010416666666666666 0.05555555555555555
2 0.5216145833333333 0.3347222222222222 0.009895833333333333 0.049074074074074076
2 0.74765625 0.3212962962962963 0.0109375 0.044444444444444446
2 0.68671875 0.36203703703703705 0.0140625 0.046296296296296294
2 0.4552083333333333 0.3625 0.010416666666666666 0.04722222222222222
2 0.43723958333333335 0.4009259259259259 0.0109375 0.05185185185185185
2 0.9385416666666667 0.3819444444444444 0.010416666666666666 0.04722222222222222
2 0.5565104166666667 0.30574074074074076 0.009895833333333333 0.03851851851851854
2 0.6734375 0.3300925925925926 0.013541666666666667 0.041666666666666664
2 0.6268229166666667 0.3449074074074074 0.016145833333333335 0.04351851851851852
2 0.5721354166666667 0.41898148148148145 0.0171875 0.05277777777777778
2 0.6028645833333334 0.2962962962962963 0.011979166666666667 0.040740740740740744
2 0.6369791666666667 0.325 0.009375 0.037037037037037035
2 0.5557291666666667 0.2833333333333333 0.011458333333333333 0.03333333333333333
2 0.7567708333333333 0.3912037037037037 0.010416666666666666 0.049074074074074076
2 0.47109375 0.36157407407407405 0.009895833333333333 0.04722222222222222
2 0.1671875 0.40185185185185185 0.011458333333333333 0.05185185185185185
1 0.703125 0.3539351851851852 0.005208333333333333 0.005833333333333291
