2 0.36276041666666664 0.4398148148148148 0.0203125 0.06666666666666667
2 0.14583333333333334 0.7800925925925926 0.0375 0.10092592592592593
2 0.271875 0.5175925925925926 0.017708333333333333 0.07407407407407407
2 0.5307291666666667 0.663425925925926 0.030208333333333334 0.08611111111111111
2 0.8828125 0.7023148148148148 0.022916666666666665 0.09166666666666666
2 0.8723958333333334 0.4444444444444444 0.017708333333333333 0.07222222222222222
2 0.7869791666666667 0.7722222222222223 0.029166666666666667 0.1111111111111111
2 0.3151041666666667 0.30972222222222223 0.013541666666666667 0.058333333333333334
2 0.7942708333333334 0.2337962962962963 0.011458333333333333 0.049074074074074076
2 0.5401041666666667 0.34074074074074073 0.015625 0.06111111111111111
2 0.16197916666666667 0.24953703703703703 0.0125 0.049074074074074076
2 0.023697916666666666 0.38287037037037036 0.016145833333333335 0.062037037037037036
2 0.8286458333333333 0.3101851851851852 0.010416666666666666 0.05555555555555555
2 0.30911458333333336 0.18287037037037038 0.0109375 0.03981481481481482
2 0.33151041666666664 0.2537037037037037 0.0109375 0.04814814814814815
2 0.6161458333333333 0.21157407407407408 0.009375 0.04537037037037037
2 0.5453125 0.2912037037037037 0.0125 0.05462962962962963
2 0.5122395833333333 0.2162037037037037 0.0109375 0.04537037037037037
2 0.7580729166666667 0.2162037037037037 0.013020833333333334 0.04537037037037037
2 0.26979166666666665 0.13148148148148148 0.009375 0.03518518518518519
2 0.7403645833333333 0.30277777777777776 0.011979166666666667 0.05740740740740741
2 0.08723958333333333 0.3435185185185185 0.013020833333333334 0.06111111111111111
2 0.018229166666666668 0.29768518518518516 0.013541666666666667 0.058333333333333334
1 0.022976562500000002 0.3005787037037037 0.004255208333333334 0.007638888888888889
