2 0.3265625 0.44027777777777777 0.025 0.07685185185185185
2 0.061197916666666664 0.6240740740740741 0.0296875 0.09814814814814815
2 0.05364583333333333 0.7388888888888889 0.022916666666666665 0.10185185185185185
2 0.32005208333333335 0.3819444444444444 0.015104166666666667 0.06759259259259259
2 0.8153645833333333 0.7564814814814815 0.0296875 0.09814814814814815
2 0.7888020833333333 0.29768518518518516 0.013020833333333334 0.06388888888888888
2 0.46067708333333335 0.4722222222222222 0.024479166666666666 0.07777777777777778
2 0.2328125 0.2810185185185185 0.017708333333333333 0.06388888888888888
2 0.46953125 0.059722222222222225 0.011979166666666667 0.03981481481481482
2 0.5911458333333334 0.22546296296296298 0.014583333333333334 0.062037037037037036
2 0.19453125 0.2111111111111111 0.018229166666666668 0.053703703703703705
2 0.11588541666666667 0.33425925925925926 0.0171875 0.07222222222222222
2 0.6958333333333333 0.15648148148148147 0.011458333333333333 0.053703703703703705
2 0.20651041666666667 0.13935185185185187 0.013020833333333334 0.04722222222222222
2 0.30104166666666665 0.17453703703703705 0.010416666666666666 0.05092592592592592
2 0.36822916666666666 0.1912037037037037 0.008333333333333333 0.05277777777777778
2 0.31588541666666664 0.3625 0.013020833333333334 0.0712962962962963
2 0.25364583333333335 0.09027777777777778 0.011458333333333333 0.041666666666666664
2 0.38359375 0.12175925925925926 0.013020833333333334 0.04351851851851852
2 0.22317708333333333 0.05648148148148148 0.011979166666666667 0.037037037037037035
2 0.6127604166666667 0.22916666666666666 0.016145833333333335 0.049074074074074076
2 0.1703125 0.3365740740740741 0.013541666666666667 0.06944444444444445
1 0.6630208333333333 0.28055555555555556 0.00625 0.009259259259259259
