2 0.32838541666666665 0.3736111111111111 0.018229166666666668 0.058333333333333334
2 0.09895833333333333 0.5337962962962963 0.014583333333333334 0.0712962962962963
2 0.23229166666666667 0.44814814814814813 0.013541666666666667 0.06666666666666667
2 0.43802083333333336 0.4976851851851852 0.015625 0.06944444444444445
2 0.703125 0.6912037037037037 0.027083333333333334 0.08425925925925926
2 0.9057291666666667 0.4791666666666667 0.019791666666666666 0.06944444444444445
2 0.50859375 0.7421296296296296 0.024479166666666666 0.08796296296296297
2 0.30703125 0.2967592592592593 0.011979166666666667 0.05277777777777778
2 0.7401041666666667 0.2638888888888889 0.008333333333333333 0.040740740740740744
2 0.53125 0.31712962962962965 0.014583333333333334 0.06018518518518518
2 0.18072916666666666 0.24351851851851852 0.010416666666666666 0.046296296296296294
2 0.08359375 0.31851851851851853 0.011979166666666667 0.05555555555555555
2 0.8846354166666667 0.33425925925925926 0.008854166666666666 0.05925925925925926
2 0.26510416666666664 0.21296296296296297 0.016666666666666666 0.040740740740740744
2 0.36875 0.24027777777777778 0.0125 0.04351851851851852
2 0.5705729166666667 0.2199074074074074 0.0140625 0.04537037037037037
2 0.44244791666666666 0.3125 0.016145833333333335 0.05092592592592592
2 0.465625 0.22407407407407406 0.010416666666666666 0.04259259259259259
2 0.6627604166666666 0.2587962962962963 0.0171875 0.04537037037037037
2 0.37578125 0.12453703703703704 0.0078125 0.032407407407407406
2 0.7924479166666667 0.3388888888888889 0.0109375 0.05740740740740741
2 0.010677083333333334 0.33611111111111114 0.021354166666666667 0.053703703703703705
2 0.19479166666666667 0.29074074074074074 0.0125 0.053703703703703705
