2 0.7088541666666667 0.5981481481481481 0.019791666666666666 0.07592592592592592
2 0.48880208333333336 0.6652777777777777 0.021354166666666667 0.08611111111111111
2 0.5317708333333333 0.6162037037037037 0.016666666666666666 0.075
2 0.65078125 0.6782407407407407 0.0203125 0.08055555555555556
2 0.9294270833333333 0.6916666666666667 0.025520833333333333 0.08518518518518518
2 0.8572916666666667 0.5046296296296297 0.017708333333333333 0.06481481481481481
2 0.8783854166666667 0.711574074074074 0.0171875 0.08425925925925926
2 0.471875 0.45416666666666666 0.014583333333333334 0.06388888888888888
2 0.76875 0.34120370370370373 0.0125 0.049074074074074076
2 0.6997395833333333 0.4185185185185185 0.015104166666666667 0.06111111111111111
2 0.34088541666666666 0.35185185185185186 0.0140625 0.05185185185185185
2 0.25104166666666666 0.4875 0.021875 0.06759259259259259
2 0.80390625 0.4023148148148148 0.011979166666666667 0.058333333333333334
2 0.36640625 0.3189814814814815 0.008854166666666666 0.04537037037037037
2 0.48020833333333335 0.3625 0.009375 0.04722222222222222
2 0.6083333333333333 0.38564814814814813 0.0125 0.05277777777777778
2 0.5828125 0.3578703703703704 0.014583333333333334 0.05277777777777778
2 0.5080729166666667 0.3037037037037037 0.0109375 0.046296296296296294
2 0.6635416666666667 0.3282407407407407 0.009375 0.049074074074074076
2 0.3921875 0.2074074074074074 0.009375 0.03333333333333333
2 0.74375 0.4287037037037037 0.013541666666666667 0.05555555555555555
2 0.053385416666666664 0.41805555555555557 0.0140625 0.06018518518518518
