2 0.33671875 0.3902777777777778 0.018229166666666668 0.06574074074074074
2 0.23229166666666667 0.4263888888888889 0.019791666666666666 0.075
2 0.14895833333333333 0.6291666666666667 0.023958333333333335 0.08796296296296297
2 0.43697916666666664 0.39537037037037037 0.017708333333333333 0.06851851851851852
2 0.6450520833333333 0.7398148148148148 0.019270833333333334 0.09444444444444444
2 0.8143229166666667 0.44166666666666665 0.019270833333333334 0.06851851851851852
2 0.41875 0.5027777777777778 0.016666666666666666 0.07222222222222222
2 0.4744791666666667 0.3111111111111111 0.01875 0.05925925925925926
2 0.7140625 0.2125 0.013541666666666667 0.04351851851851852
2 0.6088541666666667 0.3175925925925926 0.015625 0.05925925925925926
2 0.3359375 0.2662037037037037 0.016666666666666666 0.05092592592592592
2 0.26848958333333334 0.30648148148148147 0.021354166666666667 0.053703703703703705
2 0.8809895833333333 0.34120370370370373 0.0140625 0.058333333333333334
2 0.2755208333333333 0.25324074074074077 0.0125 0.04351851851851852
2 0.3 0.23981481481481481 0.016666666666666666 0.044444444444444446
2 0.5348958333333333 0.27361111111111114 0.0125 0.05277777777777778
2 0.4903645833333333 0.3962962962962963 0.019270833333333334 0.06851851851851852
2 0.4317708333333333 0.18888888888888888 0.01875 0.044444444444444446
2 0.5067708333333333 0.2199074074074074 0.017708333333333333 0.04537037037037037
2 0.4895833333333333 0.13240740740740742 0.009375 0.03518518518518519
2 0.8393229166666667 0.3662037037037037 0.016145833333333335 0.06388888888888888
2 0.26171875 0.2972222222222222 0.0140625 0.05
2 0.15260416666666668 0.27361111111111114 0.016666666666666666 0.041666666666666664
