1 0.3294270833333333 0.3990740740740741 0.0140625 0.07407407407407407
1 0.18125 0.4074074074074074 0.021875 0.07592592592592592
1 0.16328125 0.5032407407407408 0.021354166666666667 0.08425925925925926
1 0.40182291666666664 0.2865740740740741 0.013020833333333334 0.062037037037037036
1 0.6947916666666667 0.8569444444444444 0.036458333333333336 0.11203703703703703
1 0.8104166666666667 0.36342592592592593 0.013541666666666667 0.06944444444444445
1 0.34375 0.4393518518518518 0.015625 0.075
1 0.4046875 0.2263888888888889 0.014583333333333334 0.06018518518518518
1 0.6552083333333333 0.12175925925925926 0.009375 0.04351851851851852
1 0.5609375 0.25324074074074077 0.016666666666666666 0.06388888888888888
1 0.32708333333333334 0.2050925925925926 0.0125 0.05462962962962963
1 0.2921875 0.25324074074074077 0.016666666666666666 0.062037037037037036
1 0.6838541666666667 0.18518518518518517 0.014583333333333334 0.046296296296296294
1 0.375 0.14027777777777778 0.008333333333333333 0.04722222222222222
1 0.43072916666666666 0.1537037037037037 0.010416666666666666 0.044444444444444446
1 0.49609375 0.17083333333333334 0.008854166666666666 0.049074074074074076
1 0.40625 0.3476851851851852 0.014583333333333334 0.06944444444444445
1 0.4231770833333333 0.10648148148148148 0.011979166666666667 0.040740740740740744
1 0.46953125 0.1388888888888889 0.013020833333333334 0.046296296296296294
1 0.40234375 0.09305555555555556 0.011979166666666667 0.03981481481481482
1 0.63046875 0.21435185185185185 0.013020833333333334 0.05277777777777778
1 0.3109375 0.2324074074074074 0.017708333333333333 0.05
1 0.66953125 0.2 0.0046875 0.009259259259259259
