1 0.3229166666666667 0.4222222222222222 0.016666666666666666 0.07592592592592592
1 0.16744791666666667 0.4476851851851852 0.0203125 0.0824074074074074
1 0.14583333333333334 0.5717592592592593 0.020833333333333332 0.08796296296296297
1 0.38776041666666666 0.30787037037037035 0.0140625 0.06574074074074074
1 0.75078125 0.8726851851851852 0.034895833333333334 0.1175925925925926
1 0.8315104166666667 0.35833333333333334 0.016145833333333335 0.07037037037037037
1 0.3502604166666667 0.4699074074074074 0.022395833333333334 0.0787037037037037
1 0.378125 0.23842592592592593 0.015625 0.06018518518518518
1 0.6135416666666667 0.10231481481481482 0.010416666666666666 0.03981481481481482
1 0.5833333333333334 0.25972222222222224 0.016666666666666666 0.06388888888888888
1 0.31276041666666665 0.2064814814814815 0.009895833333333333 0.05925925925925926
1 0.2638020833333333 0.2722222222222222 0.019270833333333334 0.06666666666666667
1 0.7354166666666667 0.18101851851851852 0.019791666666666666 0.04722222222222222
1 0.3541666666666667 0.13148148148148148 0.008333333333333333 0.046296296296296294
1 0.4166666666666667 0.15138888888888888 0.009375 0.04722222222222222
1 0.4786458333333333 0.17222222222222222 0.009375 0.05
1 0.40338541666666666 0.3736111111111111 0.0171875 0.07314814814814814
1 0.4078125 0.09351851851851851 0.010416666666666666 0.03888888888888889
1 0.4671875 0.13472222222222222 0.010416666666666666 0.04537037037037037
1 0.38203125 0.08148148148148149 0.0109375 0.03888888888888889
1 0.6393229166666666 0.23796296296296296 0.016145833333333335 0.05740740740740741
1 0.28177083333333336 0.25972222222222224 0.013541666666666667 0.058333333333333334
1 0.7145833333333333 0.19907407407407407 0.005208333333333333 0.009259259259259259
