2 0.4122395833333333 0.4532407407407407 0.013020833333333334 0.06018518518518518
2 0.2828125 0.46574074074074073 0.016666666666666666 0.06481481481481481
2 0.31979166666666664 0.48518518518518516 0.014583333333333334 0.05740740740740741
2 0.39348958333333334 0.41203703703703703 0.0171875 0.053703703703703705
2 0.71015625 0.6722222222222223 0.021354166666666667 0.08148148148148149
2 0.9192708333333334 0.4462962962962963 0.013541666666666667 0.053703703703703705
2 0.3807291666666667 0.47129629629629627 0.01875 0.05740740740740741
2 0.496875 0.30972222222222223 0.010416666666666666 0.041666666666666664
2 0.71015625 0.30185185185185187 0.0078125 0.03888888888888889
2 0.696875 0.3574074074074074 0.007291666666666667 0.04814814814814815
2 0.40520833333333334 0.350462962962963 0.013541666666666667 0.04722222222222222
2 0.39296875 0.3712962962962963 0.008854166666666666 0.04814814814814815
2 0.88046875 0.3800925925925926 0.011979166666666667 0.05092592592592592
2 0.534375 0.2875 0.0125 0.03425925925925926
2 0.63828125 0.3050925925925926 0.009895833333333333 0.03425925925925926
2 0.57421875 0.32037037037037036 0.0109375 0.040740740740740744
2 0.5419270833333333 0.41064814814814815 0.009895833333333333 0.05462962962962963
2 0.5604166666666667 0.2777777777777778 0.0125 0.03888888888888889
2 0.5924479166666666 0.29814814814814816 0.0078125 0.040740740740740744
2 0.51875 0.2638888888888889 0.008333333333333333 0.040740740740740744
2 0.80703125 0.3907407407407407 0.008854166666666666 0.05185185185185185
2 0.41848958333333336 0.34953703703703703 0.008854166666666666 0.049074074074074076
2 0.14817708333333332 0.38842592592592595 0.011979166666666667 0.04722222222222222
1 0.6307291666666667 0.3194444444444444 0.004166666666666667 0.007407407407407408
