2 0.5052083333333334 0.5231481481481481 0.01875 0.07592592592592592
2 0.08125 0.5879629629629629 0.022916666666666665 0.08888888888888889
2 0.3697916666666667 0.6180555555555556 0.030208333333333334 0.08425925925925926
2 0.3078125 0.5356481481481481 0.01875 0.08425925925925926
2 0.8440104166666667 0.8083333333333333 0.022395833333333334 0.10185185185185185
2 0.9221354166666667 0.475462962962963 0.016145833333333335 0.07314814814814814
2 0.4627604166666667 0.6023148148148149 0.0234375 0.08425925925925926
2 0.2833333333333333 0.412962962962963 0.015625 0.06111111111111111
2 0.6640625 0.21481481481481482 0.016666666666666666 0.04259259259259259
2 0.5997395833333333 0.3875 0.0140625 0.06574074074074074
2 0.16328125 0.36944444444444446 0.013020833333333334 0.06296296296296296
2 0.11380208333333333 0.45 0.016145833333333335 0.07592592592592592
2 0.8322916666666667 0.3074074074074074 0.013541666666666667 0.05555555555555555
2 0.2015625 0.2759259259259259 0.016666666666666666 0.05
2 0.47760416666666666 0.32314814814814813 0.0125 0.05
2 0.40989583333333335 0.3347222222222222 0.0125 0.058333333333333334
2 0.28411458333333334 0.6319444444444444 0.018229166666666668 0.09166666666666666
2 0.42473958333333334 0.22962962962962963 0.016145833333333335 0.044444444444444446
2 0.35182291666666665 0.274537037037037 0.011979166666666667 0.05092592592592592
2 0.2484375 0.18518518518518517 0.0125 0.04259259259259259
2 0.534375 0.44722222222222224 0.017708333333333333 0.06481481481481481
2 0.403125 0.4083333333333333 0.019791666666666666 0.05555555555555555
1 0.5854166666666667 0.41203703703703703 0.005208333333333333 0.009259259259259259
