2 0.3888020833333333 0.38842592592592595 0.015104166666666667 0.06574074074074074
2 0.15885416666666666 0.6990740740740741 0.01875 0.10185185185185185
2 0.3125 0.4722222222222222 0.022916666666666665 0.06851851851851852
2 0.5432291666666667 0.612037037037037 0.019791666666666666 0.08333333333333333
2 0.8973958333333333 0.6925925925925925 0.025 0.09074074074074075
2 0.9255208333333333 0.4439814814814815 0.017708333333333333 0.0712962962962963
2 0.7908854166666667 0.7976851851851852 0.024479166666666666 0.10092592592592593
2 0.35859375 0.2810185185185185 0.016145833333333335 0.05648148148148148
2 0.8390625 0.22870370370370371 0.008333333333333333 0.04814814814814815
2 0.5713541666666667 0.30787037037037035 0.009375 0.06018518518518518
2 0.19427083333333334 0.21805555555555556 0.014583333333333334 0.04351851851851852
2 0.08098958333333334 0.34074074074074073 0.0171875 0.05925925925925926
2 0.8947916666666667 0.31203703703703706 0.017708333333333333 0.05740740740740741
2 0.34817708333333336 0.16064814814814815 0.013020833333333334 0.03981481481481482
2 0.38619791666666664 0.22592592592592592 0.009895833333333333 0.04814814814814815
2 0.65703125 0.18101851851851852 0.009895833333333333 0.04351851851851852
2 0.5848958333333333 0.2759259259259259 0.010416666666666666 0.05185185185185185
2 0.5546875 0.20324074074074075 0.014583333333333334 0.04351851851851852
2 0.7963541666666667 0.20555555555555555 0.008333333333333333 0.046296296296296294
2 0.33880208333333334 0.11018518518518519 0.008854166666666666 0.037037037037037035
2 0.7950520833333333 0.3074074074074074 0.0109375 0.05740740740740741
2 0.15 0.3143518518518518 0.01875 0.058333333333333334
2 0.12005208333333334 0.26666666666666666 0.0140625 0.053703703703703705
