1 0.5802083333333333 0.5527777777777778 0.023958333333333335 0.07592592592592592
1 0.38333333333333336 0.7185185185185186 0.027083333333333334 0.09259259259259259
1 0.40390625 0.5939814814814814 0.0234375 0.0787037037037037
1 0.6049479166666667 0.6828703703703703 0.0140625 0.08611111111111111
1 0.92578125 0.6976851851851852 0.028645833333333332 0.08611111111111111
1 0.87265625 0.4634259259259259 0.0109375 0.06759259259259259
1 0.8528645833333334 0.7361111111111112 0.028645833333333332 0.08703703703703704
1 0.41640625 0.38657407407407407 0.016145833333333335 0.062037037037037036
1 0.7619791666666667 0.2800925925925926 0.009375 0.04722222222222222
1 0.6557291666666667 0.39166666666666666 0.017708333333333333 0.06481481481481481
1 0.2864583333333333 0.31527777777777777 0.014583333333333334 0.05462962962962963
1 0.14296875 0.45185185185185184 0.018229166666666668 0.06666666666666667
1 0.81953125 0.3560185185185185 0.013020833333333334 0.05648148148148148
1 0.33619791666666665 0.2671296296296296 0.009895833333333333 0.04537037037037037
1 0.4075520833333333 0.3212962962962963 0.0171875 0.044444444444444446
1 0.6026041666666667 0.31527777777777777 0.009375 0.049074074074074076
1 0.55625 0.3282407407407407 0.015625 0.05092592592592592
1 0.51171875 0.26851851851851855 0.013020833333333334 0.046296296296296294
1 0.7119791666666667 0.275 0.008333333333333333 0.044444444444444446
1 0.34817708333333336 0.17916666666666667 0.009895833333333333 0.03981481481481482
1 0.7091145833333333 0.337037037037037 0.0140625 0.05
1 0.05520833333333333 0.3925925925925926 0.0125 0.06111111111111111
