2 0.51875 0.5254629629629629 0.025 0.07314814814814814
2 0.09401041666666667 0.5893518518518519 0.024479166666666666 0.08796296296296297
2 0.40546875 0.6180555555555556 0.0265625 0.0824074074074074
2 0.2872395833333333 0.5462962962962963 0.028645833333333332 0.07777777777777778
2 0.8513020833333333 0.8055555555555556 0.0234375 0.10555555555555556
2 0.9127604166666666 0.4777777777777778 0.0171875 0.07407407407407407
2 0.4627604166666667 0.6226851851851852 0.018229166666666668 0.08981481481481482
2 0.2828125 0.41435185185185186 0.015625 0.062037037037037036
2 0.6684895833333333 0.2162037037037037 0.015104166666666667 0.04351851851851852
2 0.6075520833333333 0.40324074074074073 0.0140625 0.06944444444444445
2 0.16197916666666667 0.37175925925925923 0.011458333333333333 0.06388888888888888
2 0.11458333333333333 0.4546296296296296 0.016666666666666666 0.07407407407407407
2 0.8348958333333333 0.3101851851851852 0.011458333333333333 0.05555555555555555
2 0.20651041666666667 0.27870370370370373 0.011979166666666667 0.05
2 0.49609375 0.325 0.0140625 0.05185185185185185
2 0.41354166666666664 0.3351851851851852 0.010416666666666666 0.05740740740740741
2 0.28177083333333336 0.6388888888888888 0.01875 0.08888888888888889
2 0.44427083333333334 0.2337962962962963 0.015625 0.03981481481481482
2 0.359375 0.2773148148148148 0.010416666666666666 0.05277777777777778
2 0.25052083333333336 0.1875 0.011458333333333333 0.041666666666666664
2 0.5166666666666667 0.4726851851851852 0.019791666666666666 0.058333333333333334
2 0.4278645833333333 0.4097222222222222 0.019270833333333334 0.06018518518518518
1 0.5916666666666667 0.41898148148148145 0.005208333333333333 0.008333333333333333
