2 0.3888020833333333 0.3736111111111111 0.015104166666666667 0.06388888888888888
2 0.15963541666666667 0.6685185185185185 0.022395833333333334 0.0962962962962963
2 0.30182291666666666 0.4685185185185185 0.022395833333333334 0.07037037037037037
2 0.53359375 0.5916666666666667 0.0203125 0.08333333333333333
2 0.8854166666666666 0.687962962962963 0.027083333333333334 0.09259259259259259
2 0.9268229166666667 0.44166666666666665 0.016145833333333335 0.07222222222222222
2 0.7661458333333333 0.8097222222222222 0.025 0.10462962962962963
2 0.35651041666666666 0.2740740740740741 0.018229166666666668 0.05555555555555555
2 0.83984375 0.23055555555555557 0.008854166666666666 0.04814814814814815
2 0.571875 0.30092592592592593 0.020833333333333332 0.06111111111111111
2 0.1921875 0.21342592592592594 0.010416666666666666 0.049074074074074076
2 0.07890625 0.3314814814814815 0.0171875 0.05925925925925926
2 0.909375 0.31527777777777777 0.013541666666666667 0.058333333333333334
2 0.3419270833333333 0.16018518518518518 0.0078125 0.040740740740740744
2 0.39479166666666665 0.2212962962962963 0.008333333333333333 0.04814814814814815
2 0.6486979166666667 0.175 0.009895833333333333 0.04259259259259259
2 0.5776041666666667 0.2671296296296296 0.0125 0.04537037037037037
2 0.5502604166666667 0.19953703703703704 0.013020833333333334 0.04351851851851852
2 0.7901041666666667 0.2064814814814815 0.0125 0.04814814814814815
2 0.34739583333333335 0.1037037037037037 0.009375 0.037037037037037035
2 0.79921875 0.30925925925925923 0.011979166666666667 0.05740740740740741
2 0.14114583333333333 0.3125 0.014583333333333334 0.058333333333333334
2 0.13333333333333333 0.2611111111111111 0.015625 0.053703703703703705
