2 0.34348958333333335 0.3648148148148148 0.0203125 0.06111111111111111
2 0.11171875 0.5560185185185185 0.024479166666666666 0.0787037037037037
2 0.2359375 0.4537037037037037 0.011458333333333333 0.07037037037037037
2 0.4505208333333333 0.5115740740740741 0.017708333333333333 0.075
2 0.7479166666666667 0.6805555555555556 0.026041666666666668 0.08888888888888889
2 0.8979166666666667 0.46111111111111114 0.019791666666666666 0.07222222222222222
2 0.5533854166666666 0.7555555555555555 0.03177083333333333 0.09074074074074075
2 0.31015625 0.28703703703703703 0.0109375 0.05555555555555555
2 0.7598958333333333 0.25324074074074077 0.009375 0.04722222222222222
2 0.53828125 0.30972222222222223 0.009895833333333333 0.06018518518518518
2 0.17447916666666666 0.23564814814814813 0.015625 0.04722222222222222
2 0.06796875 0.3194444444444444 0.011979166666666667 0.05740740740740741
2 0.88125 0.324537037037037 0.011458333333333333 0.05462962962962963
2 0.27447916666666666 0.19907407407407407 0.015625 0.04259259259259259
2 0.38125 0.23796296296296296 0.010416666666666666 0.046296296296296294
2 0.5760416666666667 0.20277777777777778 0.010416666666666666 0.044444444444444446
2 0.465625 0.29907407407407405 0.01875 0.053703703703703705
2 0.47630208333333335 0.21388888888888888 0.016145833333333335 0.046296296296296294
2 0.68515625 0.25046296296296294 0.011979166666666667 0.04537037037037037
2 0.3625 0.11851851851851852 0.008333333333333333 0.03333333333333333
2 0.7802083333333333 0.3351851851851852 0.0125 0.05925925925925926
2 0.02578125 0.3333333333333333 0.0140625 0.05555555555555555
2 0.17890625 0.2824074074074074 0.009895833333333333 0.053703703703703705
