2 0.38177083333333334 0.38333333333333336 0.021875 0.06481481481481481
2 0.26197916666666665 0.44351851851851853 0.01875 0.07777777777777778
2 0.15859375 0.6620370370370371 0.022395833333333334 0.08703703703703704
2 0.47109375 0.387037037037037 0.013020833333333334 0.06851851851851852
2 0.68515625 0.7611111111111111 0.025520833333333333 0.1037037037037037
2 0.83125 0.40879629629629627 0.014583333333333334 0.06944444444444445
2 0.44114583333333335 0.4930555555555556 0.01875 0.075
2 0.52265625 0.2962962962962963 0.0203125 0.05925925925925926
2 0.7455729166666667 0.18055555555555555 0.0078125 0.044444444444444446
2 0.6494791666666667 0.2949074074074074 0.020833333333333332 0.062037037037037036
2 0.3846354166666667 0.23657407407407408 0.013020833333333334 0.04722222222222222
2 0.33489583333333334 0.3013888888888889 0.019791666666666666 0.05462962962962963
2 0.89140625 0.30416666666666664 0.019270833333333334 0.05648148148148148
2 0.34658593749999994 0.2199074074074074 0.010838541666666698 0.04583333333333333
2 0.353125 0.2175925925925926 0.019791666666666666 0.05
2 0.5684895833333333 0.25092592592592594 0.013020833333333334 0.053703703703703705
2 0.53828125 0.37962962962962965 0.016145833333333335 0.06481481481481481
2 0.48072916666666665 0.1574074074074074 0.013541666666666667 0.04259259259259259
2 0.56015625 0.19490740740740742 0.0140625 0.04537037037037037
2 0.5333333333333333 0.10972222222222222 0.009375 0.03981481481481482
2 0.81328125 0.32916666666666666 0.0140625 0.06388888888888888
2 0.33880208333333334 0.2833333333333333 0.016145833333333335 0.04814814814814815
2 0.16692708333333334 0.2388888888888889 0.009895833333333333 0.05
1 0.3450520833333333 0.21296296296296297 0.005729166666666666 0.009259259259259259
