2 0.42552083333333335 0.41388888888888886 0.014583333333333334 0.06111111111111111
2 0.23802083333333332 0.3888888888888889 0.014583333333333334 0.05925925925925926
2 0.27838541666666666 0.40324074074074073 0.016145833333333335 0.058333333333333334
2 0.4354166666666667 0.34953703703703703 0.0125 0.05462962962962963
2 0.7619791666666667 0.7037037037037037 0.019791666666666666 0.0962962962962963
2 0.9322916666666666 0.40185185185185185 0.021875 0.06111111111111111
2 0.38385416666666666 0.42824074074074076 0.014583333333333334 0.062037037037037036
2 0.49661458333333336 0.25462962962962965 0.009895833333333333 0.040740740740740744
2 0.7234375 0.25462962962962965 0.010416666666666666 0.040740740740740744
2 0.6606770833333333 0.30833333333333335 0.015104166666666667 0.05
2 0.4078125 0.2662037037037037 0.0125 0.04722222222222222
2 0.35078125 0.3143518518518518 0.019270833333333334 0.049074074074074076
2 0.8671875 0.325 0.009375 0.05
2 0.5184895833333333 0.22824074074074074 0.008854166666666666 0.03611111111111111
2 0.553125 0.2518518518518518 0.013541666666666667 0.040740740740740744
2 0.5765625 0.28055555555555556 0.010416666666666666 0.046296296296296294
2 0.5208333333333334 0.37453703703703706 0.0125 0.06018518518518518
2 0.5494791666666666 0.21851851851851853 0.010416666666666666 0.03333333333333333
2 0.52890625 0.24074074074074073 0.013020833333333334 0.040740740740740744
2 0.5020833333333333 0.2050925925925926 0.010416666666666666 0.03611111111111111
2 0.8502604166666666 0.33194444444444443 0.0078125 0.05277777777777778
2 0.3190104166666667 0.27175925925925926 0.011979166666666667 0.04351851851851852
2 0.1234375 0.32407407407407407 0.011458333333333333 0.053703703703703705
1 0.5457682291666667 0.23296296296296298 0.0037760416666666667 0.005925925925925931
