2 0.32786458333333335 0.4060185185185185 0.016145833333333335 0.075
2 0.17864583333333334 0.4199074074074074 0.020833333333333332 0.0787037037037037
2 0.15755208333333334 0.525 0.018229166666666668 0.08333333333333333
2 0.39765625 0.2912037037037037 0.015104166666666667 0.062037037037037036
2 0.7135416666666666 0.8629629629629629 0.035416666666666666 0.11481481481481481
2 0.8177083333333334 0.3638888888888889 0.014583333333333334 0.06851851851851852
2 0.34479166666666666 0.449537037037037 0.01875 0.075
2 0.3984375 0.22962962962962963 0.016666666666666666 0.05925925925925926
2 0.64453125 0.11574074074074074 0.008854166666666666 0.040740740740740744
2 0.5682291666666667 0.2569444444444444 0.0125 0.06574074074074074
2 0.3260416666666667 0.20694444444444443 0.014583333333333334 0.05462962962962963
2 0.28958333333333336 0.2564814814814815 0.01875 0.06111111111111111
2 0.7033854166666667 0.1814814814814815 0.0171875 0.04814814814814815
2 0.36953125 0.13703703703703704 0.0140625 0.044444444444444446
2 0.42916666666666664 0.15138888888888888 0.010416666666666666 0.04351851851851852
2 0.4903645833333333 0.17175925925925925 0.008854166666666666 0.049074074074074076
2 0.40520833333333334 0.35555555555555557 0.016666666666666666 0.07037037037037037
2 0.41770833333333335 0.10092592592592593 0.009375 0.04259259259259259
2 0.46979166666666666 0.13564814814814816 0.011458333333333333 0.04537037037037037
2 0.396875 0.08842592592592592 0.010416666666666666 0.041666666666666664
2 0.6309895833333333 0.22685185185185186 0.0109375 0.053703703703703705
2 0.30755208333333334 0.2412037037037037 0.015104166666666667 0.05462962962962963
1 0.6796875 0.19907407407407407 0.005208333333333333 0.009259259259259259
