2 0.5065104166666666 0.5212962962962963 0.016145833333333335 0.07777777777777778
2 0.08333333333333333 0.5884259259259259 0.023958333333333335 0.08981481481481482
2 0.3765625 0.6194444444444445 0.027083333333333334 0.08518518518518518
2 0.30494791666666665 0.538425925925926 0.019270833333333334 0.0824074074074074
2 0.8455729166666667 0.8083333333333333 0.021354166666666667 0.1037037037037037
2 0.9213541666666667 0.4759259259259259 0.015625 0.07407407407407407
2 0.46328125 0.6060185185185185 0.022395833333333334 0.08425925925925926
2 0.2833333333333333 0.412962962962963 0.015625 0.06111111111111111
2 0.6666666666666666 0.2152777777777778 0.016666666666666666 0.04351851851851852
2 0.6013020833333333 0.3912037037037037 0.013020833333333334 0.06574074074074074
2 0.16302083333333334 0.3699074074074074 0.0125 0.06388888888888888
2 0.11328125 0.4513888888888889 0.0140625 0.075
2 0.83203125 0.3087962962962963 0.013020833333333334 0.05462962962962963
2 0.20338541666666668 0.2773148148148148 0.0171875 0.049074074074074076
2 0.48098958333333336 0.32407407407407407 0.013020833333333334 0.05
2 0.41067708333333336 0.33611111111111114 0.011979166666666667 0.05740740740740741
2 0.2838541666666667 0.6333333333333333 0.01875 0.09074074074074075
2 0.42734375 0.23055555555555557 0.0140625 0.04259259259259259
2 0.35260416666666666 0.2759259259259259 0.011458333333333333 0.05185185185185185
2 0.24895833333333334 0.18611111111111112 0.0125 0.04259259259259259
2 0.5328125 0.4532407407407407 0.016666666666666666 0.06759259259259259
2 0.40677083333333336 0.4097222222222222 0.017708333333333333 0.05462962962962963
1 0.5859375 0.41388888888888886 0.005208333333333333 0.009259259259259259
