1 0.68515625 0.5953703703703703 0.024479166666666666 0.07222222222222222
1 0.47317708333333336 0.6722222222222223 0.0265625 0.08518518518518518
1 0.5109375 0.6180555555555556 0.014583333333333334 0.07314814814814814
1 0.6401041666666667 0.6791666666666667 0.014583333333333334 0.0824074074074074
1 0.9252604166666667 0.6930555555555555 0.0234375 0.08425925925925926
1 0.8559895833333333 0.4962962962962963 0.015104166666666667 0.06296296296296296
1 0.8734375 0.7189814814814814 0.019791666666666666 0.08611111111111111
1 0.45989583333333334 0.44537037037037036 0.0125 0.06111111111111111
1 0.765625 0.3296296296296296 0.011458333333333333 0.04814814814814815
1 0.6932291666666667 0.412962962962963 0.01875 0.05925925925925926
1 0.3294270833333333 0.3458333333333333 0.016145833333333335 0.05277777777777778
1 0.23203125 0.48009259259259257 0.0171875 0.06759259259259259
1 0.8026041666666667 0.39537037037037037 0.0125 0.05740740740740741
1 0.3580729166666667 0.31203703703703706 0.008854166666666666 0.046296296296296294
1 0.46432291666666664 0.3560185185185185 0.0140625 0.049074074074074076
1 0.6026041666666667 0.375 0.011458333333333333 0.05555555555555555
1 0.575 0.35324074074074074 0.013541666666666667 0.049074074074074076
1 0.50546875 0.29768518518518516 0.008854166666666666 0.04537037037037037
1 0.6690104166666667 0.3189814814814815 0.009895833333333333 0.049074074074074076
1 0.3848958333333333 0.20416666666666666 0.011458333333333333 0.03796296296296296
1 0.7325520833333333 0.4134259259259259 0.011979166666666667 0.05648148148148148
1 0.053125 0.4162037037037037 0.01875 0.06018518518518518
