2 0.43385416666666665 0.48703703703703705 0.014583333333333334 0.05925925925925926
2 0.390625 0.48009259259259257 0.015625 0.06574074074074074
2 0.31666666666666665 0.5879629629629629 0.014583333333333334 0.06666666666666667
2 0.5182291666666666 0.44027777777777777 0.011458333333333333 0.05462962962962963
2 0.6697916666666667 0.7375 0.021875 0.08796296296296297
2 0.9213541666666667 0.49027777777777776 0.013541666666666667 0.062037037037037036
2 0.5010416666666667 0.5092592592592593 0.013541666666666667 0.05925925925925926
2 0.5622395833333333 0.34444444444444444 0.013020833333333334 0.04814814814814815
2 0.76875 0.30462962962962964 0.010416666666666666 0.03888888888888889
2 0.6817708333333333 0.3662037037037037 0.010416666666666666 0.05092592592592592
2 0.5171875 0.3472222222222222 0.010416666666666666 0.04259259259259259
2 0.48151041666666666 0.4009259259259259 0.013020833333333334 0.05555555555555555
2 0.9252604166666667 0.3587962962962963 0.011979166666666667 0.04722222222222222
2 0.5833333333333334 0.2986111111111111 0.008333333333333333 0.03796296296296296
2 0.6552083333333333 0.33194444444444443 0.009375 0.04537037037037037
2 0.6619791666666667 0.3402777777777778 0.009375 0.04722222222222222
2 0.6 0.4060185185185185 0.0125 0.05277777777777778
2 0.6294270833333333 0.2851851851851852 0.011979166666666667 0.037037037037037035
2 0.6815104166666667 0.3143518518518518 0.009895833333333333 0.04351851851851852
2 0.5965729166666667 0.2656759259259259 0.01015625 0.0375
2 0.7434895833333334 0.37777777777777777 0.0140625 0.04814814814814815
2 0.51015625 0.35555555555555557 0.008854166666666666 0.046296296296296294
2 0.18385416666666668 0.3907407407407407 0.014583333333333334 0.053703703703703705
1 0.8932291666666666 0.37453703703703706 0.005208333333333333 0.010185185185185186
