2 0.3770833333333333 0.47314814814814815 0.023958333333333335 0.08148148148148149
2 0.13802083333333334 0.6064814814814815 0.01875 0.0962962962962963
2 0.14270833333333333 0.7319444444444444 0.028125 0.09907407407407408
2 0.3815104166666667 0.4101851851851852 0.009895833333333333 0.06666666666666667
2 0.8763020833333334 0.8398148148148148 0.019270833333333334 0.10555555555555556
2 0.8861979166666667 0.34953703703703703 0.018229166666666668 0.06388888888888888
2 0.47734375 0.5120370370370371 0.013020833333333334 0.08148148148148149
2 0.3177083333333333 0.29768518518518516 0.014583333333333334 0.06388888888888888
2 0.571875 0.08703703703703704 0.0125 0.040740740740740744
2 0.6841145833333333 0.26851851851851855 0.015104166666666667 0.06111111111111111
2 0.27057291666666666 0.23148148148148148 0.0140625 0.05740740740740741
2 0.20598958333333334 0.3384259259259259 0.016145833333333335 0.06944444444444445
2 0.80390625 0.18935185185185185 0.0171875 0.05092592592592592
2 0.3015625 0.1527777777777778 0.010416666666666666 0.04814814814814815
2 0.39166666666666666 0.1814814814814815 0.009375 0.04814814814814815
2 0.43828125 0.21064814814814814 0.0109375 0.05462962962962963
2 0.39869791666666665 0.39537037037037037 0.016145833333333335 0.07222222222222222
2 0.35182291666666665 0.10555555555555556 0.011979166666666667 0.044444444444444446
2 0.46979166666666666 0.14907407407407408 0.013541666666666667 0.046296296296296294
2 0.32317708333333334 0.07407407407407407 0.008854166666666666 0.03333333333333333
2 0.68828125 0.28564814814814815 0.021354166666666667 0.06018518518518518
2 0.2515625 0.35 0.014583333333333334 0.07037037037037037
1 0.85625 0.36203703703703705 0.005208333333333333 0.009259259259259259
