1 0.3333333333333333 0.4398148148148148 0.020833333333333332 0.07777777777777778
1 0.06666666666666667 0.6125 0.017708333333333333 0.10092592592592593
1 0.06822916666666666 0.7282407407407407 0.027083333333333334 0.09351851851851851
1 0.3263020833333333 0.3861111111111111 0.0171875 0.06481481481481481
1 0.8208333333333333 0.7615740740740741 0.017708333333333333 0.09907407407407408
1 0.8026041666666667 0.30277777777777776 0.015625 0.06481481481481481
1 0.4591145833333333 0.46944444444444444 0.018229166666666668 0.07962962962962963
1 0.24505208333333334 0.2810185185185185 0.018229166666666668 0.062037037037037036
1 0.4817708333333333 0.062037037037037036 0.008333333333333333 0.040740740740740744
1 0.6072916666666667 0.22824074074074074 0.011458333333333333 0.062037037037037036
1 0.20807291666666666 0.2111111111111111 0.021354166666666667 0.053703703703703705
1 0.12708333333333333 0.3347222222222222 0.013541666666666667 0.06944444444444445
1 0.7096354166666666 0.16157407407407406 0.011979166666666667 0.05092592592592592
1 0.21901041666666668 0.1388888888888889 0.009895833333333333 0.04814814814814815
1 0.3138020833333333 0.1726851851851852 0.0109375 0.049074074074074076
1 0.378125 0.19074074074074074 0.013541666666666667 0.05185185185185185
1 0.32787760416666667 0.3614583333333333 0.012630208333333334 0.06708333333333337
1 0.2669270833333333 0.0912037037037037 0.009895833333333333 0.041666666666666664
1 0.3927083333333333 0.12361111111111112 0.009375 0.04537037037037037
1 0.23619791666666667 0.05694444444444444 0.0109375 0.03611111111111111
1 0.62109375 0.2351851851851852 0.015104166666666667 0.053703703703703705
1 0.18385416666666668 0.3375 0.01875 0.06759259259259259
1 0.7119791666666667 0.3 0.007291666666666667 0.009259259259259259
