2 0.33229166666666665 0.36944444444444446 0.017708333333333333 0.06111111111111111
2 0.09947916666666666 0.5453703703703704 0.021875 0.07777777777777778
2 0.23255208333333333 0.45185185185185184 0.0203125 0.06481481481481481
2 0.4401041666666667 0.5046296296296297 0.017708333333333333 0.07222222222222222
2 0.7171875 0.6861111111111111 0.03229166666666667 0.08888888888888889
2 0.9 0.46620370370370373 0.0125 0.0712962962962963
2 0.52265625 0.7449074074074075 0.030729166666666665 0.08981481481481482
2 0.30546875 0.29305555555555557 0.016145833333333335 0.05277777777777778
2 0.74296875 0.25925925925925924 0.0140625 0.044444444444444446
2 0.5330729166666667 0.31666666666666665 0.0171875 0.05740740740740741
2 0.175 0.24027777777777778 0.0125 0.04537037037037037
2 0.0765625 0.3194444444444444 0.014583333333333334 0.053703703703703705
2 0.878125 0.33194444444444443 0.0125 0.05277777777777778
2 0.265625 0.20879629629629629 0.013541666666666667 0.03981481481481482
2 0.37083333333333335 0.23796296296296296 0.016666666666666666 0.044444444444444446
2 0.5697916666666667 0.21342592592592594 0.009375 0.04351851851851852
2 0.44921875 0.3060185185185185 0.021354166666666667 0.05277777777777778
2 0.4666666666666667 0.21898148148148147 0.016666666666666666 0.04351851851851852
2 0.6690104166666667 0.2564814814814815 0.011979166666666667 0.046296296296296294
2 0.36796875 0.12222222222222222 0.008854166666666666 0.03518518518518519
2 0.7830729166666667 0.337037037037037 0.0140625 0.05555555555555555
2 0.013541666666666667 0.3351851851851852 0.0125 0.05555555555555555
2 0.18645833333333334 0.287962962962963 0.013541666666666667 0.053703703703703705
