2 0.4200520833333333 0.3925925925925926 0.016145833333333335 0.06851851851851852
2 0.2869791666666667 0.4638888888888889 0.01875 0.07407407407407407
2 0.17057291666666666 0.7097222222222223 0.0234375 0.09722222222222222
2 0.5075520833333333 0.3851851851851852 0.0203125 0.06851851851851852
2 0.7205729166666667 0.7851851851851852 0.0265625 0.11481481481481481
2 0.8348958333333333 0.38935185185185184 0.011458333333333333 0.06759259259259259
2 0.45677083333333335 0.49722222222222223 0.020833333333333332 0.08148148148148149
2 0.55703125 0.2949074074074074 0.0140625 0.06018518518518518
2 0.7700520833333333 0.15462962962962962 0.016145833333333335 0.04259259259259259
2 0.68046875 0.2851851851851852 0.0109375 0.06296296296296296
2 0.42552083333333335 0.23472222222222222 0.015625 0.05277777777777778
2 0.38958333333333334 0.30972222222222223 0.01875 0.058333333333333334
2 0.9088541666666666 0.27824074074074073 0.022916666666666665 0.05648148148148148
2 0.43255208333333334 0.2 0.016145833333333335 0.04259259259259259
2 0.42682291666666666 0.21203703703703702 0.016145833333333335 0.04259259259259259
2 0.5924479166666666 0.2351851851851852 0.016145833333333335 0.05555555555555555
2 0.5736979166666667 0.3638888888888889 0.021354166666666667 0.06851851851851852
2 0.534375 0.13796296296296295 0.011458333333333333 0.03888888888888889
2 0.6140625 0.17407407407407408 0.016666666666666666 0.03888888888888889
2 0.5729166666666666 0.09814814814814815 0.010416666666666666 0.03148148148148148
2 0.78046875 0.29953703703703705 0.0109375 0.062037037037037036
2 0.4083333333333333 0.2847222222222222 0.021875 0.05462962962962963
2 0.17395833333333333 0.22546296296296298 0.010416666666666666 0.05462962962962963
1 0.46979166666666666 0.14583333333333334 0.00625 0.010185185185185186
