2 0.3692708333333333 0.45046296296296295 0.017708333333333333 0.06944444444444445
2 0.159375 0.7893518518518519 0.026041666666666668 0.10092592592592593
2 0.26640625 0.5254629629629629 0.022395833333333334 0.07314814814814814
2 0.5346354166666667 0.6685185185185185 0.0203125 0.09074074074074075
2 0.8846354166666667 0.7032407407407407 0.027604166666666666 0.09166666666666666
2 0.8666666666666667 0.44351851851851853 0.015625 0.07222222222222222
2 0.7885416666666667 0.7685185185185185 0.029166666666666667 0.11481481481481481
2 0.3143229166666667 0.31527777777777777 0.0203125 0.05648148148148148
2 0.7885416666666667 0.2361111111111111 0.009375 0.05
2 0.5403645833333334 0.3453703703703704 0.0203125 0.06481481481481481
2 0.16432291666666668 0.2574074074074074 0.009895833333333333 0.04814814814814815
2 0.022916666666666665 0.38842592592592595 0.017708333333333333 0.06388888888888888
2 0.8236979166666667 0.3125 0.015104166666666667 0.05462962962962963
2 0.30520833333333336 0.1875 0.009375 0.03981481481481482
2 0.328125 0.2611111111111111 0.013541666666666667 0.046296296296296294
2 0.61015625 0.21851851851851853 0.0078125 0.044444444444444446
2 0.53828125 0.2949074074074074 0.011979166666666667 0.05648148148148148
2 0.5078125 0.21851851851851853 0.010416666666666666 0.046296296296296294
2 0.7520833333333333 0.21944444444444444 0.009375 0.046296296296296294
2 0.2669270833333333 0.13518518518518519 0.009895833333333333 0.03888888888888889
2 0.7338541666666667 0.30185185185185187 0.011458333333333333 0.05740740740740741
2 0.08177083333333333 0.3486111111111111 0.017708333333333333 0.062037037037037036
2 0.006510416666666667 0.30277777777777776 0.013020833333333334 0.05740740740740741
1 0.008299479166666667 0.2856805555555556 0.004598958333333334 0.008564814814814815
