1 0.3421875 0.37175925925925923 0.013541666666666667 0.04722222222222222
1 0.19609375 0.38101851851851853 0.019270833333333334 0.06944444444444445
1 0.1734375 0.44305555555555554 0.022916666666666665 0.0712962962962963
1 0.41067708333333336 0.2810185185185185 0.0171875 0.058333333333333334
1 0.6528645833333333 0.8324074074074074 0.025520833333333333 0.10925925925925926
1 0.79140625 0.3587962962962963 0.021354166666666667 0.06574074074074074
1 0.3497395833333333 0.41898148148148145 0.0234375 0.06574074074074074
1 0.41744791666666664 0.2222222222222222 0.016145833333333335 0.05185185185185185
1 0.6799479166666667 0.14027777777777778 0.011979166666666667 0.04351851851851852
1 0.5484375 0.24953703703703703 0.016666666666666666 0.058333333333333334
1 0.328125 0.20324074074074075 0.015625 0.049074074074074076
1 0.2994791666666667 0.24675925925925926 0.020833333333333332 0.062037037037037036
1 0.65 0.1962962962962963 0.014583333333333334 0.04259259259259259
1 0.3846354166666667 0.1574074074074074 0.013020833333333334 0.03888888888888889
1 0.43359375 0.16805555555555557 0.013020833333333334 0.03796296296296296
1 0.5041666666666667 0.18287037037037038 0.010416666666666666 0.049074074074074076
1 0.41119791666666666 0.33287037037037037 0.019270833333333334 0.06574074074074074
1 0.4328125 0.12453703703703704 0.011458333333333333 0.03796296296296296
1 0.48333333333333334 0.14814814814814814 0.009375 0.04814814814814815
1 0.39791666666666664 0.10740740740740741 0.009375 0.03518518518518519
1 0.63203125 0.20694444444444443 0.011979166666666667 0.04722222222222222
1 0.28802083333333334 0.21435185185185185 0.0125 0.04722222222222222
1 0.4857552083333333 0.1413148148148148 0.0046875 0.008333333333333333
