2 0.24765625 0.4148148148148148 0.011979166666666667 0.05185185185185185
2 0.13567708333333334 0.4425925925925926 0.013020833333333334 0.06481481481481481
2 0.11223958333333334 0.5560185185185185 0.018229166666666668 0.06574074074074074
2 0.3307291666666667 0.43148148148148147 0.015625 0.04259259259259259
2 0.49635416666666665 0.7041666666666667 0.030208333333333334 0.0824074074074074
2 0.8427083333333333 0.6037037037037037 0.026041666666666668 0.07592592592592592
2 0.3424479166666667 0.5555555555555556 0.022395833333333334 0.06296296296296296
2 0.3375 0.38333333333333336 0.011458333333333333 0.05555555555555555
2 0.6471354166666666 0.32731481481481484 0.009895833333333333 0.04537037037037037
2 0.5583333333333333 0.4083333333333333 0.013541666666666667 0.06296296296296296
2 0.23984375 0.3398148148148148 0.013020833333333334 0.053703703703703705
2 0.16302083333333334 0.38472222222222224 0.015625 0.05462962962962963
2 0.9484375 0.4736111111111111 0.015625 0.05462962962962963
2 0.17578125 0.34675925925925927 0.011979166666666667 0.04722222222222222
2 0.3098958333333333 0.2912037037037037 0.009375 0.03981481481481482
2 0.5036458333333333 0.3662037037037037 0.011458333333333333 0.05092592592592592
2 0.36354166666666665 0.4111111111111111 0.0125 0.05
2 0.38723958333333336 0.3148148148148148 0.013020833333333334 0.05
2 0.48411458333333335 0.3384259259259259 0.011979166666666667 0.05092592592592592
2 0.4654166666666667 0.20972222222222223 0.006666666666666643 0.03611111111111111
2 0.93515625 0.4912037037037037 0.0171875 0.06388888888888888
2 0.029692708333333335 0.3938333333333333 0.011510416666666667 0.05092592592592592
2 0.13316666666666668 0.39093518518518516 0.015104166666666667 0.05092592592592592
