2 0.4283854166666667 0.4134259259259259 0.0140625 0.06388888888888888
2 0.2390625 0.3861111111111111 0.014583333333333334 0.06111111111111111
2 0.278125 0.4013888888888889 0.015625 0.058333333333333334
2 0.44088541666666664 0.3486111111111111 0.013020833333333334 0.05648148148148148
2 0.7638020833333333 0.7087962962962963 0.0203125 0.09537037037037037
2 0.9330729166666667 0.4013888888888889 0.019270833333333334 0.058333333333333334
2 0.3890625 0.42824074074074076 0.019791666666666666 0.06018518518518518
2 0.49713541666666666 0.25416666666666665 0.009895833333333333 0.041666666666666664
2 0.7315104166666667 0.25277777777777777 0.011979166666666667 0.040740740740740744
2 0.6580729166666667 0.3055555555555556 0.011979166666666667 0.05185185185185185
2 0.41067708333333336 0.26481481481481484 0.0171875 0.044444444444444446
2 0.35104166666666664 0.31157407407407406 0.01875 0.049074074074074076
2 0.86953125 0.32314814814814813 0.011979166666666667 0.05
2 0.5197916666666667 0.22870370370370371 0.010416666666666666 0.037037037037037035
2 0.5479166666666667 0.25046296296296294 0.013541666666666667 0.03981481481481482
2 0.5794270833333334 0.27870370370370373 0.011979166666666667 0.04814814814814815
2 0.5216145833333333 0.3726851851851852 0.011979166666666667 0.06018518518518518
2 0.55078125 0.21851851851851853 0.009895833333333333 0.03518518518518519
2 0.5325520833333334 0.24027777777777778 0.011979166666666667 0.04351851851851852
2 0.5028645833333333 0.2037037037037037 0.0109375 0.03518518518518519
2 0.8518229166666667 0.33055555555555555 0.0109375 0.05185185185185185
2 0.3182291666666667 0.2689814814814815 0.011458333333333333 0.04537037037037037
2 0.12447916666666667 0.3226851851851852 0.010416666666666666 0.05092592592592592
1 0.5467447916666667 0.23212962962962963 0.0033854166666666668 0.005370370370370354
