2 0.2578125 0.3726851851851852 0.019791666666666666 0.05462962962962963
2 0.054427083333333334 0.4824074074074074 0.0171875 0.07037037037037037
2 0.20572916666666666 0.4486111111111111 0.016666666666666666 0.06018518518518518
2 0.35442708333333334 0.4685185185185185 0.024479166666666666 0.06666666666666667
2 0.5408854166666667 0.674074074074074 0.0328125 0.08518518518518518
2 0.8744791666666667 0.5162037037037037 0.0125 0.06944444444444445
2 0.35859375 0.6703703703703704 0.024479166666666666 0.08148148148148149
2 0.26588541666666665 0.3194444444444444 0.011979166666666667 0.05185185185185185
2 0.65703125 0.2800925925925926 0.019270833333333334 0.04351851851851852
2 0.51171875 0.33240740740740743 0.021354166666666667 0.05555555555555555
2 0.17317708333333334 0.2759259259259259 0.0140625 0.046296296296296294
2 0.10989583333333333 0.3236111111111111 0.014583333333333334 0.05277777777777778
2 0.89375 0.3861111111111111 0.010416666666666666 0.05740740740740741
2 0.21979166666666666 0.25092592592592594 0.0125 0.040740740740740744
2 0.32083333333333336 0.24814814814814815 0.009375 0.040740740740740744
2 0.49895833333333334 0.26851851851851855 0.015625 0.04259259259259259
2 0.35104166666666664 0.3425925925925926 0.021875 0.05185185185185185
2 0.4153645833333333 0.24675925925925926 0.015104166666666667 0.041666666666666664
2 0.57734375 0.2810185185185185 0.0109375 0.04537037037037037
2 0.39479166666666665 0.1476851851851852 0.008333333333333333 0.032407407407407406
2 0.82109375 0.38101851851851853 0.0109375 0.058333333333333334
2 0.20390625 0.31805555555555554 0.016145833333333335 0.05277777777777778
