2 0.2635416666666667 0.4375 0.014583333333333334 0.05462962962962963
2 0.08567708333333333 0.5023148148148148 0.018229166666666668 0.05092592592592592
2 0.21380208333333334 0.5254629629629629 0.019270833333333334 0.058333333333333334
2 0.2989583333333333 0.5199074074074074 0.026041666666666668 0.058333333333333334
2 0.48333333333333334 0.7268518518518519 0.029166666666666667 0.08148148148148149
2 0.9145833333333333 0.6351851851851852 0.025 0.07592592592592592
2 0.31354166666666666 0.6597222222222222 0.020833333333333332 0.075
2 0.284375 0.412962962962963 0.019791666666666666 0.053703703703703705
2 0.6578125 0.3675925925925926 0.017708333333333333 0.046296296296296294
2 0.5690104166666666 0.42962962962962964 0.0109375 0.05925925925925926
2 0.23776041666666667 0.3597222222222222 0.0109375 0.049074074074074076
2 0.17630208333333333 0.4023148148148148 0.013020833333333334 0.05277777777777778
2 0.98046875 0.5055555555555555 0.0140625 0.06111111111111111
2 0.2413229166666667 0.3514814814814815 0.011104166666666663 0.04407407407407404
2 0.35494791666666664 0.32083333333333336 0.0109375 0.03981481481481482
2 0.5065104166666666 0.37962962962962965 0.011979166666666667 0.05
2 0.3536458333333333 0.4300925925925926 0.010416666666666666 0.058333333333333334
2 0.43828125 0.34305555555555556 0.0140625 0.04537037037037037
2 0.56875 0.3726851851851852 0.0125 0.04537037037037037
2 0.475 0.23425925925925925 0.008333333333333333 0.02962962962962963
2 0.9322916666666666 0.5148148148148148 0.017708333333333333 0.06481481481481481
2 0.20364583333333333 0.4125 0.014583333333333334 0.05277777777777778
1 0.20538020833333331 0.4086342592592593 0.004166666666666667 0.008046296296296294
