2 0.30182291666666666 0.4324074074074074 0.015104166666666667 0.07222222222222222
2 0.057291666666666664 0.649537037037037 0.030208333333333334 0.09907407407407408
2 0.046614583333333334 0.7787037037037037 0.027604166666666666 0.10555555555555556
2 0.31927083333333334 0.40555555555555556 0.017708333333333333 0.07037037037037037
2 0.8171875 0.7490740740740741 0.020833333333333332 0.1037037037037037
2 0.75625 0.30925925925925923 0.022916666666666665 0.053703703703703705
2 0.4856770833333333 0.4736111111111111 0.022395833333333334 0.075
2 0.2125 0.31342592592592594 0.016666666666666666 0.06574074074074074
2 0.42291666666666666 0.07592592592592592 0.007291666666666667 0.037037037037037035
2 0.99609375 0.23055555555555557 0.0067708333333333336 0.044444444444444446
2 0.5005208333333333 0.23796296296296296 0.015625 0.06111111111111111
2 0.15104166666666666 0.24537037037037038 0.017708333333333333 0.06111111111111111
2 0.09635416666666667 0.3675925925925926 0.027083333333333334 0.07407407407407407
2 0.67421875 0.16666666666666666 0.0109375 0.04814814814814815
2 0.16510416666666666 0.16574074074074074 0.0125 0.05185185185185185
2 0.24765625 0.2037037037037037 0.013020833333333334 0.05185185185185185
2 0.3575520833333333 0.22083333333333333 0.0140625 0.05648148148148148
2 0.25729166666666664 0.3680555555555556 0.013541666666666667 0.06759259259259259
2 0.1890625 0.11342592592592593 0.011458333333333333 0.04722222222222222
2 0.3536458333333333 0.14351851851851852 0.013541666666666667 0.04814814814814815
2 0.17864583333333334 0.07916666666666666 0.0125 0.03611111111111111
2 0.6580729166666667 0.19537037037037036 0.015104166666666667 0.04814814814814815
2 0.14010416666666667 0.37592592592592594 0.019791666666666666 0.07407407407407407
1 0.7447916666666666 0.3314814814814815 0.008333333333333333 0.009259259259259259
