2 0.3294270833333333 0.4550925925925926 0.0171875 0.07314814814814814
2 0.12213541666666666 0.4222222222222222 0.0171875 0.06666666666666667
2 0.16354166666666667 0.4583333333333333 0.013541666666666667 0.06851851851851852
2 0.31015625 0.3958333333333333 0.013020833333333334 0.0712962962962963
2 0.7119791666666667 0.7916666666666666 0.020833333333333332 0.1037037037037037
2 0.8799479166666667 0.42824074074074076 0.019270833333333334 0.06944444444444445
2 0.28802083333333334 0.4912037037037037 0.020833333333333332 0.06759259259259259
2 0.3033854166666667 0.2824074074074074 0.0109375 0.053703703703703705
2 0.6114583333333333 0.1935185185185185 0.017708333333333333 0.04814814814814815
2 0.56875 0.28564814814814815 0.014583333333333334 0.05277777777777778
2 0.20651041666666667 0.2740740740740741 0.013020833333333334 0.053703703703703705
2 0.17447916666666666 0.3314814814814815 0.020833333333333332 0.05555555555555555
2 0.8192708333333333 0.2337962962962963 0.013541666666666667 0.04722222222222222
2 0.26171875 0.20833333333333334 0.008854166666666666 0.046296296296296294
2 0.33828125 0.25462962962962965 0.008854166666666666 0.05185185185185185
2 0.38723958333333336 0.25972222222222224 0.0109375 0.05277777777777778
2 0.2838541666666667 0.45 0.016666666666666666 0.06851851851851852
2 0.28802083333333334 0.18981481481481483 0.009375 0.044444444444444446
2 0.51640625 0.1962962962962963 0.0109375 0.03333333333333333
2 0.26067708333333334 0.15555555555555556 0.013020833333333334 0.040740740740740744
2 0.5848958333333333 0.2824074074074074 0.013541666666666667 0.04814814814814815
2 0.18854166666666666 0.3449074074074074 0.0125 0.05648148148148148
1 0.6170104166666666 0.21454166666666666 0.004833333333333319 0.008064814814814822
