2 0.353125 0.37777777777777777 0.017708333333333333 0.06666666666666667
2 0.20729166666666668 0.37453703703703706 0.023958333333333335 0.0712962962962963
2 0.18333333333333332 0.4310185185185185 0.025 0.06944444444444445
2 0.41484375 0.28194444444444444 0.016145833333333335 0.05462962962962963
2 0.6510416666666666 0.812962962962963 0.023958333333333335 0.11296296296296296
2 0.78984375 0.3592592592592593 0.016145833333333335 0.07037037037037037
2 0.35130208333333335 0.4134259259259259 0.0203125 0.06574074074074074
2 0.42109375 0.2222222222222222 0.015104166666666667 0.05185185185185185
2 0.6888020833333334 0.14722222222222223 0.009895833333333333 0.04259259259259259
2 0.5484375 0.25046296296296294 0.013541666666666667 0.058333333333333334
2 0.33098958333333334 0.19953703703703704 0.0171875 0.04537037037037037
2 0.30130208333333336 0.24675925925925926 0.021354166666666667 0.06018518518518518
2 0.6544270833333333 0.20416666666666666 0.0078125 0.04537037037037037
2 0.39296875 0.1638888888888889 0.015104166666666667 0.040740740740740744
2 0.43854166666666666 0.17592592592592593 0.0125 0.03888888888888889
2 0.5119791666666667 0.19027777777777777 0.013541666666666667 0.04537037037037037
2 0.415625 0.33240740740740743 0.017708333333333333 0.06481481481481481
2 0.44140625 0.1300925925925926 0.013020833333333334 0.03796296296296296
2 0.49322916666666666 0.15462962962962962 0.013541666666666667 0.04259259259259259
2 0.4036458333333333 0.11296296296296296 0.007291666666666667 0.02962962962962963
2 0.6395833333333333 0.20833333333333334 0.010416666666666666 0.046296296296296294
2 0.28802083333333334 0.2101851851851852 0.013541666666666667 0.046296296296296294
2 0.009635416666666667 0.24259259259259258 0.0140625 0.05555555555555555
