2 0.27682291666666664 0.425462962962963 0.015104166666666667 0.06018518518518518
2 0.1953125 0.4337962962962963 0.025 0.05648148148148148
2 0.13515625 0.5740740740740741 0.0203125 0.06851851851851852
2 0.38255208333333335 0.44027777777777777 0.015104166666666667 0.058333333333333334
2 0.5700520833333333 0.7175925925925926 0.0265625 0.08333333333333333
2 0.8328125 0.5638888888888889 0.013541666666666667 0.07592592592592592
2 0.3846354166666667 0.5541666666666667 0.019270833333333334 0.0712962962962963
2 0.3880208333333333 0.3736111111111111 0.015625 0.05648148148148148
2 0.665625 0.30833333333333335 0.015625 0.04814814814814815
2 0.5658854166666667 0.3921296296296296 0.013020833333333334 0.06388888888888888
2 0.26197916666666665 0.3375 0.016666666666666666 0.049074074074074076
2 0.18489583333333334 0.36203703703703705 0.020833333333333332 0.046296296296296294
2 0.9338541666666667 0.449537037037037 0.017708333333333333 0.062037037037037036
2 0.17760416666666667 0.34074074074074073 0.008333333333333333 0.03888888888888889
2 0.27682291666666664 0.2898148148148148 0.0109375 0.040740740740740744
2 0.5114583333333333 0.35324074074074074 0.011458333333333333 0.05462962962962963
2 0.40572916666666664 0.4115740740740741 0.01875 0.05648148148148148
2 0.38958333333333334 0.2912037037037037 0.0125 0.04722222222222222
2 0.47421875 0.3162037037037037 0.009895833333333333 0.049074074074074076
2 0.4457552083333333 0.1986111111111111 0.007447916666666643 0.03611111111111111
2 0.9119791666666667 0.4652777777777778 0.015625 0.06574074074074074
2 0.09713541666666667 0.38055555555555554 0.021354166666666667 0.044444444444444446
2 0.12241145833333333 0.37430555555555556 0.015572916666666655 0.052481481481481435
1 0.08815624999999999 0.3991296296296296 0.004166666666666667 0.007407407407407408
