2 0.63359375 0.5800925925925926 0.024479166666666666 0.075
2 0.43359375 0.6962962962962963 0.019270833333333334 0.09074074074074075
2 0.4596354166666667 0.611574074074074 0.0203125 0.075
2 0.62265625 0.6828703703703703 0.019270833333333334 0.08425925925925926
2 0.92890625 0.6949074074074074 0.0171875 0.08796296296296297
2 0.8609375 0.475 0.019791666666666666 0.06481481481481481
2 0.8684895833333334 0.7347222222222223 0.024479166666666666 0.08981481481481482
2 0.44036458333333334 0.4162037037037037 0.0140625 0.06018518518518518
2 0.7598958333333333 0.3055555555555556 0.013541666666666667 0.044444444444444446
2 0.6763020833333333 0.4060185185185185 0.021354166666666667 0.062037037037037036
2 0.309375 0.33564814814814814 0.009375 0.05277777777777778
2 0.18854166666666666 0.4675925925925926 0.022916666666666665 0.06666666666666667
2 0.8135416666666667 0.3726851851851852 0.010416666666666666 0.05648148148148148
2 0.34609375 0.2916666666666667 0.008854166666666666 0.044444444444444446
2 0.43645833333333334 0.3384259259259259 0.014583333333333334 0.05092592592592592
2 0.6018229166666667 0.3472222222222222 0.011979166666666667 0.05
2 0.5630208333333333 0.3416666666666667 0.011458333333333333 0.05
2 0.5088541666666667 0.2847222222222222 0.011458333333333333 0.04722222222222222
2 0.6901041666666666 0.2972222222222222 0.009375 0.046296296296296294
2 0.36770833333333336 0.19305555555555556 0.009375 0.03796296296296296
2 0.71875 0.3731481481481482 0.0125 0.05185185185185185
2 0.05234375 0.4101851851851852 0.015104166666666667 0.06111111111111111
