2 0.4119791666666667 0.4486111111111111 0.01875 0.07314814814814814
2 0.28489583333333335 0.5203703703703704 0.027083333333333334 0.08333333333333333
2 0.19661458333333334 0.7606481481481482 0.0234375 0.09722222222222222
2 0.46822916666666664 0.4393518518518518 0.017708333333333333 0.06944444444444445
2 0.6838541666666667 0.8037037037037037 0.025 0.10555555555555556
2 0.81796875 0.4337962962962963 0.021354166666666667 0.06018518518518518
2 0.48125 0.5347222222222222 0.020833333333333332 0.08055555555555556
2 0.5401041666666667 0.32685185185185184 0.016666666666666666 0.06481481481481481
2 0.7020833333333333 0.18333333333333332 0.009375 0.04259259259259259
2 0.6296875 0.3101851851851852 0.011458333333333333 0.06296296296296296
2 0.4401041666666667 0.2916666666666667 0.019791666666666666 0.05925925925925926
2 0.3932291666666667 0.35555555555555557 0.016666666666666666 0.06111111111111111
2 0.8533854166666667 0.2796296296296296 0.011979166666666667 0.05
2 0.4934895833333333 0.2212962962962963 0.015104166666666667 0.04259259259259259
2 0.5158854166666667 0.25416666666666665 0.015104166666666667 0.03796296296296296
2 0.5473958333333333 0.2638888888888889 0.010416666666666666 0.053703703703703705
2 0.5197916666666667 0.36712962962962964 0.014583333333333334 0.06574074074074074
2 0.55703125 0.18101851851851852 0.011979166666666667 0.03796296296296296
2 0.5911458333333334 0.21388888888888888 0.010416666666666666 0.046296296296296294
2 0.55390625 0.1486111111111111 0.011979166666666667 0.03981481481481482
2 0.6888020833333334 0.31157407407407406 0.0109375 0.058333333333333334
2 0.4270833333333333 0.30462962962962964 0.013541666666666667 0.06111111111111111
2 0.09166666666666666 0.29814814814814816 0.01875 0.05555555555555555
1 0.7825520833333334 0.45601851851851855 0.005729166666666666 0.010185185185185186
