1 0.43411458333333336 0.41435185185185186 0.016145833333333335 0.06018518518518518
1 0.24244791666666668 0.38333333333333336 0.013020833333333334 0.05925925925925926
1 0.278125 0.39861111111111114 0.014583333333333334 0.06018518518518518
1 0.45026041666666666 0.34814814814814815 0.0171875 0.05555555555555555
1 0.7666666666666667 0.7162037037037037 0.020833333333333332 0.08981481481481482
1 0.9361979166666666 0.40185185185185185 0.0140625 0.05925925925925926
1 0.39479166666666665 0.4287037037037037 0.017708333333333333 0.06481481481481481
1 0.4986979166666667 0.25555555555555554 0.009895833333333333 0.044444444444444446
1 0.74453125 0.2537037037037037 0.0140625 0.04259259259259259
1 0.653125 0.30185185185185187 0.011458333333333333 0.053703703703703705
1 0.4161458333333333 0.2611111111111111 0.014583333333333334 0.044444444444444446
1 0.35572916666666665 0.3074074074074074 0.0125 0.05185185185185185
1 0.8716145833333333 0.3226851851851852 0.0140625 0.05092592592592592
1 0.521875 0.22870370370370371 0.013541666666666667 0.037037037037037035
1 0.54140625 0.25092592592592594 0.013020833333333334 0.037037037037037035
1 0.5838541666666667 0.2796296296296296 0.010416666666666666 0.04814814814814815
1 0.5229166666666667 0.37407407407407406 0.0125 0.06111111111111111
1 0.55078125 0.2175925925925926 0.0109375 0.037037037037037035
1 0.5392447916666666 0.2397222222222222 0.012864583333333356 0.040925925925925914
1 0.5036458333333333 0.2 0.010416666666666666 0.03518518518518519
1 0.8533854166666667 0.3287037037037037 0.016145833333333335 0.053703703703703705
1 0.3177083333333333 0.2638888888888889 0.011458333333333333 0.040740740740740744
1 0.12630208333333334 0.3194444444444444 0.0109375 0.04814814814814815
