2 0.46770833333333334 0.4 0.023958333333333335 0.07037037037037037
2 0.30963541666666666 0.48518518518518516 0.021354166666666667 0.08148148148148149
2 0.20546875 0.737037037037037 0.0328125 0.10185185185185185
2 0.5356770833333333 0.3939814814814815 0.0203125 0.0712962962962963
2 0.7588541666666667 0.7953703703703704 0.027083333333333334 0.10925925925925926
2 0.840625 0.3861111111111111 0.019791666666666666 0.07592592592592592
2 0.49583333333333335 0.4912037037037037 0.015625 0.0824074074074074
2 0.6015625 0.2962962962962963 0.019791666666666666 0.06111111111111111
2 0.79140625 0.13657407407407407 0.013020833333333334 0.041666666666666664
2 0.70703125 0.27546296296296297 0.015104166666666667 0.062037037037037036
2 0.46927083333333336 0.2324074074074074 0.0125 0.046296296296296294
2 0.43671875 0.3143518518518518 0.0234375 0.06388888888888888
2 0.9291666666666667 0.2513888888888889 0.011458333333333333 0.05277777777777778
2 0.5096354166666667 0.17407407407407408 0.016145833333333335 0.040740740740740744
2 0.5104166666666666 0.2023148148148148 0.017708333333333333 0.04722222222222222
2 0.6119791666666666 0.2212962962962963 0.019791666666666666 0.05555555555555555
2 0.5903645833333333 0.3402777777777778 0.0140625 0.06574074074074074
2 0.5919270833333333 0.12916666666666668 0.015104166666666667 0.03796296296296296
2 0.6557291666666667 0.1625 0.0125 0.04351851851851852
2 0.6126953125 0.08628703703703704 0.013046875000000095 0.035481481481481475
2 0.7671875 0.2791666666666667 0.0125 0.06388888888888888
2 0.47760416666666666 0.27314814814814814 0.019791666666666666 0.053703703703703705
2 0.17135416666666667 0.22361111111111112 0.009375 0.05462962962962963
1 0.6859375 0.2657407407407407 0.007291666666666667 0.011111111111111112
