1 0.3640625 0.4699074074074074 0.014583333333333334 0.075
1 0.12630208333333334 0.4476851851851852 0.021354166666666667 0.07685185185185185
1 0.19010416666666666 0.4671296296296296 0.01875 0.075
1 0.32734375 0.4222222222222222 0.015104166666666667 0.07222222222222222
1 0.7302083333333333 0.7861111111111111 0.026041666666666668 0.09814814814814815
1 0.8940104166666667 0.43194444444444446 0.013020833333333334 0.06759259259259259
1 0.34270833333333334 0.5050925925925925 0.020833333333333332 0.07685185185185185
1 0.3028645833333333 0.3106481481481482 0.016145833333333335 0.06018518518518518
1 0.6010416666666667 0.18703703703703703 0.0125 0.044444444444444446
1 0.5809895833333333 0.3023148148148148 0.016145833333333335 0.06018518518518518
1 0.20442708333333334 0.2833333333333333 0.009895833333333333 0.05740740740740741
1 0.18645833333333334 0.34629629629629627 0.020833333333333332 0.06481481481481481
1 0.8122395833333333 0.24259259259259258 0.0109375 0.05185185185185185
1 0.24557291666666667 0.2162037037037037 0.011979166666666667 0.04537037037037037
1 0.36171875 0.26944444444444443 0.0140625 0.05185185185185185
1 0.37578125 0.274537037037037 0.009895833333333333 0.05277777777777778
1 0.28072916666666664 0.49907407407407406 0.017708333333333333 0.07962962962962963
1 0.2908854166666667 0.1986111111111111 0.0109375 0.04722222222222222
1 0.44453125 0.20416666666666666 0.011979166666666667 0.04351851851851852
1 0.26223958333333336 0.15462962962962962 0.0109375 0.040740740740740744
1 0.5671875 0.3013888888888889 0.014583333333333334 0.05648148148148148
1 0.20546875 0.3662037037037037 0.015104166666666667 0.06759259259259259
1 0.5984375 0.20706018518518518 0.00404166666666678 0.006157407407407387
