2 0.465625 0.48842592592592593 0.019791666666666666 0.075
2 0.08671875 0.5435185185185185 0.0171875 0.08333333333333333
2 0.2916666666666667 0.5398148148148149 0.015625 0.06111111111111111
2 0.3734375 0.475 0.020833333333333332 0.07222222222222222
2 0.8143229166666667 0.7972222222222223 0.028645833333333332 0.1
2 0.9263020833333333 0.4527777777777778 0.019270833333333334 0.07407407407407407
2 0.43203125 0.5421296296296296 0.016145833333333335 0.0824074074074074
2 0.29791666666666666 0.38055555555555554 0.016666666666666666 0.06296296296296296
2 0.6565104166666667 0.19074074074074074 0.0109375 0.04259259259259259
2 0.603125 0.3439814814814815 0.013541666666666667 0.05092592592592592
2 0.17291666666666666 0.32546296296296295 0.014583333333333334 0.058333333333333334
2 0.16770833333333332 0.4009259259259259 0.020833333333333332 0.06851851851851852
2 0.8354166666666667 0.27314814814814814 0.013541666666666667 0.05185185185185185
2 0.20546875 0.24305555555555555 0.0140625 0.049074074074074076
2 0.4348958333333333 0.300462962962963 0.013541666666666667 0.05277777777777778
2 0.40703125 0.3101851851851852 0.011979166666666667 0.05555555555555555
2 0.29765625 0.5777777777777777 0.0203125 0.08518518518518518
2 0.3828125 0.2050925925925926 0.017708333333333333 0.04537037037037037
2 0.3567708333333333 0.24351851851851852 0.014583333333333334 0.046296296296296294
2 0.2578125 0.16018518518518518 0.014583333333333334 0.040740740740740744
2 0.5963541666666666 0.3527777777777778 0.013541666666666667 0.05740740740740741
2 0.3385416666666667 0.38425925925925924 0.01875 0.06481481481481481
