2 0.47578125 0.49953703703703706 0.019270833333333334 0.075
2 0.07395833333333333 0.5717592592592593 0.026041666666666668 0.08981481481481482
2 0.30885416666666665 0.5787037037037037 0.019791666666666666 0.08518518518518518
2 0.35260416666666666 0.49027777777777776 0.019791666666666666 0.08055555555555556
2 0.8239583333333333 0.8037037037037037 0.020833333333333332 0.1037037037037037
2 0.92109375 0.462037037037037 0.013020833333333334 0.07222222222222222
2 0.4434895833333333 0.5564814814814815 0.03177083333333333 0.07407407407407407
2 0.2869791666666667 0.38935185185185184 0.014583333333333334 0.06574074074074074
2 0.6546875 0.19907407407407407 0.0125 0.04259259259259259
2 0.5940104166666667 0.362962962962963 0.016145833333333335 0.06666666666666667
2 0.16536458333333334 0.3435185185185185 0.016145833333333335 0.06111111111111111
2 0.1359375 0.4212962962962963 0.022916666666666665 0.06851851851851852
2 0.8322916666666667 0.28379629629629627 0.014583333333333334 0.05092592592592592
2 0.196875 0.2537037037037037 0.009375 0.05185185185185185
2 0.44479166666666664 0.30648148148148147 0.019791666666666666 0.05185185185185185
2 0.40338541666666666 0.3212962962962963 0.013020833333333334 0.05740740740740741
2 0.2921875 0.5921296296296297 0.021875 0.08425925925925926
2 0.39114583333333336 0.21388888888888888 0.017708333333333333 0.044444444444444446
2 0.34739583333333335 0.25462962962962965 0.0125 0.05
2 0.25078125 0.1675925925925926 0.009895833333333333 0.040740740740740744
2 0.56875 0.3773148148148148 0.01875 0.05462962962962963
2 0.3541666666666667 0.39351851851851855 0.020833333333333332 0.06481481481481481
