2 0.3841145833333333 0.37083333333333335 0.015104166666666667 0.06388888888888888
2 0.16197916666666667 0.6578703703703703 0.022916666666666665 0.09907407407407408
2 0.28958333333333336 0.4685185185185185 0.022916666666666665 0.07037037037037037
2 0.5236979166666667 0.5791666666666667 0.016145833333333335 0.08611111111111111
2 0.86953125 0.6856481481481481 0.030729166666666665 0.08796296296296297
2 0.92421875 0.4425925925925926 0.0171875 0.07037037037037037
2 0.74375 0.8138888888888889 0.028125 0.1037037037037037
2 0.3528645833333333 0.27314814814814814 0.015104166666666667 0.05555555555555555
2 0.83515625 0.23425925925925925 0.0109375 0.04814814814814815
2 0.57578125 0.3013888888888889 0.011979166666666667 0.062037037037037036
2 0.19010416666666666 0.21435185185185185 0.010416666666666666 0.049074074074074076
2 0.07395833333333333 0.3287037037037037 0.014583333333333334 0.06111111111111111
2 0.91484375 0.32175925925925924 0.011979166666666667 0.058333333333333334
2 0.33619791666666665 0.16527777777777777 0.0078125 0.03796296296296296
2 0.39947916666666666 0.2212962962962963 0.008333333333333333 0.046296296296296294
2 0.640625 0.1763888888888889 0.011458333333333333 0.04351851851851852
2 0.5666666666666667 0.27361111111111114 0.011458333333333333 0.05462962962962963
2 0.53984375 0.2 0.011979166666666667 0.044444444444444446
2 0.7828125 0.21064814814814814 0.010416666666666666 0.04722222222222222
2 0.35208333333333336 0.10416666666666667 0.008333333333333333 0.03796296296296296
2 0.8 0.3138888888888889 0.011458333333333333 0.05740740740740741
2 0.12890625 0.3138888888888889 0.0140625 0.05925925925925926
2 0.13854166666666667 0.26342592592592595 0.013541666666666667 0.05462962962962963
