2 0.515625 0.5143518518518518 0.011458333333333333 0.07685185185185185
2 0.12057291666666667 0.5736111111111111 0.0203125 0.08796296296296297
2 0.48880208333333336 0.5958333333333333 0.021354166666666667 0.07685185185185185
2 0.29401041666666666 0.5467592592592593 0.011979166666666667 0.0787037037037037
2 0.8755208333333333 0.787962962962963 0.026041666666666668 0.10185185185185185
2 0.9106770833333333 0.4689814814814815 0.013020833333333334 0.07314814814814814
2 0.4739583333333333 0.6277777777777778 0.019791666666666666 0.08518518518518518
2 0.2950520833333333 0.40046296296296297 0.013020833333333334 0.06759259259259259
2 0.69765625 0.21064814814814814 0.0109375 0.04722222222222222
2 0.6307291666666667 0.4 0.010416666666666666 0.07222222222222222
2 0.17213541666666668 0.36527777777777776 0.0171875 0.06388888888888888
2 0.1140625 0.4597222222222222 0.017708333333333333 0.075
2 0.8513020833333333 0.30787037037037035 0.0140625 0.05462962962962963
2 0.23125 0.2712962962962963 0.011458333333333333 0.053703703703703705
2 0.5572916666666666 0.3212962962962963 0.0125 0.05555555555555555
2 0.4265625 0.3226851851851852 0.009375 0.058333333333333334
2 0.26223958333333336 0.6699074074074074 0.024479166666666666 0.08981481481481482
2 0.5 0.21666666666666667 0.011458333333333333 0.04814814814814815
2 0.38723958333333336 0.2759259259259259 0.013020833333333334 0.053703703703703705
2 0.2604166666666667 0.18101851851851852 0.010416666666666666 0.04351851851851852
2 0.44765625 0.5203703703703704 0.013020833333333334 0.07777777777777778
2 0.47760416666666666 0.39861111111111114 0.013541666666666667 0.06759259259259259
1 0.4861979166666667 0.4273148148148148 0.005729166666666666 0.010185185185185186
