2 0.4075520833333333 0.44675925925925924 0.013020833333333334 0.06018518518518518
2 0.2734375 0.4546296296296296 0.013541666666666667 0.06666666666666667
2 0.3078125 0.4740740740740741 0.015625 0.05740740740740741
2 0.38515625 0.40324074074074073 0.011979166666666667 0.05277777777777778
2 0.715625 0.6680555555555555 0.021875 0.0787037037037037
2 0.92265625 0.43703703703703706 0.009895833333333333 0.053703703703703705
2 0.37135416666666665 0.4634259259259259 0.011458333333333333 0.058333333333333334
2 0.49453125 0.30277777777777776 0.008854166666666666 0.044444444444444446
2 0.6963541666666667 0.29212962962962963 0.008333333333333333 0.03796296296296296
2 0.6963541666666667 0.35185185185185186 0.010416666666666666 0.04814814814814815
2 0.3963541666666667 0.3402777777777778 0.0125 0.04722222222222222
2 0.37942708333333336 0.3675925925925926 0.0171875 0.046296296296296294
2 0.8669270833333333 0.37453703703703706 0.015104166666666667 0.04722222222222222
2 0.5369791666666667 0.27990740740740744 0.009375 0.03462962962962961
2 0.63515625 0.29768518518518516 0.008854166666666666 0.03796296296296296
2 0.5630208333333333 0.31527777777777777 0.0125 0.03981481481481482
2 0.53359375 0.4074074074074074 0.011979166666666667 0.05555555555555555
2 0.54921875 0.27175925925925926 0.0140625 0.03611111111111111
2 0.5731770833333333 0.2865740740740741 0.008854166666666666 0.032407407407407406
2 0.5088541666666667 0.25925925925925924 0.013541666666666667 0.03888888888888889
2 0.8125 0.38657407407407407 0.014583333333333334 0.05277777777777778
2 0.40390625 0.3435185185185185 0.008854166666666666 0.04814814814814815
2 0.14322916666666666 0.38333333333333336 0.0125 0.05
1 0.6151041666666667 0.30787037037037035 0.004166666666666667 0.008333333333333333
