2 0.38671875 0.3875 0.016145833333333335 0.06944444444444445
2 0.265625 0.44351851851851853 0.015625 0.07222222222222222
2 0.16015625 0.674074074074074 0.021354166666666667 0.1
2 0.4783854166666667 0.38564814814814813 0.0171875 0.06574074074074074
2 0.68984375 0.7671296296296296 0.0234375 0.11203703703703703
2 0.8328125 0.4074074074074074 0.013541666666666667 0.06851851851851852
2 0.4440104166666667 0.4935185185185185 0.018229166666666668 0.08148148148148149
2 0.528125 0.2962962962962963 0.01875 0.06111111111111111
2 0.7502604166666667 0.17685185185185184 0.015104166666666667 0.046296296296296294
2 0.6549479166666666 0.2949074074074074 0.0140625 0.062037037037037036
2 0.39140625 0.23703703703703705 0.013020833333333334 0.04814814814814815
2 0.3424479166666667 0.3037037037037037 0.016145833333333335 0.05740740740740741
2 0.89375 0.29953703703703705 0.01875 0.058333333333333334
2 0.35703125 0.2152777777777778 0.0171875 0.04722222222222222
2 0.3614583333333333 0.20925925925925926 0.017708333333333333 0.04259259259259259
2 0.5736979166666667 0.25 0.0140625 0.05185185185185185
2 0.5455729166666666 0.3773148148148148 0.022395833333333334 0.06759259259259259
2 0.48880208333333336 0.1527777777777778 0.019270833333333334 0.040740740740740744
2 0.5690104166666666 0.19212962962962962 0.0171875 0.04722222222222222
2 0.5397083333333333 0.1078564814814815 0.012458333333333372 0.03854629629629631
2 0.81015625 0.32592592592592595 0.015104166666666667 0.06296296296296296
2 0.3489583333333333 0.2875 0.017708333333333333 0.05648148148148148
2 0.1703125 0.23564814814814813 0.010416666666666666 0.05092592592592592
1 0.3577083333333333 0.19950925925925925 0.005625000000000035 0.008296296296296277
