2 0.40286458333333336 0.4527777777777778 0.0171875 0.07222222222222222
2 0.28151041666666665 0.5152777777777777 0.022395833333333334 0.07685185185185185
2 0.19270833333333334 0.7546296296296297 0.022916666666666665 0.0962962962962963
2 0.46015625 0.4439814814814815 0.019270833333333334 0.06944444444444445
2 0.6716145833333333 0.8069444444444445 0.0265625 0.10648148148148148
2 0.815625 0.4388888888888889 0.015625 0.05925925925925926
2 0.47630208333333335 0.5365740740740741 0.015104166666666667 0.0787037037037037
2 0.53125 0.3277777777777778 0.015625 0.06111111111111111
2 0.6911458333333333 0.1875 0.009375 0.04351851851851852
2 0.62109375 0.3143518518518518 0.0109375 0.06018518518518518
2 0.434375 0.29259259259259257 0.014583333333333334 0.05555555555555555
2 0.38671875 0.3587962962962963 0.011979166666666667 0.06574074074074074
2 0.8447916666666667 0.28379629629629627 0.0125 0.049074074074074076
2 0.48671875 0.22361111111111112 0.011979166666666667 0.03981481481481482
2 0.5153645833333333 0.25925925925925924 0.018229166666666668 0.03888888888888889
2 0.53984375 0.26805555555555555 0.009895833333333333 0.05092592592592592
2 0.5119791666666667 0.3685185185185185 0.013541666666666667 0.06296296296296296
2 0.55234375 0.18564814814814815 0.0140625 0.03796296296296296
2 0.58203125 0.2175925925925926 0.008854166666666666 0.04814814814814815
2 0.5450520833333333 0.15324074074074073 0.009895833333333333 0.03796296296296296
2 0.68046875 0.3162037037037037 0.0109375 0.05648148148148148
2 0.4192708333333333 0.30833333333333335 0.011458333333333333 0.05740740740740741
2 0.08177083333333333 0.3050925925925926 0.016666666666666666 0.05648148148148148
1 0.7802083333333333 0.4583333333333333 0.005208333333333333 0.009259259259259259
