2 0.26458333333333334 0.41203703703703703 0.015625 0.053703703703703705
2 0.07239583333333334 0.5 0.015625 0.06481481481481481
2 0.221875 0.4912037037037037 0.011458333333333333 0.06018518518518518
2 0.3341145833333333 0.5013888888888889 0.015104166666666667 0.058333333333333334
2 0.51484375 0.7069444444444445 0.028645833333333332 0.08425925925925926
2 0.9 0.5939814814814814 0.026041666666666668 0.07685185185185185
2 0.334375 0.674537037037037 0.021875 0.075
2 0.28046875 0.37037037037037035 0.0140625 0.053703703703703705
2 0.6588541666666666 0.33194444444444443 0.015625 0.041666666666666664
2 0.5427083333333333 0.3861111111111111 0.011458333333333333 0.05925925925925926
2 0.20677083333333332 0.3263888888888889 0.011458333333333333 0.04722222222222222
2 0.14869791666666668 0.36898148148148147 0.0140625 0.05092592592592592
2 0.23619791666666667 0.3101851851851852 0.008854166666666666 0.03888888888888889
2 0.33932291666666664 0.29444444444444445 0.0109375 0.040740740740740744
2 0.50234375 0.3333333333333333 0.015104166666666667 0.044444444444444446
2 0.34869791666666666 0.3972222222222222 0.0171875 0.04814814814814815
2 0.4309895833333333 0.3 0.015104166666666667 0.044444444444444446
2 0.5763020833333333 0.3347222222222222 0.0171875 0.04722222222222222
2 0.4375 0.2 0.009375 0.03333333333333333
2 0.87109375 0.4583333333333333 0.018229166666666668 0.05925925925925926
2 0.21979166666666666 0.37037037037037035 0.019791666666666666 0.046296296296296294
