1 0.2546875 0.3861111111111111 0.0125 0.05555555555555555
1 0.057291666666666664 0.48194444444444445 0.016666666666666666 0.06759259259259259
1 0.20911458333333333 0.4666666666666667 0.015104166666666667 0.05555555555555555
1 0.3359375 0.4777777777777778 0.01875 0.06111111111111111
1 0.5169270833333334 0.6800925925925926 0.025520833333333333 0.0787037037037037
1 0.87890625 0.549537037037037 0.011979166666666667 0.075
1 0.3338541666666667 0.6611111111111111 0.022916666666666665 0.07592592592592592
1 0.2671875 0.3421296296296296 0.017708333333333333 0.049074074074074076
1 0.6489583333333333 0.3 0.014583333333333334 0.040740740740740744
1 0.5192708333333333 0.35509259259259257 0.01875 0.05648148148148148
1 0.18515625 0.29907407407407405 0.013020833333333334 0.046296296296296294
1 0.12473958333333333 0.3425925925925926 0.013020833333333334 0.05
1 0.9065104166666667 0.4148148148148148 0.013020833333333334 0.05740740740740741
1 0.22109375 0.2777777777777778 0.009895833333333333 0.040740740740740744
1 0.3221354166666667 0.2662037037037037 0.011979166666666667 0.03981481481481482
1 0.49114583333333334 0.2986111111111111 0.013541666666666667 0.04537037037037037
1 0.34036458333333336 0.36527777777777776 0.0140625 0.049074074074074076
1 0.4153645833333333 0.26944444444444443 0.013020833333333334 0.04259259259259259
1 0.5677083333333334 0.30277777777777776 0.01875 0.046296296296296294
1 0.4122395833333333 0.17083333333333334 0.009895833333333333 0.032407407407407406
1 0.8411458333333334 0.4166666666666667 0.010416666666666666 0.05925925925925926
1 0.20729166666666668 0.33935185185185185 0.016666666666666666 0.05277777777777778
