2 0.3671875 0.45740740740740743 0.020833333333333332 0.07777777777777778
2 0.1140625 0.6032407407407407 0.01875 0.09907407407407408
2 0.12057291666666667 0.7189814814814814 0.024479166666666666 0.09722222222222222
2 0.3640625 0.39861111111111114 0.019791666666666666 0.06574074074074074
2 0.8536458333333333 0.8037037037037037 0.026041666666666668 0.10185185185185185
2 0.8580729166666666 0.3351851851851852 0.013020833333333334 0.06481481481481481
2 0.47552083333333334 0.49074074074074076 0.015625 0.07962962962962963
2 0.2942708333333333 0.2875 0.010416666666666666 0.06388888888888888
2 0.5408854166666667 0.07546296296296297 0.0078125 0.041666666666666664
2 0.66171875 0.24305555555555555 0.011979166666666667 0.04722222222222222
2 0.25234375 0.22175925925925927 0.0203125 0.05462962962962963
2 0.18411458333333333 0.33101851851851855 0.016145833333333335 0.06574074074074074
2 0.7716145833333333 0.17592592592592593 0.0109375 0.053703703703703705
2 0.2791666666666667 0.14537037037037037 0.013541666666666667 0.046296296296296294
2 0.36796875 0.17546296296296296 0.009895833333333333 0.049074074074074076
2 0.4197916666666667 0.2 0.0125 0.053703703703703705
2 0.3768229166666667 0.37824074074074077 0.011979166666666667 0.0712962962962963
2 0.32473958333333336 0.09768518518518518 0.008854166666666666 0.04351851851851852
2 0.44427083333333334 0.13657407407407407 0.009375 0.04722222222222222
2 0.29322916666666665 0.06527777777777778 0.010416666666666666 0.03611111111111111
2 0.6674479166666667 0.26157407407407407 0.013020833333333334 0.06018518518518518
2 0.23255208333333333 0.3421296296296296 0.0203125 0.06759259259259259
1 0.83359375 0.35 0.005729166666666666 0.009259259259259259
