2 0.296875 0.4388888888888889 0.014583333333333334 0.07407407407407407
2 0.059375 0.6337962962962963 0.028125 0.10277777777777777
2 0.05911458333333333 0.7657407407407407 0.033854166666666664 0.10185185185185185
2 0.3260416666666667 0.41203703703703703 0.01875 0.07037037037037037
2 0.825 0.7662037037037037 0.023958333333333335 0.10648148148148148
2 0.796875 0.33194444444444443 0.016666666666666666 0.062037037037037036
2 0.49140625 0.4828703703703704 0.028645833333333332 0.075
2 0.225 0.3226851851851852 0.019791666666666666 0.06388888888888888
2 0.4354166666666667 0.08564814814814815 0.0125 0.03796296296296296
2 0.5041666666666667 0.24768518518518517 0.014583333333333334 0.062037037037037036
2 0.15859375 0.25416666666666665 0.0171875 0.062037037037037036
2 0.11015625 0.3675925925925926 0.015104166666666667 0.07222222222222222
2 0.6942708333333333 0.17731481481481481 0.0125 0.05092592592592592
2 0.18098958333333334 0.1763888888888889 0.013020833333333334 0.04722222222222222
2 0.25 0.21296296296296297 0.011458333333333333 0.053703703703703705
2 0.3768229166666667 0.23333333333333334 0.016145833333333335 0.053703703703703705
2 0.2518229166666667 0.37222222222222223 0.0140625 0.06481481481481481
2 0.19166666666666668 0.12407407407407407 0.011458333333333333 0.044444444444444446
2 0.37395833333333334 0.15416666666666667 0.010416666666666666 0.049074074074074076
2 0.1890625 0.08796296296296297 0.011458333333333333 0.037037037037037035
2 0.6872395833333333 0.2 0.0171875 0.046296296296296294
2 0.146875 0.37916666666666665 0.01875 0.0712962962962963
1 0.76953125 0.35 0.005729166666666666 0.009259259259259259
