2 0.27734375 0.3763888888888889 0.019270833333333334 0.05648148148148148
2 0.06901041666666667 0.4898148148148148 0.019270833333333334 0.07037037037037037
2 0.2171875 0.44583333333333336 0.0125 0.062037037037037036
2 0.3796875 0.47314814814814815 0.022916666666666665 0.06666666666666667
2 0.57421875 0.6828703703703703 0.034895833333333334 0.08425925925925926
2 0.8856770833333333 0.5148148148148148 0.022395833333333334 0.06851851851851852
2 0.38958333333333334 0.6847222222222222 0.027083333333333334 0.08425925925925926
2 0.2796875 0.31805555555555554 0.0125 0.05092592592592592
2 0.6799479166666667 0.28055555555555556 0.015104166666666667 0.04814814814814815
2 0.51875 0.3296296296296296 0.019791666666666666 0.05740740740740741
2 0.1796875 0.27175925925925926 0.010416666666666666 0.04722222222222222
2 0.1109375 0.32175925925925924 0.011458333333333333 0.05277777777777778
2 0.9 0.38425925925925924 0.014583333333333334 0.05740740740740741
2 0.23411458333333332 0.24583333333333332 0.0109375 0.041666666666666664
2 0.3341145833333333 0.24861111111111112 0.009895833333333333 0.03981481481481482
2 0.5208333333333334 0.26157407407407407 0.0125 0.041666666666666664
2 0.3736979166666667 0.3375 0.021354166666666667 0.05462962962962963
2 0.42994791666666665 0.24351851851851852 0.016145833333333335 0.04259259259259259
2 0.5984375 0.2800925925925926 0.011458333333333333 0.04537037037037037
2 0.39765625 0.14629629629629629 0.008854166666666666 0.03333333333333333
2 0.8213541666666667 0.375 0.0125 0.05740740740740741
2 0.2125 0.3148148148148148 0.014583333333333334 0.053703703703703705
