2 0.4825520833333333 0.5148148148148148 0.0265625 0.07407407407407407
2 0.3033854166666667 0.7550925925925925 0.0296875 0.10462962962962963
2 0.3328125 0.5587962962962963 0.022916666666666665 0.07314814814814814
2 0.5760416666666667 0.6856481481481481 0.028125 0.08981481481481482
2 0.9125 0.700462962962963 0.017708333333333333 0.09166666666666666
2 0.8645833333333334 0.449537037037037 0.014583333333333334 0.06944444444444445
2 0.8203125 0.7361111111111112 0.027083333333333334 0.1
2 0.371875 0.3537037037037037 0.019791666666666666 0.05925925925925926
2 0.759375 0.2657407407407407 0.013541666666666667 0.05
2 0.60625 0.3726851851851852 0.014583333333333334 0.062037037037037036
2 0.23802083333333332 0.2949074074074074 0.016666666666666666 0.05277777777777778
2 0.08489583333333334 0.4236111111111111 0.015625 0.062037037037037036
2 0.8145833333333333 0.32685185185185184 0.0125 0.053703703703703705
2 0.3171875 0.2337962962962963 0.011458333333333333 0.04537037037037037
2 0.37161458333333336 0.2949074074074074 0.009895833333333333 0.05092592592592592
2 0.5963541666666666 0.2740740740740741 0.009375 0.04814814814814815
2 0.5450520833333333 0.31203703703703706 0.008854166666666666 0.05185185185185185
2 0.5075520833333333 0.24722222222222223 0.0140625 0.046296296296296294
2 0.7223958333333333 0.25046296296296294 0.009375 0.049074074074074076
2 0.3106770833333333 0.16157407407407406 0.0109375 0.03611111111111111
2 0.7080729166666667 0.30185185185185187 0.011979166666666667 0.04814814814814815
2 0.06328125 0.3726851851851852 0.013020833333333334 0.06388888888888888
