2 0.7046875 0.5953703703703703 0.017708333333333333 0.07777777777777778
2 0.48802083333333335 0.6657407407407407 0.023958333333333335 0.08888888888888889
2 0.5291666666666667 0.6166666666666667 0.01875 0.07407407407407407
2 0.6486979166666667 0.6787037037037037 0.024479166666666666 0.07962962962962963
2 0.93046875 0.6912037037037037 0.0234375 0.08611111111111111
2 0.85625 0.5041666666666667 0.019791666666666666 0.06574074074074074
2 0.87734375 0.712037037037037 0.0171875 0.08333333333333333
2 0.4703125 0.4527777777777778 0.015625 0.06111111111111111
2 0.7684895833333333 0.3388888888888889 0.011979166666666667 0.04814814814814815
2 0.6986979166666667 0.4166666666666667 0.011979166666666667 0.06296296296296296
2 0.33984375 0.350462962962963 0.0171875 0.05462962962962963
2 0.24817708333333333 0.48564814814814816 0.018229166666666668 0.06759259259259259
2 0.8044270833333333 0.39861111111111114 0.0109375 0.058333333333333334
2 0.3651041666666667 0.31805555555555554 0.009375 0.04537037037037037
2 0.4786458333333333 0.36203703703703705 0.009375 0.04814814814814815
2 0.6065104166666667 0.38425925925925924 0.0140625 0.053703703703703705
2 0.5825520833333333 0.3560185185185185 0.015104166666666667 0.05277777777777778
2 0.5078125 0.3023148148148148 0.010416666666666666 0.04537037037037037
2 0.6645833333333333 0.3263888888888889 0.009375 0.049074074074074076
2 0.39166666666666666 0.2064814814814815 0.009375 0.03333333333333333
2 0.7424479166666667 0.42777777777777776 0.015104166666666667 0.05740740740740741
2 0.05364583333333333 0.41805555555555557 0.015625 0.06018518518518518
