2 0.225 0.3699074074074074 0.017708333333333333 0.075
2 0.5356770833333333 0.37962962962962965 0.015104166666666667 0.07222222222222222
2 0.71015625 0.33194444444444443 0.013020833333333334 0.06759259259259259
2 0.39375 0.4337962962962963 0.016666666666666666 0.07685185185185185
2 0.8033854166666666 0.7986111111111112 0.030729166666666665 0.09907407407407408
2 0.42161458333333335 0.5606481481481481 0.0171875 0.08611111111111111
2 0.5033854166666667 0.7310185185185185 0.021354166666666667 0.08981481481481482
2 0.24166666666666667 0.8097222222222222 0.03125 0.10462962962962963
2 0.20729166666666668 0.6763888888888889 0.020833333333333332 0.08796296296296297
2 0.3138020833333333 0.11944444444444445 0.009895833333333333 0.044444444444444446
2 0.5036458333333333 0.3055555555555556 0.016666666666666666 0.05925925925925926
2 0.18880208333333334 0.4666666666666667 0.016145833333333335 0.07777777777777778
2 0.40260416666666665 0.5037037037037037 0.016666666666666666 0.07407407407407407
2 0.5502604166666667 0.38101851851851853 0.0140625 0.06759259259259259
2 0.4875 0.4648148148148148 0.015625 0.07407407407407407
2 0.19322916666666667 0.5120370370370371 0.019791666666666666 0.07777777777777778
2 0.2903645833333333 0.3398148148148148 0.0140625 0.06851851851851852
2 0.33619791666666665 0.21805555555555556 0.0140625 0.05092592592592592
2 0.7453125 0.4759259259259259 0.022916666666666665 0.08148148148148149
2 0.8072916666666666 0.5194444444444445 0.014583333333333334 0.08333333333333333
2 0.7075520833333333 0.22407407407407406 0.013020833333333334 0.053703703703703705
2 0.5580729166666667 0.3416666666666667 0.0140625 0.06481481481481481
