1 0.17421875 0.24814814814814815 0.0109375 0.06666666666666667
1 0.3703125 0.48703703703703705 0.016666666666666666 0.08703703703703704
1 0.86171875 0.21574074074074073 0.0109375 0.06111111111111111
1 0.30807291666666664 0.26666666666666666 0.0140625 0.06666666666666667
1 0.8604166666666667 0.5569444444444445 0.019791666666666666 0.0824074074074074
1 0.53984375 0.4134259259259259 0.0203125 0.07685185185185185
1 0.4479166666666667 0.5634259259259259 0.015625 0.08425925925925926
1 0.49140625 0.9087962962962963 0.027604166666666666 0.12314814814814815
1 0.07291666666666667 0.5018518518518519 0.01875 0.08148148148148149
1 0.2638020833333333 0.06296296296296296 0.0109375 0.046296296296296294
1 0.42526041666666664 0.20555555555555555 0.0109375 0.05555555555555555
1 0.4825520833333333 0.28194444444444444 0.0109375 0.06759259259259259
1 0.33203125 0.3439814814814815 0.0109375 0.06759259259259259
1 0.5940104166666667 0.21435185185185185 0.011979166666666667 0.058333333333333334
1 0.7184895833333333 0.31296296296296294 0.0140625 0.06666666666666667
1 0.1125 0.33055555555555555 0.0125 0.07222222222222222
1 0.20260416666666667 0.21712962962962962 0.0125 0.062037037037037036
1 0.49505208333333334 0.14351851851851852 0.009895833333333333 0.05
1 0.4869791666666667 0.4009259259259259 0.017708333333333333 0.08333333333333333
1 0.9341145833333333 0.3560185185185185 0.015104166666666667 0.075
1 0.71484375 0.10787037037037037 0.009895833333333333 0.04722222222222222
1 0.4947916666666667 0.22083333333333333 0.010416666666666666 0.06018518518518518
1 0.49609375 0.3101851851851852 0.0067708333333333336 0.012962962962962963
