2 0.39036458333333335 0.2726851851851852 0.018229166666666668 0.04537037037037037
2 0.41015625 0.36203703703703705 0.018229166666666668 0.05925925925925926
2 0.775 0.2972222222222222 0.010416666666666666 0.05
2 0.478125 0.27870370370370373 0.0125 0.04814814814814815
2 0.7809895833333333 0.6574074074074074 0.024479166666666666 0.07777777777777778
2 0.5270833333333333 0.38842592592592595 0.011458333333333333 0.05092592592592592
2 0.62890625 0.6050925925925926 0.021354166666666667 0.07314814814814814
2 0.26328125 0.7111111111111111 0.0171875 0.09259259259259259
2 0.1515625 0.4425925925925926 0.015625 0.06111111111111111
2 0.2520833333333333 0.21666666666666667 0.0125 0.044444444444444446
2 0.6364583333333333 0.2439814814814815 0.008333333333333333 0.041666666666666664
2 0.44244791666666666 0.26851851851851855 0.015104166666666667 0.04259259259259259
2 0.4236979166666667 0.35509259259259257 0.0171875 0.04722222222222222
2 0.5005208333333333 0.2847222222222222 0.009375 0.04537037037037037
2 0.6533854166666667 0.33425925925925926 0.008854166666666666 0.04814814814814815
2 0.14557291666666666 0.3199074074074074 0.0109375 0.041666666666666664
2 0.27317708333333335 0.26481481481481484 0.0109375 0.046296296296296294
2 0.275 0.24861111111111112 0.011458333333333333 0.04537037037037037
2 0.6846354166666667 0.34444444444444444 0.013020833333333334 0.05555555555555555
2 0.8283854166666667 0.425462962962963 0.0203125 0.06574074074074074
2 0.6450520833333333 0.24768518518518517 0.008854166666666666 0.041666666666666664
2 0.7513020833333334 0.29768518518518516 0.016145833333333335 0.05092592592592592
1 0.2484375 0.3023148148148148 0.004166666666666667 0.008333333333333333
