2 0.22604166666666667 0.3101851851851852 0.014583333333333334 0.053703703703703705
2 0.54375 0.36064814814814816 0.014583333333333334 0.05648148148148148
2 0.8708333333333333 0.30694444444444446 0.019791666666666666 0.05277777777777778
2 0.5028645833333333 0.2569444444444444 0.015104166666666667 0.04722222222222222
2 0.76875 0.6351851851851852 0.027083333333333334 0.07777777777777778
2 0.19635416666666666 0.36666666666666664 0.015625 0.05185185185185185
2 0.5927083333333333 0.7199074074074074 0.029166666666666667 0.08611111111111111
2 0.31979166666666664 0.5305555555555556 0.019791666666666666 0.07222222222222222
2 0.3768229166666667 0.5143518518518518 0.018229166666666668 0.0712962962962963
2 0.26223958333333336 0.2037037037037037 0.011979166666666667 0.040740740740740744
2 0.7864583333333334 0.22083333333333333 0.014583333333333334 0.03425925925925926
2 0.3265625 0.32222222222222224 0.0125 0.053703703703703705
2 0.42552083333333335 0.3800925925925926 0.015625 0.058333333333333334
2 0.5372395833333333 0.3087962962962963 0.0171875 0.04722222222222222
2 0.6309895833333333 0.3625 0.019270833333333334 0.05092592592592592
2 0.10364583333333334 0.3726851851851852 0.0125 0.058333333333333334
2 0.29713541666666665 0.27037037037037037 0.0140625 0.05185185185185185
2 0.35651041666666666 0.25787037037037036 0.009895833333333333 0.04537037037037037
2 0.7369791666666666 0.37407407407407406 0.020833333333333332 0.05740740740740741
2 0.8830729166666667 0.4166666666666667 0.021354166666666667 0.06296296296296296
2 0.80859375 0.25555555555555554 0.015104166666666667 0.03888888888888889
2 0.7609375 0.2675925925925926 0.016666666666666666 0.04814814814814815
1 0.7247369791666666 0.10581944444444444 0.004338541666666747 0.008212962962962967
