2 0.3067708333333333 0.3384259259259259 0.014583333333333334 0.07685185185185185
2 0.55859375 0.33240740740740743 0.015104166666666667 0.07222222222222222
2 0.82734375 0.3925925925925926 0.021354166666666667 0.07592592592592592
2 0.42109375 0.3680555555555556 0.018229166666666668 0.0712962962962963
2 0.765625 0.7925925925925926 0.026041666666666668 0.1
2 0.54453125 0.5962962962962963 0.016145833333333335 0.09259259259259259
2 0.3770833333333333 0.6416666666666667 0.022916666666666665 0.09074074074074075
2 0.25026041666666665 0.7078703703703704 0.021354166666666667 0.10462962962962963
2 0.17708333333333334 0.6078703703703704 0.016666666666666666 0.09166666666666666
2 0.4578125 0.05138888888888889 0.009375 0.04351851851851852
2 0.5216145833333333 0.30787037037037035 0.016145833333333335 0.06574074074074074
2 0.40989583333333335 0.47824074074074074 0.026041666666666668 0.0712962962962963
2 0.4375 0.4513888888888889 0.028125 0.06388888888888888
2 0.6098958333333333 0.3972222222222222 0.015625 0.07592592592592592
2 0.5098958333333333 0.46805555555555556 0.027083333333333334 0.06759259259259259
2 0.25442708333333336 0.4375 0.0140625 0.0787037037037037
2 0.3494791666666667 0.2574074074074074 0.016666666666666666 0.06666666666666667
2 0.3984375 0.20972222222222223 0.0125 0.05648148148148148
2 0.8096354166666667 0.4787037037037037 0.0140625 0.08703703703703704
2 0.8580729166666666 0.5560185185185185 0.030729166666666665 0.08796296296296297
2 0.7958333333333333 0.2601851851851852 0.0125 0.06481481481481481
2 0.59140625 0.39675925925925926 0.018229166666666668 0.07314814814814814
1 0.8547760416666667 0.05369444444444444 0.008531249999999938 0.012759259259259253
