2 0.13645833333333332 0.20277777777777778 0.013541666666666667 0.05740740740740741
2 0.3421875 0.2675925925925926 0.015625 0.06481481481481481
2 0.7221354166666667 0.15833333333333333 0.011979166666666667 0.053703703703703705
2 0.47942708333333334 0.16712962962962963 0.015104166666666667 0.049074074074074076
2 0.9075520833333334 0.5652777777777778 0.0203125 0.08425925925925926
2 0.5669270833333333 0.337037037037037 0.013020833333333334 0.06481481481481481
2 0.5700520833333333 0.46620370370370373 0.0171875 0.075
2 0.26875 0.850925925925926 0.019791666666666666 0.11851851851851852
2 0.0890625 0.42407407407407405 0.017708333333333333 0.06851851851851852
2 0.17421875 0.0837962962962963 0.015104166666666667 0.041666666666666664
2 0.6098958333333333 0.10046296296296296 0.0125 0.041666666666666664
2 0.12526041666666668 0.23194444444444445 0.013020833333333334 0.04351851851851852
2 0.41848958333333336 0.27870370370370373 0.0140625 0.06111111111111111
2 0.5458333333333333 0.175 0.014583333333333334 0.046296296296296294
2 0.5919270833333333 0.19722222222222222 0.013020833333333334 0.05185185185185185
2 0.12734375 0.2726851851851852 0.018229166666666668 0.05648148148148148
2 0.296875 0.1162037037037037 0.014583333333333334 0.03796296296296296
2 0.28098958333333335 0.1087962962962963 0.0171875 0.03425925925925926
2 0.6130208333333333 0.20787037037037037 0.013541666666666667 0.058333333333333334
2 0.8677083333333333 0.30416666666666664 0.014583333333333334 0.06388888888888888
2 0.6565104166666667 0.09166666666666666 0.0109375 0.037037037037037035
2 0.6861979166666666 0.1537037037037037 0.009895833333333333 0.05
1 0.6440104166666667 0.1050925925925926 0.0046875 0.008333333333333333
