2 0.17526041666666667 0.2439814814814815 0.013020833333333334 0.06759259259259259
2 0.37213541666666666 0.4828703703703704 0.0171875 0.08611111111111111
2 0.8604166666666667 0.2111111111111111 0.0125 0.06111111111111111
2 0.3109375 0.2625 0.013541666666666667 0.06574074074074074
2 0.8651041666666667 0.5550925925925926 0.019791666666666666 0.08425925925925926
2 0.5408854166666667 0.4097222222222222 0.019270833333333334 0.07685185185185185
2 0.45 0.5597222222222222 0.015625 0.08425925925925926
2 0.49270833333333336 0.9069444444444444 0.026041666666666668 0.11944444444444445
2 0.07265625 0.49722222222222223 0.019270833333333334 0.08148148148148149
2 0.265625 0.058333333333333334 0.011458333333333333 0.046296296296296294
2 0.42578125 0.20092592592592592 0.008854166666666666 0.05740740740740741
2 0.48463541666666665 0.27824074074074073 0.0109375 0.06759259259259259
2 0.3338541666666667 0.3398148148148148 0.011458333333333333 0.06851851851851852
2 0.5958333333333333 0.2101851851851852 0.0125 0.05925925925925926
2 0.7231770833333333 0.30833333333333335 0.0140625 0.06666666666666667
2 0.11380208333333333 0.325 0.015104166666666667 0.07222222222222222
2 0.20260416666666667 0.2125 0.014583333333333334 0.06018518518518518
2 0.496875 0.1398148148148148 0.009375 0.05
2 0.48880208333333336 0.39675925925925926 0.018229166666666668 0.08425925925925926
2 0.9338541666666667 0.3523148148148148 0.014583333333333334 0.075
2 0.7197916666666667 0.10277777777777777 0.007291666666666667 0.04814814814814815
2 0.49375 0.21481481481481482 0.011458333333333333 0.06111111111111111
1 0.4979166666666667 0.30694444444444446 0.007291666666666667 0.012037037037037037
