2 0.18359375 0.31527777777777777 0.0109375 0.049074074074074076
2 0.4484375 0.3972222222222222 0.013541666666666667 0.05555555555555555
2 0.5765625 0.3037037037037037 0.010416666666666666 0.046296296296296294
2 0.44895833333333335 0.3435185185185185 0.010416666666666666 0.04814814814814815
2 0.8375 0.6657407407407407 0.016666666666666666 0.07037037037037037
2 0.30182291666666666 0.4777777777777778 0.013020833333333334 0.06111111111111111
2 0.690625 0.6273148148148148 0.011458333333333333 0.06944444444444445
2 0.28541666666666665 0.7296296296296296 0.01875 0.08703703703703704
2 0.22864583333333333 0.6064814814814815 0.015625 0.07407407407407407
2 0.175 0.23194444444444445 0.010416666666666666 0.03981481481481482
2 0.5536458333333333 0.26805555555555555 0.010416666666666666 0.03981481481481482
2 0.13802083333333334 0.4125 0.011458333333333333 0.05648148148148148
2 0.4765625 0.40370370370370373 0.0125 0.05185185185185185
2 0.48776041666666664 0.3476851851851852 0.0109375 0.049074074074074076
2 0.5083333333333333 0.3625 0.009375 0.04722222222222222
2 0.10807291666666667 0.48518518518518516 0.015104166666666667 0.06481481481481481
2 0.3223958333333333 0.3458333333333333 0.013541666666666667 0.05092592592592592
2 0.20989583333333334 0.2712962962962963 0.008333333333333333 0.03888888888888889
2 0.6989583333333333 0.4050925925925926 0.011458333333333333 0.06018518518518518
2 0.7372395833333333 0.4305555555555556 0.0140625 0.05925925925925926
2 0.5760416666666667 0.24166666666666667 0.008333333333333333 0.03888888888888889
2 0.5380208333333333 0.30787037037037035 0.010416666666666666 0.04537037037037037
