2 0.1546875 0.4439814814814815 0.010416666666666666 0.05092592592592592
2 0.5111979166666667 0.4449074074074074 0.018229166666666668 0.05092592592592592
2 0.6744791666666666 0.3814814814814815 0.010416666666666666 0.04259259259259259
2 0.44609375 0.38935185185185184 0.011979166666666667 0.04351851851851852
2 0.8348958333333333 0.6949074074074074 0.016666666666666666 0.062037037037037036
2 0.19557291666666668 0.5152777777777777 0.011979166666666667 0.05277777777777778
2 0.5979166666666667 0.6731481481481482 0.017708333333333333 0.06481481481481481
2 0.20208333333333334 0.675 0.014583333333333334 0.07037037037037037
2 0.2171875 0.5925925925925926 0.0125 0.06111111111111111
2 0.16015625 0.3435185185185185 0.009895833333333333 0.04259259259259259
2 0.6515625 0.3384259259259259 0.007291666666666667 0.03425925925925926
2 0.17682291666666666 0.46435185185185185 0.0109375 0.05092592592592592
2 0.9736979166666667 0.4236111111111111 0.0109375 0.04722222222222222
2 0.3541666666666667 0.4888888888888889 0.016666666666666666 0.05185185185185185
2 0.4778645833333333 0.40046296296296297 0.009895833333333333 0.04351851851851852
2 0.5708333333333333 0.4148148148148148 0.008333333333333333 0.044444444444444446
2 0.21510416666666668 0.4027777777777778 0.0125 0.044444444444444446
2 0.19635416666666666 0.37222222222222223 0.007291666666666667 0.03333333333333333
2 0.7450520833333333 0.449537037037037 0.0140625 0.05092592592592592
2 0.8177083333333334 0.4708333333333333 0.009375 0.05092592592592592
2 0.6611979166666667 0.3194444444444444 0.0078125 0.03333333333333333
2 0.6091145833333333 0.38101851851851853 0.0078125 0.04351851851851852
