2 0.2635416666666667 0.23055555555555557 0.0125 0.04814814814814815
2 0.36302083333333335 0.3050925925925926 0.010416666666666666 0.062037037037037036
2 0.7442708333333333 0.2175925925925926 0.009375 0.04814814814814815
2 0.47369791666666666 0.22037037037037038 0.0171875 0.05
2 0.8294270833333334 0.5972222222222222 0.027604166666666666 0.07592592592592592
2 0.5671875 0.34444444444444444 0.01875 0.05925925925925926
2 0.5872395833333334 0.525 0.019270833333333334 0.07222222222222222
2 0.26588541666666665 0.7986111111111112 0.0234375 0.09722222222222222
2 0.11432291666666666 0.4083333333333333 0.0140625 0.06481481481481481
2 0.19296875 0.15231481481481482 0.0140625 0.04351851851851852
2 0.6177083333333333 0.1597222222222222 0.013541666666666667 0.03796296296296296
2 0.27578125 0.22962962962962963 0.0109375 0.044444444444444446
2 0.39427083333333335 0.3101851851851852 0.0125 0.05740740740740741
2 0.5231770833333333 0.2152777777777778 0.016145833333333335 0.04351851851851852
2 0.6203125 0.2550925925925926 0.013541666666666667 0.05092592592592592
2 0.10729166666666666 0.2902777777777778 0.015625 0.05462962962962963
2 0.26197916666666665 0.18055555555555555 0.009375 0.040740740740740744
2 0.24088541666666666 0.18009259259259258 0.015104166666666667 0.04351851851851852
2 0.6390625 0.2638888888888889 0.013541666666666667 0.05555555555555555
2 0.8190104166666666 0.3537037037037037 0.021354166666666667 0.06666666666666667
2 0.6471354166666666 0.16203703703703703 0.009895833333333333 0.037037037037037035
2 0.7114583333333333 0.22407407407407406 0.014583333333333334 0.05
1 0.3125 0.2361111111111111 0.004166666666666667 0.009259259259259259
