2 0.23020833333333332 0.30648148148148147 0.014583333333333334 0.053703703703703705
2 0.5375 0.3662037037037037 0.016666666666666666 0.05462962962962963
2 0.8690104166666667 0.31203703703703706 0.0203125 0.05
2 0.50390625 0.2574074074074074 0.016145833333333335 0.04259259259259259
2 0.7588541666666667 0.6435185185185185 0.025 0.07592592592592592
2 0.19479166666666667 0.3675925925925926 0.01875 0.05185185185185185
2 0.5885416666666666 0.725 0.03229166666666667 0.08518518518518518
2 0.32421875 0.5300925925925926 0.011979166666666667 0.07314814814814814
2 0.3723958333333333 0.5166666666666667 0.021875 0.06851851851851852
2 0.2669270833333333 0.20555555555555555 0.0078125 0.03333333333333333
2 0.78125 0.22268518518518518 0.011458333333333333 0.03425925925925926
2 0.3333333333333333 0.3199074074074074 0.014583333333333334 0.05462962962962963
2 0.43046875 0.3800925925925926 0.015104166666666667 0.058333333333333334
2 0.5395833333333333 0.31157407407407406 0.0125 0.05092592592592592
2 0.62734375 0.36527777777777776 0.0171875 0.049074074074074076
2 0.115625 0.37037037037037035 0.013541666666666667 0.05925925925925926
2 0.30364583333333334 0.2712962962962963 0.011458333333333333 0.05
2 0.36041666666666666 0.25833333333333336 0.011458333333333333 0.046296296296296294
2 0.7317708333333334 0.3736111111111111 0.021875 0.058333333333333334
2 0.8799479166666667 0.4199074074074074 0.022395833333333334 0.06574074074074074
2 0.8046875 0.2550925925925926 0.01875 0.03981481481481482
2 0.7625 0.27037037037037037 0.017708333333333333 0.046296296296296294
1 0.6737552083333334 0.11474074074074074 0.004000000000000033 0.007888888888888898
