2 0.2859375 0.3439814814814815 0.021875 0.07685185185185185
2 0.5184895833333333 0.3388888888888889 0.015104166666666667 0.06851851851851852
2 0.7763020833333333 0.3763888888888889 0.0171875 0.07685185185185185
2 0.3963541666666667 0.3574074074074074 0.01875 0.07407407407407407
2 0.7643229166666666 0.8194444444444444 0.027604166666666666 0.1
2 0.4791666666666667 0.5902777777777778 0.01875 0.09537037037037037
2 0.37057291666666664 0.6759259259259259 0.0234375 0.09259259259259259
2 0.19557291666666668 0.7550925925925925 0.0203125 0.11018518518518519
2 0.19296875 0.6268518518518519 0.021354166666666667 0.08518518518518518
2 0.4192708333333333 0.052314814814814814 0.0125 0.04351851851851852
2 0.49505208333333334 0.3023148148148148 0.018229166666666668 0.06574074074074074
2 0.25 0.5175925925925926 0.029166666666666667 0.08518518518518518
2 0.3723958333333333 0.4615740740740741 0.014583333333333334 0.0787037037037037
2 0.5515625 0.40370370370370373 0.014583333333333334 0.07777777777777778
2 0.4856770833333333 0.4439814814814815 0.019270833333333334 0.07314814814814814
2 0.22421875 0.4476851851851852 0.015104166666666667 0.08055555555555556
2 0.3229166666666667 0.2625 0.017708333333333333 0.06574074074074074
2 0.3609375 0.20185185185185187 0.011458333333333333 0.05555555555555555
2 0.7296875 0.4648148148148148 0.019791666666666666 0.08333333333333333
2 0.8302083333333333 0.549537037037037 0.021875 0.09537037037037037
2 0.7505208333333333 0.23657407407407408 0.0125 0.062037037037037036
2 0.5276041666666667 0.39490740740740743 0.016666666666666666 0.07685185185185185
