2 0.24973958333333332 0.36574074074074076 0.013020833333333334 0.07592592592592592
2 0.5294270833333333 0.3592592592592593 0.016145833333333335 0.06851851851851852
2 0.821875 0.44305555555555554 0.021875 0.0787037037037037
2 0.40703125 0.4444444444444444 0.024479166666666666 0.07037037037037037
2 0.8057291666666667 0.7476851851851852 0.019791666666666666 0.09907407407407408
2 0.5559895833333334 0.5800925925925926 0.0203125 0.08796296296296297
2 0.36822916666666666 0.6597222222222222 0.019791666666666666 0.08981481481481482
2 0.2682291666666667 0.6185185185185185 0.025 0.08888888888888889
2 0.17916666666666667 0.5833333333333334 0.025 0.08518518518518518
2 0.40651041666666665 0.08194444444444444 0.0109375 0.04537037037037037
2 0.5213541666666667 0.3402777777777778 0.015625 0.062037037037037036
2 0.38776041666666666 0.4791666666666667 0.0171875 0.075
2 0.54375 0.475462962962963 0.013541666666666667 0.09907407407407408
2 0.5643229166666667 0.4675925925925926 0.015104166666666667 0.053703703703703705
2 0.5601041666666667 0.5087962962962963 0.02020833333333331 0.0787037037037037
2 0.22239583333333332 0.4773148148148148 0.017708333333333333 0.0787037037037037
2 0.30572916666666666 0.2740740740740741 0.014583333333333334 0.06296296296296296
2 0.37552083333333336 0.2361111111111111 0.011458333333333333 0.05740740740740741
2 0.8015625 0.512962962962963 0.020833333333333332 0.08148148148148149
2 0.8375 0.5375 0.026041666666666668 0.08981481481481482
2 0.7833333333333333 0.3162037037037037 0.013541666666666667 0.06759259259259259
2 0.5986979166666667 0.45694444444444443 0.021354166666666667 0.0712962962962963
1 0.5375 0.3347222222222222 0.00625 0.012037037037037037
