2 0.17708333333333334 0.25555555555555554 0.013541666666666667 0.06851851851851852
2 0.365625 0.49398148148148147 0.016666666666666666 0.08611111111111111
2 0.8640625 0.22546296296296298 0.013541666666666667 0.062037037037037036
2 0.29270833333333335 0.27546296296296297 0.013541666666666667 0.06574074074074074
2 0.8484375 0.5578703703703703 0.016666666666666666 0.08425925925925926
2 0.5338541666666666 0.4199074074074074 0.017708333333333333 0.0787037037037037
2 0.4440104166666667 0.5703703703703704 0.0171875 0.08518518518518518
2 0.49322916666666666 0.8962962962962963 0.020833333333333332 0.11666666666666667
2 0.07421875 0.5106481481481482 0.016145833333333335 0.08055555555555556
2 0.25885416666666666 0.07037037037037037 0.011458333333333333 0.046296296296296294
2 0.42604166666666665 0.21574074074074073 0.011458333333333333 0.05925925925925926
2 0.47734375 0.28888888888888886 0.0109375 0.06666666666666667
2 0.32708333333333334 0.35648148148148145 0.013541666666666667 0.07222222222222222
2 0.5890625 0.22083333333333333 0.0125 0.058333333333333334
2 0.7106770833333333 0.3189814814814815 0.0109375 0.06574074074074074
2 0.1109375 0.34305555555555556 0.015625 0.0712962962962963
2 0.20442708333333334 0.23055555555555557 0.0109375 0.06296296296296296
2 0.4903645833333333 0.15324074074074073 0.009895833333333333 0.05092592592592592
2 0.4825520833333333 0.4078703703703704 0.018229166666666668 0.0824074074074074
2 0.9356770833333333 0.35555555555555557 0.0171875 0.07222222222222222
2 0.7018229166666666 0.11481481481481481 0.011979166666666667 0.04814814814814815
2 0.4984375 0.23564814814814813 0.011458333333333333 0.062037037037037036
1 0.49114583333333334 0.3175925925925926 0.007291666666666667 0.012962962962962963
