1 0.22578125 0.4074074074074074 0.016145833333333335 0.05740740740740741
1 0.6231770833333333 0.40925925925925927 0.0203125 0.05185185185185185
1 0.878125 0.37083333333333335 0.010416666666666666 0.05277777777777778
1 0.51484375 0.33796296296296297 0.013020833333333334 0.04259259259259259
1 0.8901041666666667 0.663425925925926 0.023958333333333335 0.06574074074074074
1 0.24713541666666666 0.46435185185185185 0.013020833333333334 0.05462962962962963
1 0.6713541666666667 0.7032407407407407 0.020833333333333332 0.07685185185185185
1 0.2833333333333333 0.6273148148148148 0.01875 0.07314814814814814
1 0.33151041666666664 0.5768518518518518 0.011979166666666667 0.06666666666666667
1 0.24166666666666667 0.300462962962963 0.010416666666666666 0.03981481481481482
1 0.8427083333333333 0.29907407407407405 0.010416666666666666 0.037037037037037035
1 0.2786458333333333 0.4199074074074074 0.014583333333333334 0.05277777777777778
1 0.384375 0.47129629629629627 0.013541666666666667 0.05740740740740741
1 0.5783854166666667 0.3675925925925926 0.0140625 0.04259259259259259
1 0.6838541666666667 0.41435185185185186 0.011458333333333333 0.05277777777777778
1 0.02578125 0.4875 0.013020833333333334 0.062037037037037036
1 0.27239583333333334 0.3523148148148148 0.013541666666666667 0.04722222222222222
1 0.3106770833333333 0.3375 0.0109375 0.04351851851851852
1 0.8231770833333333 0.4351851851851852 0.0171875 0.05740740740740741
1 0.9247395833333333 0.4615740740740741 0.0171875 0.058333333333333334
1 0.8770833333333333 0.3074074074074074 0.011458333333333333 0.03888888888888889
1 0.7309895833333333 0.3523148148148148 0.016145833333333335 0.05277777777777778
1 0.9731770833333333 0.3087962962962963 0.0046875 0.006481481481481481
