2 0.18359375 0.31296296296296294 0.011979166666666667 0.05
2 0.45026041666666666 0.3962962962962963 0.015104166666666667 0.05555555555555555
2 0.5770833333333333 0.3013888888888889 0.008333333333333333 0.04722222222222222
2 0.44765625 0.34120370370370373 0.009895833333333333 0.049074074074074076
2 0.8380208333333333 0.6657407407407407 0.016666666666666666 0.07222222222222222
2 0.30416666666666664 0.47824074074074074 0.013541666666666667 0.062037037037037036
2 0.68828125 0.6282407407407408 0.019270833333333334 0.06759259259259259
2 0.2875 0.7310185185185185 0.016666666666666666 0.08611111111111111
2 0.22890625 0.6064814814814815 0.016145833333333335 0.07407407407407407
2 0.17447916666666666 0.22916666666666666 0.010416666666666666 0.03981481481481482
2 0.5544270833333333 0.26666666666666666 0.0109375 0.040740740740740744
2 0.1375 0.412962962962963 0.0125 0.05740740740740741
2 0.47734375 0.4041666666666667 0.0140625 0.05092592592592592
2 0.4890625 0.34675925925925927 0.011458333333333333 0.049074074074074076
2 0.5083333333333333 0.3611111111111111 0.009375 0.04814814814814815
2 0.10911458333333333 0.48703703703703705 0.0171875 0.06666666666666667
2 0.3223958333333333 0.3453703703703704 0.014583333333333334 0.05185185185185185
2 0.21015625 0.2689814814814815 0.008854166666666666 0.03796296296296296
2 0.6989583333333333 0.40555555555555556 0.013541666666666667 0.05925925925925926
2 0.7393229166666667 0.42962962962962964 0.0109375 0.05925925925925926
2 0.5770833333333333 0.23981481481481481 0.009375 0.03888888888888889
2 0.5390625 0.30694444444444446 0.0125 0.04537037037037037
