2 0.21223958333333334 0.32916666666666666 0.0171875 0.06574074074074074
2 0.49375 0.37175925925925923 0.011458333333333333 0.06574074074074074
2 0.6770833333333334 0.29953703703703705 0.0125 0.062037037037037036
2 0.42682291666666666 0.399537037037037 0.013020833333333334 0.0712962962962963
2 0.8145833333333333 0.7407407407407407 0.025 0.09074074074074075
2 0.42916666666666664 0.5287037037037037 0.015625 0.07592592592592592
2 0.6138020833333333 0.6962962962962963 0.0296875 0.08703703703703704
2 0.3307291666666667 0.8009259259259259 0.023958333333333335 0.1
2 0.25677083333333334 0.6819444444444445 0.020833333333333332 0.08611111111111111
2 0.25416666666666665 0.14675925925925926 0.010416666666666666 0.041666666666666664
2 0.54375 0.27361111111111114 0.013541666666666667 0.05462962962962963
2 0.18098958333333334 0.4287037037037037 0.0140625 0.07222222222222222
2 0.4278645833333333 0.4759259259259259 0.016145833333333335 0.053703703703703705
2 0.5395833333333333 0.3523148148148148 0.015625 0.06388888888888888
2 0.5080729166666667 0.42824074074074076 0.0140625 0.0712962962962963
2 0.15651041666666668 0.5055555555555555 0.013020833333333334 0.07962962962962963
2 0.3223958333333333 0.33287037037037037 0.020833333333333332 0.06388888888888888
2 0.2994791666666667 0.22037037037037038 0.010416666666666666 0.05
2 0.7736979166666667 0.4351851851851852 0.013020833333333334 0.07407407407407407
2 0.8283854166666667 0.48842592592592593 0.019270833333333334 0.0787037037037037
2 0.6830729166666667 0.2125 0.009895833333333333 0.05092592592592592
2 0.5984375 0.29814814814814816 0.0125 0.05555555555555555
