2 0.30625 0.3384259259259259 0.017708333333333333 0.07685185185185185
2 0.5544270833333333 0.33240740740740743 0.015104166666666667 0.07222222222222222
2 0.82265625 0.3912037037037037 0.021354166666666667 0.07685185185185185
2 0.4192708333333333 0.36712962962962964 0.01875 0.0712962962962963
2 0.7630208333333334 0.7944444444444444 0.027083333333333334 0.10185185185185185
2 0.540625 0.5953703703703703 0.014583333333333334 0.09259259259259259
2 0.37421875 0.6416666666666667 0.0234375 0.09074074074074075
2 0.246875 0.7092592592592593 0.021875 0.1037037037037037
2 0.1765625 0.6097222222222223 0.016666666666666666 0.09166666666666666
2 0.4552083333333333 0.05092592592592592 0.011458333333333333 0.044444444444444446
2 0.5184895833333333 0.3074074074074074 0.016145833333333335 0.06666666666666667
2 0.39947916666666666 0.47962962962962963 0.03229166666666667 0.07407407407407407
2 0.42890625 0.45092592592592595 0.0203125 0.06481481481481481
2 0.6052083333333333 0.39675925925925926 0.014583333333333334 0.07685185185185185
2 0.5080729166666667 0.4652777777777778 0.027604166666666666 0.0712962962962963
2 0.25 0.4375 0.0125 0.0787037037037037
2 0.34817708333333336 0.2574074074074074 0.019270833333333334 0.06666666666666667
2 0.39557291666666666 0.20879629629629629 0.013020833333333334 0.05648148148148148
2 0.8046875 0.4777777777777778 0.014583333333333334 0.08703703703703704
2 0.8536458333333333 0.5564814814814815 0.029166666666666667 0.08703703703703704
2 0.7927083333333333 0.2587962962962963 0.013541666666666667 0.06388888888888888
2 0.5875 0.3962962962962963 0.017708333333333333 0.07407407407407407
1 0.875109375 0.039870370370370375 0.008531250000000056 0.01275925925925926
