2 0.29583333333333334 0.3523148148148148 0.017708333333333333 0.0787037037037037
2 0.53984375 0.3578703703703704 0.0140625 0.0712962962962963
2 0.78203125 0.3712962962962963 0.016145833333333335 0.07407407407407407
2 0.40651041666666665 0.36574074074074076 0.013020833333333334 0.07222222222222222
2 0.79375 0.8263888888888888 0.03125 0.10648148148148148
2 0.4778645833333333 0.5787037037037037 0.016145833333333335 0.09259259259259259
2 0.42213541666666665 0.6958333333333333 0.018229166666666668 0.09537037037037037
2 0.19348958333333333 0.7694444444444445 0.0140625 0.1037037037037037
2 0.21588541666666666 0.6333333333333333 0.019270833333333334 0.08703703703703704
2 0.41875 0.06157407407407407 0.010416666666666666 0.04351851851851852
2 0.51484375 0.3023148148148148 0.013020833333333334 0.06388888888888888
2 0.24114583333333334 0.4986111111111111 0.013541666666666667 0.0824074074074074
2 0.38619791666666664 0.46944444444444444 0.0140625 0.08148148148148149
2 0.5541666666666667 0.4064814814814815 0.017708333333333333 0.07592592592592592
2 0.49765625 0.44675925925925924 0.016145833333333335 0.075
2 0.246875 0.4550925925925926 0.015625 0.0787037037037037
2 0.33098958333333334 0.2773148148148148 0.016145833333333335 0.06944444444444445
2 0.3697916666666667 0.20416666666666666 0.013541666666666667 0.05648148148148148
2 0.7393229166666667 0.4666666666666667 0.015104166666666667 0.08518518518518518
2 0.82734375 0.5541666666666667 0.0203125 0.09166666666666666
2 0.75625 0.2337962962962963 0.0125 0.06018518518518518
2 0.5283854166666667 0.3773148148148148 0.015104166666666667 0.07314814814814814
