2 0.2375 0.35694444444444445 0.023958333333333335 0.06574074074074074
2 0.4940104166666667 0.375 0.0203125 0.06481481481481481
2 0.7283854166666667 0.38472222222222224 0.0171875 0.0712962962962963
2 0.453125 0.3773148148148148 0.017708333333333333 0.062037037037037036
2 0.78515625 0.6541666666666667 0.024479166666666666 0.0787037037037037
2 0.5528645833333333 0.5796296296296296 0.018229166666666668 0.08518518518518518
2 0.5315104166666667 0.7550925925925925 0.021354166666666667 0.08981481481481482
2 0.30546875 0.6685185185185185 0.018229166666666668 0.09259259259259259
2 0.20260416666666667 0.6259259259259259 0.025 0.08703703703703704
2 0.33880208333333334 0.13564814814814816 0.015104166666666667 0.03796296296296296
2 0.6299479166666667 0.33425925925925926 0.015104166666666667 0.06111111111111111
2 0.3307291666666667 0.46435185185185185 0.020833333333333332 0.06574074074074074
2 0.36692708333333335 0.4824074074074074 0.019270833333333334 0.07407407407407407
2 0.5760416666666667 0.38796296296296295 0.01875 0.06666666666666667
2 0.5544270833333333 0.46620370370370373 0.0140625 0.075
2 0.14270833333333333 0.475 0.020833333333333332 0.07222222222222222
2 0.2864583333333333 0.28194444444444444 0.020833333333333332 0.05277777777777778
2 0.3453125 0.26342592592592595 0.01875 0.041666666666666664
2 0.6424479166666667 0.49166666666666664 0.019270833333333334 0.08333333333333333
2 0.7078125 0.5069444444444444 0.016666666666666666 0.08611111111111111
2 0.7463541666666667 0.3449074074074074 0.019791666666666666 0.062037037037037036
2 0.72421875 0.36203703703703705 0.009895833333333333 0.05555555555555555
1 0.45447395833333337 0.0976574074074074 0.005208333333333333 0.009851851851851853
