2 0.28515625 0.3449074074074074 0.021354166666666667 0.07685185185185185
2 0.5166666666666667 0.3384259259259259 0.014583333333333334 0.06759259259259259
2 0.7752604166666667 0.3787037037037037 0.0171875 0.07962962962962963
2 0.39505208333333336 0.3592592592592593 0.019270833333333334 0.07407407407407407
2 0.7567708333333333 0.8152777777777778 0.020833333333333332 0.10277777777777777
2 0.47942708333333334 0.5935185185185186 0.021354166666666667 0.09444444444444444
2 0.3614583333333333 0.6685185185185185 0.035416666666666666 0.08888888888888889
2 0.19609375 0.7513888888888889 0.019270833333333334 0.11018518518518519
2 0.18619791666666666 0.6259259259259259 0.019270833333333334 0.08888888888888889
2 0.4192708333333333 0.05138888888888889 0.0125 0.04537037037037037
2 0.49375 0.3037037037037037 0.020833333333333332 0.06481481481481481
2 0.25885416666666666 0.5138888888888888 0.022916666666666665 0.08333333333333333
2 0.36692708333333335 0.4597222222222222 0.016145833333333335 0.07685185185185185
2 0.5515625 0.40324074074074073 0.013541666666666667 0.0787037037037037
2 0.48359375 0.4439814814814815 0.015104166666666667 0.075
2 0.22083333333333333 0.44814814814814813 0.021875 0.07962962962962963
2 0.3216145833333333 0.26157407407407407 0.018229166666666668 0.06574074074074074
2 0.36015625 0.20324074074074075 0.011979166666666667 0.05648148148148148
2 0.7299479166666667 0.46435185185185185 0.019270833333333334 0.08425925925925926
2 0.8294270833333334 0.5476851851851852 0.0234375 0.09166666666666666
2 0.7497395833333333 0.23935185185185184 0.013020833333333334 0.062037037037037036
2 0.5283854166666667 0.39675925925925926 0.018229166666666668 0.075
