2 0.2955729166666667 0.35324074074074074 0.0171875 0.0787037037037037
2 0.53984375 0.35833333333333334 0.013020833333333334 0.07222222222222222
2 0.7817708333333333 0.3712962962962963 0.015625 0.07407407407407407
2 0.40651041666666665 0.36666666666666664 0.013020833333333334 0.07222222222222222
2 0.79375 0.8263888888888888 0.03125 0.10648148148148148
2 0.4778645833333333 0.5777777777777777 0.016145833333333335 0.09259259259259259
2 0.4231770833333333 0.6967592592592593 0.021354166666666667 0.09722222222222222
2 0.19401041666666666 0.7703703703703704 0.015104166666666667 0.1037037037037037
2 0.21536458333333333 0.6333333333333333 0.019270833333333334 0.08703703703703704
2 0.41822916666666665 0.0625 0.010416666666666666 0.041666666666666664
2 0.5153645833333333 0.3023148148148148 0.0140625 0.06388888888888888
2 0.24088541666666666 0.4976851851851852 0.0140625 0.08425925925925926
2 0.38671875 0.4699074074074074 0.016145833333333335 0.08055555555555556
2 0.5544270833333333 0.4064814814814815 0.0171875 0.07592592592592592
2 0.4973958333333333 0.44722222222222224 0.016666666666666666 0.07592592592592592
2 0.24765625 0.4550925925925926 0.016145833333333335 0.0787037037037037
2 0.3307291666666667 0.27824074074074073 0.016666666666666666 0.06944444444444445
2 0.3697916666666667 0.2050925925925926 0.013541666666666667 0.05648148148148148
2 0.7390625 0.4666666666666667 0.015625 0.08518518518518518
2 0.82734375 0.5541666666666667 0.0203125 0.09166666666666666
2 0.7559895833333333 0.23425925925925925 0.011979166666666667 0.05925925925925926
2 0.5283854166666667 0.3768518518518518 0.015104166666666667 0.07222222222222222
