2 0.23489583333333333 0.29953703703703705 0.016666666666666666 0.06388888888888888
2 0.4822916666666667 0.3486111111111111 0.022916666666666665 0.06574074074074074
2 0.7950520833333333 0.3398148148148148 0.011979166666666667 0.06296296296296296
2 0.44583333333333336 0.30972222222222223 0.014583333333333334 0.062037037037037036
2 0.7619791666666667 0.6185185185185185 0.017708333333333333 0.08518518518518518
2 0.5557291666666667 0.5013888888888889 0.020833333333333332 0.06944444444444445
2 0.64140625 0.7773148148148148 0.0203125 0.09722222222222222
2 0.3296875 0.6055555555555555 0.015625 0.08888888888888889
2 0.22734375 0.5726851851851852 0.0171875 0.08055555555555556
2 0.3575520833333333 0.12037037037037036 0.0109375 0.04259259259259259
2 0.65078125 0.2847222222222222 0.011979166666666667 0.05462962962962963
2 0.2916666666666667 0.38657407407407407 0.017708333333333333 0.062037037037037036
2 0.3890625 0.42916666666666664 0.015625 0.075
2 0.56328125 0.324537037037037 0.011979166666666667 0.058333333333333334
2 0.5934895833333333 0.4152777777777778 0.0140625 0.0712962962962963
2 0.16197916666666667 0.4064814814814815 0.014583333333333334 0.07037037037037037
2 0.31796875 0.25972222222222224 0.0203125 0.05648148148148148
2 0.34453125 0.2462962962962963 0.0140625 0.053703703703703705
2 0.728125 0.4546296296296296 0.014583333333333334 0.08148148148148149
2 0.7893229166666667 0.46064814814814814 0.0140625 0.0787037037037037
2 0.7453125 0.2967592592592593 0.015625 0.05648148148148148
2 0.7606770833333333 0.3101851851851852 0.021354166666666667 0.05555555555555555
1 0.26979166666666665 0.18287037037037038 0.004166666666666667 0.008333333333333333
