1 0.28828125 0.3416666666666667 0.018229166666666668 0.07592592592592592
1 0.5260416666666666 0.3351851851851852 0.01875 0.07222222222222222
1 0.7869791666666667 0.3837962962962963 0.014583333333333334 0.0787037037037037
1 0.39947916666666666 0.362962962962963 0.021875 0.07222222222222222
1 0.7505208333333333 0.8078703703703703 0.023958333333333335 0.10833333333333334
1 0.5020833333333333 0.5949074074074074 0.013541666666666667 0.09351851851851851
1 0.35520833333333335 0.6504629629629629 0.020833333333333332 0.09351851851851851
1 0.21744791666666666 0.7328703703703704 0.021354166666666667 0.10648148148148148
1 0.17473958333333334 0.6236111111111111 0.018229166666666668 0.09166666666666666
1 0.43125 0.050462962962962966 0.0125 0.04537037037037037
1 0.49713541666666666 0.3074074074074074 0.013020833333333334 0.06481481481481481
1 0.31302083333333336 0.49953703703703706 0.030208333333333334 0.0824074074074074
1 0.36822916666666666 0.45 0.022916666666666665 0.06851851851851852
1 0.5661458333333333 0.39861111111111114 0.011458333333333333 0.07685185185185185
1 0.4981770833333333 0.4550925925925926 0.021354166666666667 0.0712962962962963
1 0.22317708333333333 0.4425925925925926 0.0203125 0.07777777777777778
1 0.328125 0.2601851851851852 0.015625 0.06666666666666667
1 0.3692708333333333 0.2064814814814815 0.013541666666666667 0.05740740740740741
1 0.7549479166666667 0.4675925925925926 0.027604166666666666 0.08333333333333333
1 0.8341145833333333 0.5462962962962963 0.0203125 0.09259259259259259
1 0.7619791666666667 0.24722222222222223 0.0125 0.06296296296296296
1 0.5502604166666667 0.39537037037037037 0.018229166666666668 0.07592592592592592
