2 0.27447916666666666 0.3486111111111111 0.014583333333333334 0.07685185185185185
2 0.5572916666666666 0.3421296296296296 0.014583333333333334 0.0712962962962963
2 0.8627604166666667 0.4083333333333333 0.021354166666666667 0.07592592592592592
2 0.39296875 0.39814814814814814 0.021354166666666667 0.07592592592592592
2 0.7908854166666667 0.7736111111111111 0.025520833333333333 0.10092592592592593
2 0.5544270833333333 0.5935185185185186 0.019270833333333334 0.09074074074074075
2 0.36822916666666666 0.65 0.021875 0.09444444444444444
2 0.24739583333333334 0.649074074074074 0.019791666666666666 0.10185185185185185
2 0.15989583333333332 0.5930555555555556 0.015625 0.08981481481481482
2 0.44166666666666665 0.06342592592592593 0.013541666666666667 0.04351851851851852
2 0.5223958333333333 0.3194444444444444 0.015625 0.06666666666666667
2 0.42135416666666664 0.48333333333333334 0.016666666666666666 0.07777777777777778
2 0.5310052083333333 0.4601851851851852 0.02538541666666673 0.05870370370370374
2 0.6388020833333333 0.4162037037037037 0.019270833333333334 0.07685185185185185
2 0.525046875 0.4902962962962963 0.02563541666666668 0.08144444444444443
2 0.23880208333333333 0.4546296296296296 0.013020833333333334 0.07592592592592592
2 0.32708333333333334 0.2638888888888889 0.014583333333333334 0.06666666666666667
2 0.3854166666666667 0.22453703703703703 0.0125 0.05648148148148148
2 0.8427083333333333 0.5018518518518519 0.020833333333333332 0.08333333333333333
2 0.8971354166666666 0.5416666666666666 0.021354166666666667 0.09074074074074075
2 0.7966145833333333 0.28564814814814815 0.016145833333333335 0.06574074074074074
2 0.61796875 0.4185185185185185 0.019270833333333334 0.07222222222222222
1 0.5307291666666667 0.37453703703703706 0.005208333333333333 0.010185185185185186
