2 0.26197916666666665 0.37777777777777777 0.020833333333333332 0.07222222222222222
2 0.5390625 0.37083333333333335 0.0125 0.06944444444444445
2 0.8010416666666667 0.4837962962962963 0.028125 0.07314814814814814
2 0.4739583333333333 0.45740740740740743 0.016666666666666666 0.07592592592592592
2 0.8138020833333334 0.7305555555555555 0.024479166666666666 0.09444444444444444
2 0.5848958333333333 0.5944444444444444 0.017708333333333333 0.08703703703703704
2 0.3919270833333333 0.6902777777777778 0.027604166666666666 0.07314814814814814
2 0.34270833333333334 0.611574074074074 0.016666666666666666 0.08425925925925926
2 0.2265625 0.600925925925926 0.019791666666666666 0.08518518518518518
2 0.41848958333333336 0.10092592592592593 0.008854166666666666 0.044444444444444446
2 0.584375 0.36944444444444446 0.013541666666666667 0.06666666666666667
2 0.43723958333333335 0.49953703703703706 0.015104166666666667 0.08055555555555556
2 0.45703125 0.5203703703703704 0.019270833333333334 0.08333333333333333
2 0.5765625 0.5027777777777778 0.017708333333333333 0.07592592592592592
2 0.58125 0.524074074074074 0.020833333333333332 0.07592592592592592
2 0.225 0.5009259259259259 0.013541666666666667 0.08518518518518518
2 0.33177083333333335 0.2884259259259259 0.017708333333333333 0.06388888888888888
2 0.4015625 0.2523148148148148 0.010416666666666666 0.05462962962962963
2 0.6971354166666667 0.5087962962962963 0.025520833333333333 0.07685185185185185
2 0.7158854166666667 0.5078703703703704 0.015104166666666667 0.08055555555555556
2 0.778125 0.350462962962963 0.017708333333333333 0.06388888888888888
2 0.6625 0.49537037037037035 0.015625 0.07777777777777778
1 0.7348958333333333 0.42268518518518516 0.005208333333333333 0.010185185185185186
