2 0.27005208333333336 0.3699074074074074 0.015104166666666667 0.075
2 0.54296875 0.3888888888888889 0.013020833333333334 0.07407407407407407
2 0.7552083333333334 0.3597222222222222 0.017708333333333333 0.0712962962962963
2 0.3893229166666667 0.40555555555555556 0.018229166666666668 0.07592592592592592
2 0.7908854166666667 0.8050925925925926 0.022395833333333334 0.10092592592592593
2 0.46770833333333334 0.5574074074074075 0.020833333333333332 0.08703703703703704
2 0.44947916666666665 0.7277777777777777 0.023958333333333335 0.09444444444444444
2 0.20416666666666666 0.7958333333333333 0.020833333333333332 0.10462962962962963
2 0.2078125 0.6625 0.023958333333333335 0.08981481481481482
2 0.38125 0.08842592592592592 0.010416666666666666 0.04351851851851852
2 0.5109375 0.30462962962962964 0.013541666666666667 0.06296296296296296
2 0.19635416666666666 0.4810185185185185 0.015625 0.0824074074074074
2 0.39348958333333334 0.49166666666666664 0.015104166666666667 0.07962962962962963
2 0.55078125 0.4060185185185185 0.0203125 0.06944444444444445
2 0.49244791666666665 0.4587962962962963 0.0109375 0.075
2 0.22083333333333333 0.48055555555555557 0.016666666666666666 0.07777777777777778
2 0.29921875 0.32222222222222224 0.016145833333333335 0.06851851851851852
2 0.35885416666666664 0.21296296296296297 0.010416666666666666 0.053703703703703705
2 0.7315104166666667 0.475 0.0203125 0.08148148148148149
2 0.8182291666666667 0.5425925925925926 0.020833333333333332 0.08703703703703704
2 0.7361979166666667 0.23472222222222222 0.011979166666666667 0.058333333333333334
2 0.53046875 0.36944444444444446 0.013020833333333334 0.07222222222222222
