2 0.18177083333333333 0.29953703703703705 0.010416666666666666 0.049074074074074076
2 0.44817708333333334 0.38333333333333336 0.013020833333333334 0.06111111111111111
2 0.5924479166666666 0.2875 0.0140625 0.05092592592592592
2 0.4359375 0.3439814814814815 0.010416666666666666 0.05277777777777778
2 0.8286458333333333 0.6726851851851852 0.016666666666666666 0.0787037037037037
2 0.3421875 0.4777777777777778 0.016666666666666666 0.06481481481481481
2 0.6744791666666666 0.638425925925926 0.022916666666666665 0.07685185185185185
2 0.30364583333333334 0.7587962962962963 0.017708333333333333 0.09351851851851851
2 0.23880208333333333 0.6296296296296297 0.015104166666666667 0.08148148148148149
2 0.18020833333333333 0.19675925925925927 0.013541666666666667 0.041666666666666664
2 0.5471354166666667 0.2513888888888889 0.009895833333333333 0.03981481481481482
2 0.13203125 0.4060185185185185 0.013020833333333334 0.062037037037037036
2 0.46770833333333334 0.4115740740740741 0.015625 0.06018518518518518
2 0.49583333333333335 0.3375 0.013541666666666667 0.05277777777777778
2 0.509375 0.36435185185185187 0.010416666666666666 0.05277777777777778
2 0.12161458333333333 0.4898148148148148 0.022395833333333334 0.07037037037037037
2 0.3125 0.33101851851851855 0.016666666666666666 0.05462962962962963
2 0.22083333333333333 0.24537037037037038 0.009375 0.044444444444444446
2 0.7177083333333333 0.4023148148148148 0.011458333333333333 0.06574074074074074
2 0.7557291666666667 0.4310185185185185 0.013541666666666667 0.06574074074074074
2 0.5981770833333333 0.21805555555555556 0.0078125 0.04351851851851852
2 0.5473958333333333 0.28935185185185186 0.013541666666666667 0.049074074074074076
