2 0.23541666666666666 0.24074074074074073 0.010416666666666666 0.05555555555555555
2 0.45364583333333336 0.3023148148148148 0.015625 0.06574074074074074
2 0.8828125 0.30787037037037035 0.016666666666666666 0.06574074074074074
2 0.46197916666666666 0.24305555555555555 0.013541666666666667 0.06018518518518518
2 0.81796875 0.6462962962962963 0.021354166666666667 0.08888888888888889
2 0.5328125 0.4097222222222222 0.020833333333333332 0.0712962962962963
2 0.7390625 0.8074074074074075 0.034375 0.10555555555555556
2 0.33697916666666666 0.4787037037037037 0.022916666666666665 0.07592592592592592
2 0.22786458333333334 0.4888888888888889 0.027604166666666666 0.07592592592592592
2 0.4003541666666666 0.07472222222222223 0.0140625 0.037592592592592594
2 0.7052083333333333 0.2263888888888889 0.011458333333333333 0.05648148148148148
2 0.19088541666666667 0.2986111111111111 0.0171875 0.062037037037037036
2 0.00703125 0.28425925925925927 0.013020833333333334 0.05925925925925926
2 0.4473958333333333 0.36574074074074076 0.019791666666666666 0.06666666666666667
2 0.5645833333333333 0.25972222222222224 0.013541666666666667 0.06018518518518518
2 0.6708333333333333 0.35694444444444445 0.020833333333333332 0.06759259259259259
2 0.14557291666666666 0.30833333333333335 0.0203125 0.06296296296296296
2 0.39453125 0.2064814814814815 0.015104166666666667 0.05740740740740741
2 0.4557291666666667 0.1837962962962963 0.014583333333333334 0.05092592592592592
2 0.8450520833333334 0.4 0.016145833333333335 0.07777777777777778
2 0.8763020833333334 0.4217592592592593 0.016145833333333335 0.07314814814814814
2 0.7817708333333333 0.2351851851851852 0.0125 0.05740740740740741
2 0.7796875 0.26805555555555555 0.020833333333333332 0.05648148148148148
1 0.11848958333333333 0.2689814814814815 0.0046875 0.008333333333333333
