2 0.22552083333333334 0.3685185185185185 0.014583333333333334 0.07407407407407407
2 0.5364583333333334 0.37916666666666665 0.016666666666666666 0.0712962962962963
2 0.7104166666666667 0.3314814814814815 0.014583333333333334 0.06666666666666667
2 0.39453125 0.4361111111111111 0.018229166666666668 0.07777777777777778
2 0.8041666666666667 0.7981481481481482 0.026041666666666668 0.0962962962962963
2 0.42421875 0.5597222222222222 0.018229166666666668 0.08611111111111111
2 0.49921875 0.7305555555555555 0.016145833333333335 0.09074074074074075
2 0.23802083333333332 0.8078703703703703 0.019791666666666666 0.10462962962962963
2 0.20651041666666667 0.675 0.0203125 0.08703703703703704
2 0.31692708333333336 0.11851851851851852 0.009895833333333333 0.04259259259259259
2 0.5044270833333333 0.30462962962962964 0.0140625 0.05925925925925926
2 0.18984375 0.4671296296296296 0.016145833333333335 0.07685185185185185
2 0.40260416666666665 0.5027777777777778 0.019791666666666666 0.07407407407407407
2 0.5520833333333334 0.3819444444444444 0.014583333333333334 0.06574074074074074
2 0.4869791666666667 0.4638888888888889 0.011458333333333333 0.07407407407407407
2 0.19505208333333332 0.5120370370370371 0.0203125 0.07407407407407407
2 0.28984375 0.33935185185185185 0.019270833333333334 0.06759259259259259
2 0.33697916666666666 0.21712962962962962 0.011458333333333333 0.05092592592592592
2 0.7447916666666666 0.47638888888888886 0.026041666666666668 0.08055555555555556
2 0.8049479166666667 0.5199074074074074 0.018229166666666668 0.08425925925925926
2 0.7091145833333333 0.22361111111111112 0.009895833333333333 0.05462962962962963
2 0.55703125 0.34120370370370373 0.0140625 0.06018518518518518
