2 0.18177083333333333 0.3013888888888889 0.011458333333333333 0.058333333333333334
2 0.44895833333333335 0.3819444444444444 0.013541666666666667 0.06018518518518518
2 0.60390625 0.2865740740740741 0.0109375 0.05277777777777778
2 0.43385416666666665 0.3509259259259259 0.013541666666666667 0.06111111111111111
2 0.8263020833333333 0.6805555555555556 0.025520833333333333 0.07777777777777778
2 0.3578125 0.4847222222222222 0.013541666666666667 0.06759259259259259
2 0.6682291666666667 0.6462962962962963 0.026041666666666668 0.07777777777777778
2 0.30494791666666665 0.7685185185185185 0.0203125 0.09444444444444444
2 0.24270833333333333 0.6430555555555556 0.016666666666666666 0.08055555555555556
2 0.18645833333333334 0.18796296296296297 0.011458333333333333 0.044444444444444446
2 0.5458333333333333 0.2537037037037037 0.010416666666666666 0.044444444444444446
2 0.13515625 0.40879629629629627 0.011979166666666667 0.06388888888888888
2 0.4588541666666667 0.4222222222222222 0.011458333333333333 0.05925925925925926
2 0.50078125 0.3384259259259259 0.011979166666666667 0.05462962962962963
2 0.509375 0.3726851851851852 0.010416666666666666 0.05462962962962963
2 0.12786458333333334 0.4976851851851852 0.018229166666666668 0.07685185185185185
2 0.31171875 0.3287037037037037 0.016145833333333335 0.05555555555555555
2 0.22864583333333333 0.24027777777777778 0.010416666666666666 0.04351851851851852
2 0.7247395833333333 0.40555555555555556 0.011979166666666667 0.06666666666666667
2 0.76484375 0.4361111111111111 0.013020833333333334 0.06666666666666667
2 0.6075520833333333 0.21481481481481482 0.009895833333333333 0.04259259259259259
2 0.55546875 0.28935185185185186 0.013020833333333334 0.05092592592592592
