2 0.15182291666666667 0.3824074074074074 0.009895833333333333 0.044444444444444446
2 0.42213541666666665 0.42777777777777776 0.0109375 0.04814814814814815
2 0.5375 0.34675925925925927 0.008333333333333333 0.03981481481481482
2 0.440625 0.3712962962962963 0.009375 0.04259259259259259
2 0.8395833333333333 0.6893518518518519 0.023958333333333335 0.062037037037037036
2 0.22317708333333333 0.49398148148148147 0.0109375 0.05092592592592592
2 0.63671875 0.6268518518518519 0.018229166666666668 0.06481481481481481
2 0.20963541666666666 0.6768518518518518 0.015104166666666667 0.06851851851851852
2 0.1890625 0.5902777777777778 0.013541666666666667 0.062037037037037036
2 0.14973958333333334 0.30833333333333335 0.0109375 0.037037037037037035
2 0.53125 0.3175925925925926 0.00625 0.03333333333333333
2 0.13723958333333333 0.4462962962962963 0.011979166666666667 0.04814814814814815
2 0.8682291666666667 0.3523148148148148 0.008333333333333333 0.041666666666666664
2 0.4395833333333333 0.4287037037037037 0.007291666666666667 0.046296296296296294
2 0.44817708333333334 0.38101851851851853 0.008854166666666666 0.041666666666666664
2 0.4903645833333333 0.38472222222222224 0.008854166666666666 0.041666666666666664
2 0.03671875 0.5106481481481482 0.016145833333333335 0.05648148148148148
2 0.2752604166666667 0.38657407407407407 0.009895833333333333 0.04537037037037037
2 0.16796875 0.33611111111111114 0.0078125 0.03518518518518519
2 0.65078125 0.425462962962963 0.009895833333333333 0.049074074074074076
2 0.6841145833333333 0.4444444444444444 0.0109375 0.05
2 0.5244791666666667 0.29305555555555557 0.00625 0.032407407407407406
2 0.5114583333333333 0.3523148148148148 0.008333333333333333 0.03981481481481482
