2 0.26953125 0.37037037037037035 0.015104166666666667 0.07592592592592592
2 0.54296875 0.3888888888888889 0.0140625 0.07407407407407407
2 0.7549479166666667 0.3587962962962963 0.0171875 0.0712962962962963
2 0.3888020833333333 0.40555555555555556 0.018229166666666668 0.07592592592592592
2 0.7908854166666667 0.8050925925925926 0.021354166666666667 0.10092592592592593
2 0.46770833333333334 0.5569444444444445 0.020833333333333332 0.08796296296296297
2 0.44947916666666665 0.7282407407407407 0.025 0.09351851851851851
2 0.20494791666666667 0.7958333333333333 0.022395833333333334 0.10462962962962963
2 0.20729166666666668 0.662962962962963 0.023958333333333335 0.09074074074074075
2 0.3807291666666667 0.08796296296296297 0.010416666666666666 0.044444444444444446
2 0.5104166666666666 0.30416666666666664 0.013541666666666667 0.062037037037037036
2 0.19583333333333333 0.48055555555555557 0.015625 0.08333333333333333
2 0.39401041666666664 0.49212962962962964 0.0171875 0.0787037037037037
2 0.5505208333333333 0.4050925925925926 0.019791666666666666 0.06944444444444445
2 0.49296875 0.45787037037037037 0.0109375 0.075
2 0.21979166666666666 0.48055555555555557 0.015625 0.07777777777777778
2 0.2989583333333333 0.3226851851851852 0.016666666666666666 0.06944444444444445
2 0.35885416666666664 0.2125 0.010416666666666666 0.05462962962962963
2 0.73125 0.47453703703703703 0.020833333333333332 0.0824074074074074
2 0.81875 0.5416666666666666 0.020833333333333332 0.08703703703703704
2 0.7361979166666667 0.23472222222222222 0.011979166666666667 0.058333333333333334
2 0.5309895833333333 0.36944444444444446 0.013020833333333334 0.07222222222222222
