2 0.1484375 0.3824074074074074 0.009375 0.044444444444444446
2 0.41510416666666666 0.4351851851851852 0.010416666666666666 0.05
2 0.5268229166666667 0.35138888888888886 0.0078125 0.03796296296296296
2 0.4265625 0.3768518518518518 0.010416666666666666 0.04259259259259259
2 0.8138020833333334 0.6837962962962963 0.0203125 0.06388888888888888
2 0.22604166666666667 0.5037037037037037 0.013541666666666667 0.053703703703703705
2 0.63984375 0.6342592592592593 0.011979166666666667 0.06481481481481481
2 0.21666666666666667 0.6893518518518519 0.015625 0.06759259259259259
2 0.18645833333333334 0.6013888888888889 0.0125 0.062037037037037036
2 0.14401041666666667 0.3111111111111111 0.008854166666666666 0.037037037037037035
2 0.5197916666666667 0.32175925925925924 0.00625 0.03425925925925926
2 0.12578125 0.45416666666666666 0.0109375 0.049074074074074076
2 0.8643229166666667 0.3578703703703704 0.008854166666666666 0.03981481481481482
2 0.4322916666666667 0.4324074074074074 0.010416666666666666 0.046296296296296294
2 0.440625 0.3875 0.008333333333333333 0.04351851851851852
2 0.4791666666666667 0.3907407407407407 0.007291666666666667 0.040740740740740744
2 0.04401041666666667 0.5171296296296296 0.016145833333333335 0.05462962962962963
2 0.2796875 0.3925925925925926 0.010416666666666666 0.046296296296296294
2 0.16484375 0.33935185185185185 0.0078125 0.03611111111111111
2 0.6393229166666666 0.43194444444444446 0.008854166666666666 0.05092592592592592
2 0.6731770833333334 0.45092592592592595 0.011979166666666667 0.05
2 0.5151041666666667 0.29814814814814816 0.00625 0.03333333333333333
2 0.4981770833333333 0.3574074074074074 0.0109375 0.03888888888888889
1 0.8622604166666666 0.3511203703703704 0.0036458333333333334 0.006870370370370385
