1 0.23203125 0.24351851851851852 0.011979166666666667 0.053703703703703705
1 0.45416666666666666 0.30324074074074076 0.019791666666666666 0.06574074074074074
1 0.8778645833333333 0.30694444444444446 0.0140625 0.06574074074074074
1 0.45729166666666665 0.24444444444444444 0.010416666666666666 0.05925925925925926
1 0.8135416666666667 0.6439814814814815 0.022916666666666665 0.08981481481481482
1 0.52890625 0.41203703703703703 0.0171875 0.07037037037037037
1 0.7341145833333333 0.8069444444444445 0.033854166666666664 0.10648148148148148
1 0.33541666666666664 0.48009259259259257 0.025 0.07685185185185185
1 0.22265625 0.4930555555555556 0.0265625 0.07685185185185185
1 0.39765625 0.07546296296296297 0.0140625 0.03611111111111111
1 0.7 0.22777777777777777 0.010416666666666666 0.05555555555555555
1 0.19114583333333332 0.30092592592592593 0.01875 0.06111111111111111
1 0.44192708333333336 0.3662037037037037 0.0203125 0.06759259259259259
1 0.5604166666666667 0.2611111111111111 0.0125 0.05925925925925926
1 0.6651041666666667 0.35694444444444445 0.01875 0.06759259259259259
1 0.14296875 0.30972222222222223 0.027604166666666666 0.06018518518518518
1 0.3893229166666667 0.20787037037037037 0.011979166666666667 0.05648148148148148
1 0.44947916666666665 0.18472222222222223 0.014583333333333334 0.05092592592592592
1 0.8390625 0.40046296296296297 0.017708333333333333 0.0787037037037037
1 0.8700520833333333 0.4212962962962963 0.0171875 0.07407407407407407
1 0.7770833333333333 0.23564814814814813 0.010416666666666666 0.058333333333333334
1 0.7744791666666667 0.26805555555555555 0.022916666666666665 0.05648148148148148
1 0.11901041666666666 0.2828703703703704 0.005729166666666666 0.010185185185185186
