2 0.20390625 0.3560185185185185 0.0140625 0.06944444444444445
2 0.5109375 0.37824074074074077 0.013541666666666667 0.06944444444444445
2 0.6888020833333334 0.31574074074074077 0.013020833333333334 0.06481481481481481
2 0.40182291666666664 0.4199074074074074 0.0171875 0.07314814814814814
2 0.796875 0.7657407407407407 0.022916666666666665 0.09444444444444444
2 0.4205729166666667 0.5592592592592592 0.016145833333333335 0.08148148148148149
2 0.5520833333333334 0.7231481481481481 0.026041666666666668 0.09074074074074075
2 0.27239583333333334 0.8111111111111111 0.027083333333333334 0.1037037037037037
2 0.22395833333333334 0.6842592592592592 0.01875 0.08888888888888889
2 0.27109375 0.13425925925925927 0.0109375 0.044444444444444446
2 0.5018229166666667 0.29768518518518516 0.011979166666666667 0.05648148148148148
2 0.17578125 0.45092592592592595 0.0171875 0.07222222222222222
2 0.40338541666666666 0.5087962962962963 0.0171875 0.07685185185185185
2 0.5372395833333333 0.3726851851851852 0.018229166666666668 0.06759259259259259
2 0.48802083333333335 0.4537037037037037 0.013541666666666667 0.07037037037037037
2 0.16848958333333333 0.512962962962963 0.015104166666666667 0.07962962962962963
2 0.29635416666666664 0.3402777777777778 0.020833333333333332 0.06574074074074074
2 0.3109375 0.22083333333333333 0.014583333333333334 0.05092592592592592
2 0.76875 0.4671296296296296 0.015625 0.0787037037037037
2 0.81484375 0.5106481481481482 0.019270833333333334 0.08055555555555556
2 0.6901041666666666 0.2199074074074074 0.009375 0.05277777777777778
2 0.5721354166666667 0.3236111111111111 0.013020833333333334 0.062037037037037036
