2 0.19791666666666666 0.2175925925925926 0.0125 0.044444444444444446
2 0.34401041666666665 0.287962962962963 0.011979166666666667 0.06111111111111111
2 0.73203125 0.19768518518518519 0.009895833333333333 0.04722222222222222
2 0.47161458333333334 0.20324074074074075 0.015104166666666667 0.049074074074074076
2 0.8333333333333334 0.5796296296296296 0.026041666666666668 0.07777777777777778
2 0.5661458333333333 0.337037037037037 0.016666666666666666 0.05925925925925926
2 0.5703125 0.5046296296296297 0.013541666666666667 0.07407407407407407
2 0.2604166666666667 0.8162037037037037 0.025 0.10648148148148148
2 0.10130208333333333 0.4027777777777778 0.0203125 0.06481481481481481
2 0.16744791666666667 0.13518518518518519 0.011979166666666667 0.04259259259259259
2 0.6078125 0.1375 0.010416666666666666 0.03796296296296296
2 0.21119791666666668 0.225 0.009895833333333333 0.046296296296296294
2 0.384375 0.29907407407407405 0.0125 0.05740740740740741
2 0.5221354166666666 0.1986111111111111 0.015104166666666667 0.04537037037037037
2 0.6057291666666667 0.23425925925925925 0.014583333333333334 0.05
2 0.0953125 0.2875 0.014583333333333334 0.05648148148148148
2 0.26145833333333335 0.15925925925925927 0.017708333333333333 0.03888888888888889
2 0.22265625 0.1587962962962963 0.008854166666666666 0.04351851851851852
2 0.6208333333333333 0.24305555555555555 0.013541666666666667 0.05462962962962963
2 0.8122395833333333 0.3347222222222222 0.016145833333333335 0.06759259259259259
2 0.6395833333333333 0.14074074074074075 0.011458333333333333 0.03888888888888889
2 0.69609375 0.20277777777777778 0.0171875 0.04814814814814815
1 0.3494791666666667 0.1912037037037037 0.004166666666666667 0.008333333333333333
