2 0.24296875 0.36527777777777776 0.0171875 0.07685185185185185
2 0.54296875 0.37083333333333335 0.015104166666666667 0.07314814814814814
2 0.7263020833333333 0.3296296296296296 0.016145833333333335 0.06851851851851852
2 0.38515625 0.41712962962962963 0.0171875 0.07685185185185185
2 0.8026041666666667 0.8074074074074075 0.022916666666666665 0.10185185185185185
2 0.45390625 0.5412037037037037 0.024479166666666666 0.09351851851851851
2 0.47109375 0.7296296296296296 0.016145833333333335 0.0962962962962963
2 0.22005208333333334 0.8009259259259259 0.025520833333333333 0.10740740740740741
2 0.20052083333333334 0.6574074074074074 0.017708333333333333 0.08888888888888889
2 0.34791666666666665 0.09212962962962963 0.010416666666666666 0.04351851851851852
2 0.5010416666666667 0.28888888888888886 0.009375 0.05925925925925926
2 0.19322916666666667 0.4615740740740741 0.015625 0.07685185185185185
2 0.39557291666666666 0.4925925925925926 0.021354166666666667 0.07962962962962963
2 0.5544270833333333 0.38055555555555554 0.016145833333333335 0.06851851851851852
2 0.4869791666666667 0.4550925925925926 0.0125 0.07685185185185185
2 0.21015625 0.4847222222222222 0.015104166666666667 0.0787037037037037
2 0.28411458333333334 0.32546296296296295 0.019270833333333334 0.06759259259259259
2 0.3458333333333333 0.20185185185185187 0.010416666666666666 0.05185185185185185
2 0.7317708333333334 0.4634259259259259 0.01875 0.08055555555555556
2 0.8036458333333333 0.5115740740740741 0.019791666666666666 0.08796296296296297
2 0.7166666666666667 0.21574074074074073 0.011458333333333333 0.05555555555555555
2 0.5375 0.3453703703703704 0.0125 0.06851851851851852
