2 0.20625 0.34305555555555556 0.013541666666666667 0.06759259259259259
2 0.49661458333333336 0.375 0.0109375 0.06851851851851852
2 0.6846354166666667 0.30925925925925923 0.011979166666666667 0.06296296296296296
2 0.415625 0.412962962962963 0.013541666666666667 0.07222222222222222
2 0.7986979166666667 0.7467592592592592 0.025520833333333333 0.09166666666666666
2 0.42734375 0.5472222222222223 0.015104166666666667 0.07777777777777778
2 0.58515625 0.7125 0.030729166666666665 0.08796296296296297
2 0.30416666666666664 0.8083333333333333 0.027083333333333334 0.1037037037037037
2 0.23958333333333334 0.6875 0.019791666666666666 0.08796296296296297
2 0.26145833333333335 0.14305555555555555 0.011458333333333333 0.04351851851851852
2 0.5231770833333333 0.2875 0.013020833333333334 0.05277777777777778
2 0.18098958333333334 0.44166666666666665 0.016145833333333335 0.07407407407407407
2 0.4171875 0.5018518518518519 0.021875 0.07777777777777778
2 0.53828125 0.3638888888888889 0.0171875 0.06481481481481481
2 0.49661458333333336 0.4462962962962963 0.018229166666666668 0.07037037037037037
2 0.16354166666666667 0.5101851851851852 0.025 0.07962962962962963
2 0.3109375 0.3384259259259259 0.019791666666666666 0.06388888888888888
2 0.30520833333333336 0.22268518518518518 0.0125 0.05092592592592592
2 0.77265625 0.45185185185185184 0.015104166666666667 0.07407407407407407
2 0.8239583333333333 0.5018518518518519 0.019791666666666666 0.07962962962962963
2 0.6880208333333333 0.2175925925925926 0.009375 0.05185185185185185
2 0.5864583333333333 0.3111111111111111 0.013541666666666667 0.05925925925925926
