2 0.19947916666666668 0.31666666666666665 0.014583333333333334 0.06296296296296296
2 0.47109375 0.37962962962962965 0.015104166666666667 0.06481481481481481
2 0.6442708333333333 0.29444444444444445 0.013541666666666667 0.05740740740740741
2 0.43125 0.3819444444444444 0.0125 0.06574074074074074
2 0.825 0.7208333333333333 0.026041666666666668 0.08425925925925926
2 0.4075520833333333 0.5092592592592593 0.0140625 0.07222222222222222
2 0.64609375 0.6791666666666667 0.013020833333333334 0.08611111111111111
2 0.3341145833333333 0.799074074074074 0.0203125 0.10185185185185185
2 0.25859375 0.6782407407407407 0.021354166666666667 0.08796296296296297
2 0.22291666666666668 0.16620370370370371 0.010416666666666666 0.04351851851851852
2 0.55 0.2652777777777778 0.010416666666666666 0.049074074074074076
2 0.16354166666666667 0.4212962962962963 0.013541666666666667 0.06851851851851852
2 0.43984375 0.4634259259259259 0.0140625 0.0712962962962963
2 0.52421875 0.34675925925925927 0.015104166666666667 0.058333333333333334
2 0.5127604166666667 0.40370370370370373 0.013020833333333334 0.06296296296296296
2 0.14479166666666668 0.5092592592592593 0.020833333333333332 0.07592592592592592
2 0.3190104166666667 0.33194444444444443 0.0171875 0.06018518518518518
2 0.26953125 0.22916666666666666 0.013020833333333334 0.04537037037037037
2 0.75546875 0.4199074074074074 0.013020833333333334 0.0712962962962963
2 0.8049479166666667 0.4666666666666667 0.0171875 0.07407407407407407
2 0.6518229166666667 0.21435185185185185 0.009895833333333333 0.049074074074074076
2 0.5875 0.2916666666666667 0.0125 0.05555555555555555
