2 0.15364583333333334 0.2125 0.013541666666666667 0.06388888888888888
2 0.340625 0.30925925925925923 0.013541666666666667 0.06851851851851852
2 0.7471354166666667 0.14722222222222223 0.015104166666666667 0.05185185185185185
2 0.3971354166666667 0.18194444444444444 0.015104166666666667 0.058333333333333334
2 0.9166666666666666 0.5597222222222222 0.028125 0.0824074074074074
2 0.53125 0.36574074074074076 0.014583333333333334 0.07222222222222222
2 0.6106770833333334 0.47685185185185186 0.013020833333333334 0.07962962962962963
2 0.3260416666666667 0.9087962962962963 0.021875 0.12314814814814815
2 0.059895833333333336 0.5027777777777778 0.021875 0.08148148148148149
2 0.21067708333333332 0.04490740740740741 0.011979166666666667 0.03981481481481482
2 0.5479166666666667 0.12546296296296297 0.009375 0.04537037037037037
2 0.178125 0.2564814814814815 0.013541666666666667 0.06666666666666667
2 0.42734375 0.30092592592592593 0.0171875 0.06481481481481481
2 0.49921875 0.18518518518518517 0.0109375 0.05555555555555555
2 0.6278645833333333 0.22592592592592592 0.011979166666666667 0.05740740740740741
2 0.13229166666666667 0.2898148148148148 0.015625 0.06851851851851852
2 0.25885416666666666 0.12037037037037036 0.009375 0.05185185185185185
2 0.29739583333333336 0.10092592592592593 0.009375 0.044444444444444446
2 0.66015625 0.25046296296296294 0.0140625 0.06574074074074074
2 0.9322916666666666 0.3314814814814815 0.013541666666666667 0.07592592592592592
2 0.6861979166666666 0.0699074074074074 0.009895833333333333 0.04537037037037037
2 0.6700520833333333 0.16064814814814815 0.018229166666666668 0.05462962962962963
1 0.744 0.16601851851851854 0.004510416666666591 0.007722222222222226
