2 0.33489583333333334 0.34444444444444444 0.016666666666666666 0.053703703703703705
2 0.5161458333333333 0.4375 0.010416666666666666 0.062037037037037036
2 0.85703125 0.38796296296296295 0.0171875 0.05555555555555555
2 0.5432291666666667 0.3314814814814815 0.010416666666666666 0.05185185185185185
2 0.6908854166666667 0.7175925925925926 0.0265625 0.07592592592592592
2 0.29713541666666665 0.45046296296296295 0.019270833333333334 0.05462962962962963
2 0.6106770833333334 0.7208333333333333 0.019270833333333334 0.07685185185185185
2 0.35494791666666664 0.600462962962963 0.022395833333333334 0.075
2 0.30859375 0.5675925925925925 0.0203125 0.06851851851851852
2 0.31666666666666665 0.26064814814814813 0.011458333333333333 0.03981481481481482
2 0.7700520833333333 0.29074074074074074 0.013020833333333334 0.040740740740740744
2 0.4359375 0.3537037037037037 0.009375 0.05
2 0.46640625 0.4305555555555556 0.0140625 0.05740740740740741
2 0.5606770833333333 0.3787037037037037 0.011979166666666667 0.05740740740740741
2 0.6265625 0.44074074074074077 0.017708333333333333 0.05185185185185185
2 0.18255208333333334 0.425462962962963 0.018229166666666668 0.05277777777777778
2 0.34713541666666664 0.32685185185185184 0.0140625 0.05185185185185185
2 0.3888020833333333 0.3175925925925926 0.0109375 0.046296296296296294
2 0.7541666666666667 0.43333333333333335 0.015625 0.06296296296296296
2 0.871875 0.5175925925925926 0.016666666666666666 0.07222222222222222
2 0.7927083333333333 0.3314814814814815 0.0125 0.044444444444444446
2 0.7947916666666667 0.3449074074074074 0.016666666666666666 0.04722222222222222
1 0.20182291666666666 0.45092592592592595 0.005729166666666666 0.009259259259259259
