2 0.15026041666666667 0.39861111111111114 0.009895833333333333 0.04722222222222222
2 0.4473958333333333 0.4217592592592593 0.011458333333333333 0.04722222222222222
2 0.5763020833333333 0.34675925925925927 0.009895833333333333 0.03981481481481482
2 0.4674479166666667 0.36527777777777776 0.009895833333333333 0.041666666666666664
2 0.8755208333333333 0.6953703703703704 0.019791666666666666 0.07037037037037037
2 0.20807291666666666 0.48842592592592593 0.013020833333333334 0.049074074074074076
2 0.60390625 0.6277777777777778 0.0109375 0.06296296296296296
2 0.18984375 0.6597222222222222 0.011979166666666667 0.06944444444444445
2 0.18723958333333332 0.575462962962963 0.011979166666666667 0.06018518518518518
2 0.15442708333333333 0.31805555555555554 0.008854166666666666 0.03425925925925926
2 0.5653645833333333 0.31527777777777777 0.0067708333333333336 0.03425925925925926
2 0.15859375 0.44027777777777777 0.009895833333333333 0.049074074074074076
2 0.8864583333333333 0.3638888888888889 0.008333333333333333 0.040740740740740744
2 0.4114583333333333 0.4361111111111111 0.015625 0.046296296296296294
2 0.45208333333333334 0.3773148148148148 0.011458333333333333 0.041666666666666664
2 0.52890625 0.3824074074074074 0.0078125 0.040740740740740744
2 0.0067708333333333336 0.5069444444444444 0.013541666666666667 0.05462962962962963
2 0.24739583333333334 0.38101851851851853 0.011458333333333333 0.04537037037037037
2 0.1734375 0.3416666666666667 0.00625 0.037037037037037035
2 0.6927083333333334 0.42083333333333334 0.010416666666666666 0.049074074074074076
2 0.7276041666666667 0.43842592592592594 0.009375 0.049074074074074076
2 0.5619791666666667 0.29212962962962963 0.007291666666666667 0.030555555555555555
2 0.5520833333333334 0.3527777777777778 0.008333333333333333 0.040740740740740744
