2 0.28958333333333336 0.3421296296296296 0.017708333333333333 0.07685185185185185
2 0.5658854166666667 0.3375 0.015104166666666667 0.0712962962962963
2 0.86171875 0.40370370370370373 0.0234375 0.07592592592592592
2 0.4049479166666667 0.39166666666666666 0.015104166666666667 0.07407407407407407
2 0.7888020833333333 0.7782407407407408 0.025520833333333333 0.09907407407407408
2 0.56171875 0.5935185185185186 0.018229166666666668 0.09444444444444444
2 0.37786458333333334 0.6449074074074074 0.0203125 0.09166666666666666
2 0.25546875 0.6564814814814814 0.0171875 0.0962962962962963
2 0.16796875 0.5981481481481481 0.015104166666666667 0.09259259259259259
2 0.45260416666666664 0.05740740740740741 0.0125 0.044444444444444446
2 0.5294270833333333 0.3143518518518518 0.0140625 0.06574074074074074
2 0.4375 0.48055555555555557 0.015625 0.07962962962962963
2 0.5302083333333333 0.4685185185185185 0.021875 0.09259259259259259
2 0.640625 0.4097222222222222 0.016666666666666666 0.07314814814814814
2 0.5315104166666667 0.4818981481481482 0.021354166666666667 0.07509259259259261
2 0.25104166666666666 0.4476851851851852 0.013541666666666667 0.075
2 0.33984375 0.26064814814814813 0.019270833333333334 0.06759259259259259
2 0.39453125 0.21851851851851853 0.011979166666666667 0.05740740740740741
2 0.8395833333333333 0.49398148148148147 0.026041666666666668 0.0824074074074074
2 0.9 0.5421296296296296 0.022916666666666665 0.09537037037037037
2 0.80390625 0.28055555555555556 0.015104166666666667 0.06666666666666667
2 0.6190104166666667 0.41435185185185186 0.0234375 0.0712962962962963
1 0.55859375 0.38657407407407407 0.005729166666666666 0.010185185185185186
