2 0.22838541666666667 0.4217592592592593 0.008854166666666666 0.05462962962962963
2 0.6244791666666667 0.4222222222222222 0.009375 0.05
2 0.8518229166666667 0.37824074074074077 0.0078125 0.04722222222222222
2 0.5182291666666666 0.35555555555555557 0.009375 0.044444444444444446
2 0.9020833333333333 0.6777777777777778 0.023958333333333335 0.07037037037037037
2 0.2559895833333333 0.4828703703703704 0.009895833333333333 0.05462962962962963
2 0.6736979166666667 0.6972222222222222 0.019270833333333334 0.07407407407407407
2 0.28046875 0.6430555555555556 0.0140625 0.07314814814814814
2 0.31692708333333336 0.5819444444444445 0.0140625 0.06574074074074074
2 0.23958333333333334 0.3148148148148148 0.0125 0.04259259259259259
2 0.8221354166666667 0.3138888888888889 0.009895833333333333 0.037037037037037035
2 0.2669270833333333 0.43425925925925923 0.011979166666666667 0.05185185185185185
2 0.39036458333333335 0.4847222222222222 0.013020833333333334 0.05648148148148148
2 0.5799479166666667 0.3787037037037037 0.0140625 0.04259259259259259
2 0.6776041666666667 0.4185185185185185 0.010416666666666666 0.05
2 0.021354166666666667 0.5046296296296297 0.016666666666666666 0.06111111111111111
2 0.27447916666666666 0.3680555555555556 0.009375 0.04537037037037037
2 0.29453125 0.34953703703703703 0.0078125 0.041666666666666664
2 0.8291666666666667 0.44305555555555554 0.019791666666666666 0.05277777777777778
2 0.92578125 0.4703703703703704 0.0203125 0.05555555555555555
2 0.8565104166666667 0.3138888888888889 0.0109375 0.037037037037037035
2 0.7216145833333333 0.36574074074074076 0.011979166666666667 0.04814814814814815
1 0.96990625 0.3003055555555556 0.004166666666666667 0.006796296296296273
