2 0.23802083333333332 0.2861111111111111 0.016666666666666666 0.06481481481481481
2 0.48046875 0.3375 0.021354166666666667 0.06759259259259259
2 0.8080729166666667 0.3296296296296296 0.0109375 0.06296296296296296
2 0.45338541666666665 0.2935185185185185 0.016145833333333335 0.05740740740740741
2 0.76328125 0.6175925925925926 0.022395833333333334 0.07592592592592592
2 0.55390625 0.4791666666666667 0.021354166666666667 0.07314814814814814
2 0.6643229166666667 0.7824074074074074 0.018229166666666668 0.10185185185185185
2 0.33932291666666664 0.5842592592592593 0.0203125 0.08148148148148149
2 0.23463541666666668 0.5560185185185185 0.0265625 0.07685185185185185
2 0.36666666666666664 0.11064814814814815 0.011458333333333333 0.041666666666666664
2 0.6565104166666667 0.27175925925925926 0.013020833333333334 0.05277777777777778
2 0.28359375 0.3675925925925926 0.018229166666666668 0.05555555555555555
2 0.40260416666666665 0.41388888888888886 0.013541666666666667 0.07037037037037037
2 0.5638020833333334 0.30833333333333335 0.019270833333333334 0.05740740740740741
2 0.6072916666666667 0.40046296296296297 0.014583333333333334 0.0712962962962963
2 0.17265625 0.38657407407407407 0.019270833333333334 0.06574074074074074
2 0.340625 0.25 0.019791666666666666 0.05740740740740741
2 0.3651041666666667 0.23287037037037037 0.010416666666666666 0.05277777777777778
2 0.7463541666666667 0.4412037037037037 0.013541666666666667 0.0787037037037037
2 0.8026041666666667 0.44814814814814813 0.016666666666666666 0.07407407407407407
2 0.74921875 0.28425925925925927 0.011979166666666667 0.05925925925925926
2 0.7606770833333333 0.2967592592592593 0.0234375 0.05648148148148148
1 0.24192708333333332 0.1412037037037037 0.005729166666666666 0.010185185185185186
