2 0.12994791666666666 0.2064814814814815 0.009895833333333333 0.05925925925925926
2 0.3359375 0.27870370370370373 0.013541666666666667 0.06851851851851852
2 0.7158854166666667 0.15231481481481482 0.016145833333333335 0.05277777777777778
2 0.44609375 0.16898148148148148 0.009895833333333333 0.05462962962962963
2 0.9098958333333333 0.5731481481481482 0.01875 0.08703703703703704
2 0.5552083333333333 0.35185185185185186 0.014583333333333334 0.07037037037037037
2 0.590625 0.4699074074074074 0.017708333333333333 0.08055555555555556
2 0.2828125 0.8671296296296296 0.020833333333333332 0.11203703703703703
2 0.08072916666666667 0.46111111111111114 0.016666666666666666 0.08148148148148149
2 0.17994791666666668 0.06759259259259259 0.013020833333333334 0.040740740740740744
2 0.59296875 0.10416666666666667 0.0140625 0.041666666666666664
2 0.11901041666666666 0.25 0.011979166666666667 0.053703703703703705
2 0.4322916666666667 0.2861111111111111 0.015625 0.06296296296296296
2 0.5127604166666667 0.175 0.0140625 0.05
2 0.5979166666666667 0.20324074074074075 0.0125 0.05277777777777778
2 0.1171875 0.274537037037037 0.013541666666666667 0.062037037037037036
2 0.26640625 0.11296296296296296 0.013020833333333334 0.046296296296296294
2 0.2838541666666667 0.10277777777777777 0.009375 0.040740740740740744
2 0.6325520833333333 0.22175925925925927 0.0109375 0.062037037037037036
2 0.9005208333333333 0.31574074074074077 0.0125 0.07222222222222222
2 0.6721354166666667 0.08287037037037037 0.0140625 0.04351851851851852
2 0.6729166666666667 0.14722222222222223 0.015625 0.04814814814814815
1 0.66796875 0.10092592592592593 0.0046875 0.007407407407407408
