2 0.23776041666666667 0.33935185185185185 0.022395833333333334 0.06018518518518518
2 0.48932291666666666 0.3726851851851852 0.018229166666666668 0.062037037037037036
2 0.7520833333333333 0.37222222222222223 0.015625 0.07222222222222222
2 0.45026041666666666 0.35648148148148145 0.019270833333333334 0.06111111111111111
2 0.76953125 0.6435185185185185 0.0265625 0.08333333333333333
2 0.5549479166666667 0.5597222222222222 0.021354166666666667 0.075
2 0.5721354166666667 0.7662037037037037 0.025520833333333333 0.09537037037037037
2 0.30807291666666664 0.6615740740740741 0.019270833333333334 0.09537037037037037
2 0.21119791666666668 0.6166666666666667 0.0234375 0.08333333333333333
2 0.34088541666666666 0.13796296296296295 0.015104166666666667 0.040740740740740744
2 0.6346354166666667 0.32083333333333336 0.013020833333333334 0.05648148148148148
2 0.3190104166666667 0.4444444444444444 0.025520833333333333 0.06481481481481481
2 0.36822916666666666 0.4666666666666667 0.020833333333333332 0.07222222222222222
2 0.5708333333333333 0.3680555555555556 0.015625 0.05648148148148148
2 0.5611979166666666 0.4550925925925926 0.013020833333333334 0.06944444444444445
2 0.14817708333333332 0.45740740740740743 0.024479166666666666 0.07407407407407407
2 0.278125 0.2796296296296296 0.0125 0.05
2 0.3328125 0.26342592592592595 0.015625 0.04537037037037037
2 0.6645833333333333 0.48657407407407405 0.01875 0.0824074074074074
2 0.73828125 0.5009259259259259 0.018229166666666668 0.08518518518518518
2 0.7453125 0.3287037037037037 0.013541666666666667 0.053703703703703705
2 0.74453125 0.34444444444444444 0.011979166666666667 0.04259259259259259
1 0.36521875000000004 0.11031018518518519 0.005145833333333331 0.009231481481481481
