2 0.24192708333333332 0.39166666666666666 0.0140625 0.07222222222222222
2 0.5046875 0.38842592592592595 0.013541666666666667 0.07314814814814814
2 0.7479166666666667 0.4361111111111111 0.015625 0.06851851851851852
2 0.46432291666666664 0.4273148148148148 0.013020833333333334 0.075
2 0.81328125 0.6981481481481482 0.021354166666666667 0.09074074074074075
2 0.5630208333333333 0.6046296296296296 0.01875 0.08703703703703704
2 0.4552083333333333 0.75 0.026041666666666668 0.08888888888888889
2 0.32395833333333335 0.6587962962962963 0.014583333333333334 0.08981481481481482
2 0.19791666666666666 0.6388888888888888 0.013541666666666667 0.08518518518518518
2 0.36015625 0.13240740740740742 0.0109375 0.04259259259259259
2 0.6130208333333333 0.37407407407407406 0.017708333333333333 0.06481481481481481
2 0.37734375 0.49074074074074076 0.013020833333333334 0.053703703703703705
2 0.3846354166666667 0.5231481481481481 0.0171875 0.07777777777777778
2 0.5924479166666666 0.44675925925925924 0.018229166666666668 0.0712962962962963
2 0.5713541666666667 0.5032407407407408 0.015625 0.08055555555555556
2 0.16692708333333334 0.5143518518518518 0.0140625 0.08055555555555556
2 0.30364583333333334 0.30787037037037035 0.016666666666666666 0.06018518518518518
2 0.36875 0.27037037037037037 0.011458333333333333 0.05555555555555555
2 0.6190104166666667 0.5254629629629629 0.015104166666666667 0.08425925925925926
2 0.6481770833333333 0.5282407407407408 0.0265625 0.08055555555555556
2 0.7575520833333333 0.37175925925925923 0.018229166666666668 0.06388888888888888
2 0.7010416666666667 0.44074074074074077 0.022916666666666665 0.07222222222222222
1 0.7315104166666667 0.4027777777777778 0.0046875 0.009259259259259259
