2 0.2950520833333333 0.34814814814814815 0.0140625 0.07777777777777778
2 0.53671875 0.35138888888888886 0.015104166666666667 0.06944444444444445
2 0.7833333333333333 0.37407407407407406 0.017708333333333333 0.07777777777777778
2 0.40625 0.36064814814814816 0.0125 0.07314814814814814
2 0.7890625 0.825 0.027083333333333334 0.1037037037037037
2 0.48046875 0.5768518518518518 0.0203125 0.08888888888888889
2 0.41458333333333336 0.6912037037037037 0.017708333333333333 0.09351851851851851
2 0.19244791666666666 0.763425925925926 0.018229166666666668 0.10462962962962963
2 0.21536458333333333 0.6277777777777778 0.021354166666666667 0.08888888888888889
2 0.42161458333333335 0.05555555555555555 0.0109375 0.046296296296296294
2 0.5122395833333333 0.300462962962963 0.018229166666666668 0.06388888888888888
2 0.24140625 0.4935185185185185 0.011979166666666667 0.07962962962962963
2 0.38359375 0.4699074074074074 0.015104166666666667 0.08425925925925926
2 0.55390625 0.4041666666666667 0.016145833333333335 0.075
2 0.49661458333333336 0.4439814814814815 0.0109375 0.07685185185185185
2 0.24635416666666668 0.45092592592592595 0.019791666666666666 0.07777777777777778
2 0.33125 0.26990740740740743 0.013541666666666667 0.06759259259259259
2 0.36953125 0.2013888888888889 0.013020833333333334 0.05648148148148148
2 0.73828125 0.46620370370370373 0.0171875 0.08796296296296297
2 0.8260416666666667 0.5537037037037037 0.023958333333333335 0.09444444444444444
2 0.75703125 0.2351851851851852 0.0140625 0.05925925925925926
2 0.5283854166666667 0.38055555555555554 0.015104166666666667 0.07222222222222222
