2 0.23255208333333333 0.30694444444444446 0.013020833333333334 0.05277777777777778
2 0.5348958333333333 0.3675925925925926 0.019791666666666666 0.05555555555555555
2 0.8671875 0.3138888888888889 0.021875 0.05185185185185185
2 0.5052083333333334 0.25833333333333336 0.015625 0.04259259259259259
2 0.7533854166666667 0.6444444444444445 0.028645833333333332 0.07777777777777778
2 0.19609375 0.36898148148148147 0.0171875 0.05277777777777778
2 0.5817708333333333 0.7273148148148149 0.03229166666666667 0.08425925925925926
2 0.32526041666666666 0.5310185185185186 0.016145833333333335 0.07314814814814814
2 0.37161458333333336 0.5157407407407407 0.022395833333333334 0.06666666666666667
2 0.2674479166666667 0.20555555555555555 0.009895833333333333 0.037037037037037035
2 0.7786458333333334 0.22407407407407406 0.014583333333333334 0.03333333333333333
2 0.3359375 0.3189814814814815 0.013541666666666667 0.05462962962962963
2 0.4322916666666667 0.38055555555555554 0.011458333333333333 0.05925925925925926
2 0.5395833333333333 0.31203703703703706 0.013541666666666667 0.05185185185185185
2 0.62421875 0.36666666666666664 0.0203125 0.05185185185185185
2 0.11953125 0.37037037037037035 0.013020833333333334 0.05925925925925926
2 0.30390625 0.2712962962962963 0.013020833333333334 0.05
2 0.3619791666666667 0.2587962962962963 0.010416666666666666 0.04537037037037037
2 0.7328125 0.37546296296296294 0.017708333333333333 0.058333333333333334
2 0.88046875 0.42268518518518516 0.019270833333333334 0.06574074074074074
2 0.80078125 0.25601851851851853 0.019270833333333334 0.03981481481481482
2 0.7653645833333333 0.2708333333333333 0.016145833333333335 0.04722222222222222
1 0.6583489583333334 0.12064814814814816 0.004052083333333319 0.00718518518518519
