2 0.22421875 0.4300925925925926 0.013020833333333334 0.05462962962962963
2 0.6119791666666666 0.4310185185185185 0.013541666666666667 0.05277777777777778
2 0.8177083333333334 0.37962962962962965 0.010416666666666666 0.04814814814814815
2 0.5153645833333333 0.3675925925925926 0.0109375 0.044444444444444446
2 0.9083333333333333 0.6902777777777778 0.019791666666666666 0.06574074074074074
2 0.25729166666666664 0.4935185185185185 0.015625 0.05555555555555555
2 0.6684895833333333 0.6925925925925925 0.0265625 0.06851851851851852
2 0.27291666666666664 0.6541666666666667 0.015625 0.0712962962962963
2 0.3026041666666667 0.5828703703703704 0.0125 0.06388888888888888
2 0.23359375 0.3236111111111111 0.008854166666666666 0.03981481481481482
2 0.7927083333333333 0.32407407407407407 0.008333333333333333 0.037037037037037035
2 0.25494791666666666 0.4425925925925926 0.011979166666666667 0.05
2 0.39557291666666666 0.487962962962963 0.0171875 0.05740740740740741
2 0.56875 0.3861111111111111 0.009375 0.044444444444444446
2 0.6645833333333333 0.41759259259259257 0.010416666666666666 0.04814814814814815
2 0.019010416666666665 0.5143518518518518 0.0203125 0.058333333333333334
2 0.27265625 0.37916666666666665 0.013020833333333334 0.04537037037037037
2 0.2794270833333333 0.35509259259259257 0.0067708333333333336 0.03796296296296296
2 0.8299479166666667 0.45092592592592595 0.0171875 0.05185185185185185
2 0.925 0.47175925925925927 0.014583333333333334 0.05648148148148148
2 0.8184895833333333 0.3148148148148148 0.009895833333333333 0.03518518518518519
2 0.70703125 0.37407407407407406 0.013020833333333334 0.04814814814814815
1 0.9588541666666667 0.3074074074074074 0.003125 0.007407407407407408
