2 0.14973958333333334 0.399537037037037 0.008854166666666666 0.04537037037037037
2 0.44921875 0.4212962962962963 0.0109375 0.04814814814814815
2 0.5794270833333334 0.3472222222222222 0.008854166666666666 0.040740740740740744
2 0.46536458333333336 0.36666666666666664 0.0078125 0.040740740740740744
2 0.875 0.6912037037037037 0.016666666666666666 0.0712962962962963
2 0.20729166666666668 0.48842592592592593 0.013541666666666667 0.05092592592592592
2 0.6010416666666667 0.6287037037037037 0.0125 0.06296296296296296
2 0.1890625 0.6597222222222222 0.0125 0.06944444444444445
2 0.18776041666666668 0.575462962962963 0.011979166666666667 0.062037037037037036
2 0.15442708333333333 0.3189814814814815 0.008854166666666666 0.03611111111111111
2 0.5674479166666667 0.31527777777777777 0.0067708333333333336 0.03425925925925926
2 0.15963541666666667 0.4393518518518518 0.0109375 0.04722222222222222
2 0.8880208333333334 0.36527777777777776 0.008333333333333333 0.03981481481481482
2 0.4075520833333333 0.4375 0.009895833333333333 0.04722222222222222
2 0.4515625 0.3773148148148148 0.009375 0.041666666666666664
2 0.5309895833333333 0.3824074074074074 0.0078125 0.040740740740740744
2 0.005989583333333334 0.5083333333333333 0.011979166666666667 0.053703703703703705
2 0.24557291666666667 0.38055555555555554 0.009895833333333333 0.044444444444444446
2 0.17421875 0.3416666666666667 0.0067708333333333336 0.037037037037037035
2 0.69609375 0.4212962962962963 0.011979166666666667 0.04814814814814815
2 0.73046875 0.4398148148148148 0.009895833333333333 0.04814814814814815
2 0.5651041666666666 0.29259259259259257 0.00625 0.03148148148148148
2 0.5544270833333333 0.3541666666666667 0.008854166666666666 0.03981481481481482
