2 0.24244791666666668 0.38657407407407407 0.0171875 0.07685185185185185
2 0.5005208333333333 0.38472222222222224 0.013541666666666667 0.0712962962962963
2 0.73671875 0.4222222222222222 0.028645833333333332 0.06851851851851852
2 0.46197916666666666 0.4185185185185185 0.014583333333333334 0.07037037037037037
2 0.8122395833333333 0.6902777777777778 0.019270833333333334 0.09537037037037037
2 0.55859375 0.6027777777777777 0.022395833333333334 0.09074074074074075
2 0.46015625 0.7509259259259259 0.033854166666666664 0.09259259259259259
2 0.32057291666666665 0.663425925925926 0.015104166666666667 0.09537037037037037
2 0.19895833333333332 0.6388888888888888 0.022916666666666665 0.08703703703703704
2 0.3541666666666667 0.13148148148148148 0.009375 0.040740740740740744
2 0.6184895833333334 0.36944444444444446 0.0140625 0.06666666666666667
2 0.3684895833333333 0.4976851851851852 0.015104166666666667 0.0787037037037037
2 0.3815104166666667 0.5152777777777777 0.016145833333333335 0.08055555555555556
2 0.5888020833333333 0.43657407407407406 0.0171875 0.07314814814814814
2 0.5666666666666667 0.4962962962962963 0.016666666666666666 0.07407407407407407
2 0.16067708333333333 0.5074074074074074 0.015104166666666667 0.08333333333333333
2 0.2981770833333333 0.3023148148148148 0.013020833333333334 0.06388888888888888
2 0.3645833333333333 0.2689814814814815 0.011458333333333333 0.05277777777777778
2 0.6161458333333333 0.5171296296296296 0.019791666666666666 0.08796296296296297
2 0.6565104166666667 0.5259259259259259 0.024479166666666666 0.07777777777777778
2 0.7544270833333333 0.3662037037037037 0.0140625 0.062037037037037036
2 0.7026041666666667 0.4287037037037037 0.021875 0.07407407407407407
