2 0.1640625 0.4444444444444444 0.013541666666666667 0.05185185185185185
2 0.5247395833333334 0.4425925925925926 0.0171875 0.05
2 0.690625 0.3824074074074074 0.010416666666666666 0.044444444444444446
2 0.45286458333333335 0.38796296296296295 0.009895833333333333 0.044444444444444446
2 0.8393229166666667 0.6972222222222222 0.0203125 0.06851851851851852
2 0.20078125 0.5152777777777777 0.013020833333333334 0.05277777777777778
2 0.60546875 0.6768518518518518 0.024479166666666666 0.06481481481481481
2 0.20833333333333334 0.6731481481481482 0.0125 0.07037037037037037
2 0.22916666666666666 0.5916666666666667 0.014583333333333334 0.06296296296296296
2 0.1671875 0.3449074074074074 0.009375 0.03796296296296296
2 0.66875 0.337037037037037 0.008333333333333333 0.037037037037037035
2 0.1859375 0.4634259259259259 0.011458333333333333 0.05092592592592592
2 0.9921875 0.42777777777777776 0.009375 0.04814814814814815
2 0.35833333333333334 0.49212962962962964 0.010416666666666666 0.05277777777777778
2 0.48776041666666664 0.399537037037037 0.009895833333333333 0.04351851851851852
2 0.5802083333333333 0.41805555555555557 0.011458333333333333 0.04351851851851852
2 0.22083333333333333 0.4 0.010416666666666666 0.044444444444444446
2 0.20598958333333334 0.3731481481481482 0.008854166666666666 0.037037037037037035
2 0.75625 0.45 0.0125 0.05185185185185185
2 0.8322916666666667 0.4722222222222222 0.010416666666666666 0.05185185185185185
2 0.67890625 0.3199074074074074 0.0078125 0.032407407407407406
2 0.61953125 0.3824074074074074 0.013020833333333334 0.04259259259259259
