2 0.23046875 0.22314814814814815 0.0140625 0.05
2 0.3536458333333333 0.29907407407407405 0.015625 0.05925925925925926
2 0.7403645833333333 0.20787037037037037 0.0171875 0.049074074074074076
2 0.4713541666666667 0.21296296296296297 0.009375 0.05
2 0.8307291666666666 0.5912037037037037 0.013541666666666667 0.075
2 0.5671875 0.3416666666666667 0.016666666666666666 0.05740740740740741
2 0.5770833333333333 0.5157407407407407 0.022916666666666665 0.07222222222222222
2 0.26484375 0.8106481481481481 0.025520833333333333 0.10833333333333334
2 0.10729166666666666 0.40694444444444444 0.016666666666666666 0.06574074074074074
2 0.18020833333333333 0.14444444444444443 0.013541666666666667 0.044444444444444446
2 0.6127604166666667 0.15046296296296297 0.008854166666666666 0.03611111111111111
2 0.24244791666666668 0.22824074074074074 0.013020833333333334 0.04722222222222222
2 0.3893229166666667 0.3055555555555556 0.013020833333333334 0.05925925925925926
2 0.5216145833333333 0.2074074074074074 0.009895833333333333 0.04259259259259259
2 0.6119791666666666 0.24583333333333332 0.008333333333333333 0.049074074074074076
2 0.10104166666666667 0.2916666666666667 0.013541666666666667 0.05555555555555555
2 0.26197916666666665 0.17083333333333334 0.014583333333333334 0.03796296296296296
2 0.23046875 0.17083333333333334 0.009895833333333333 0.04351851851851852
2 0.6315104166666666 0.25555555555555554 0.0140625 0.053703703703703705
2 0.81640625 0.34629629629629627 0.015104166666666667 0.06296296296296296
2 0.6442708333333333 0.15231481481481482 0.008333333333333333 0.03611111111111111
2 0.7026041666666667 0.21296296296296297 0.011458333333333333 0.05
1 0.3299479166666667 0.21296296296296297 0.0046875 0.009259259259259259
