1 0.21276041666666667 0.36435185185185187 0.0140625 0.07314814814814814
1 0.5270833333333333 0.3819444444444444 0.013541666666666667 0.0712962962962963
1 0.6994791666666667 0.324537037037037 0.0125 0.06574074074074074
1 0.39921875 0.425462962962963 0.013020833333333334 0.075
1 0.8015625 0.7796296296296297 0.028125 0.0962962962962963
1 0.4171875 0.5634259259259259 0.019791666666666666 0.08425925925925926
1 0.5299479166666666 0.7305555555555555 0.03177083333333333 0.09074074074074075
1 0.2552083333333333 0.8060185185185185 0.029166666666666667 0.10462962962962963
1 0.21848958333333332 0.6814814814814815 0.019270833333333334 0.08888888888888889
1 0.28984375 0.12962962962962962 0.013020833333333334 0.04259259259259259
1 0.4984375 0.30416666666666664 0.014583333333333334 0.06018518518518518
1 0.18255208333333334 0.4564814814814815 0.016145833333333335 0.07037037037037037
1 0.40286458333333336 0.5078703703703704 0.015104166666666667 0.0787037037037037
1 0.54296875 0.37824074074074077 0.015104166666666667 0.06759259259259259
1 0.490625 0.4601851851851852 0.016666666666666666 0.07222222222222222
1 0.184375 0.513425925925926 0.019791666666666666 0.0787037037037037
1 0.29375 0.3402777777777778 0.013541666666666667 0.06759259259259259
1 0.3234375 0.2212962962962963 0.016666666666666666 0.05185185185185185
1 0.7583333333333333 0.4736111111111111 0.017708333333333333 0.0824074074074074
1 0.8143229166666667 0.5152777777777777 0.016145833333333335 0.08055555555555556
1 0.6981770833333333 0.22314814814814815 0.013020833333333334 0.053703703703703705
1 0.56796875 0.33287037037037037 0.015104166666666667 0.06388888888888888
