2 0.14479166666666668 0.3800925925925926 0.008333333333333333 0.04351851851851852
2 0.4088541666666667 0.4388888888888889 0.010416666666666666 0.05
2 0.5184895833333333 0.35324074074074074 0.0078125 0.03796296296296296
2 0.41692708333333334 0.37962962962962965 0.008854166666666666 0.044444444444444446
2 0.7927083333333333 0.6787037037037037 0.019791666666666666 0.06296296296296296
2 0.2265625 0.5074074074074074 0.011458333333333333 0.053703703703703705
2 0.6388020833333333 0.6402777777777777 0.009895833333333333 0.06759259259259259
2 0.22083333333333333 0.7037037037037037 0.015625 0.07037037037037037
2 0.18333333333333332 0.6101851851851852 0.013541666666666667 0.06296296296296296
2 0.13802083333333334 0.30972222222222223 0.009375 0.03796296296296296
2 0.5109375 0.32314814814814813 0.007291666666666667 0.03333333333333333
2 0.115625 0.45740740740740743 0.011458333333333333 0.05
2 0.86328125 0.3592592592592593 0.008854166666666666 0.040740740740740744
2 0.4244791666666667 0.43425925925925923 0.007291666666666667 0.04814814814814815
2 0.43359375 0.38935185185185184 0.008854166666666666 0.041666666666666664
2 0.46901041666666665 0.39351851851851855 0.0078125 0.040740740740740744
2 0.046614583333333334 0.5212962962962963 0.016145833333333335 0.05740740740740741
2 0.27760416666666665 0.39537037037037037 0.010416666666666666 0.046296296296296294
2 0.16041666666666668 0.3388888888888889 0.008333333333333333 0.037037037037037035
2 0.62890625 0.43425925925925923 0.008854166666666666 0.05
2 0.6651041666666667 0.4537037037037037 0.011458333333333333 0.05
2 0.5078125 0.29768518518518516 0.007291666666666667 0.032407407407407406
2 0.48802083333333335 0.3587962962962963 0.009375 0.03796296296296296
1 0.862921875 0.35327777777777775 0.0036562499999999907 0.006870370370370385
