2 0.18098958333333334 0.2689814814814815 0.011979166666666667 0.06759259259259259
2 0.3580729166666667 0.5078703703703704 0.016145833333333335 0.08611111111111111
2 0.8671875 0.2439814814814815 0.009375 0.06388888888888888
2 0.27109375 0.28888888888888886 0.0140625 0.06666666666666667
2 0.8333333333333334 0.575 0.01875 0.08518518518518518
2 0.5244791666666667 0.4324074074074074 0.01875 0.07777777777777778
2 0.43697916666666664 0.5833333333333334 0.015625 0.08703703703703704
2 0.48776041666666664 0.8888888888888888 0.022395833333333334 0.11851851851851852
2 0.08151041666666667 0.5194444444444445 0.018229166666666668 0.07962962962962963
2 0.25052083333333336 0.08425925925925926 0.011458333333333333 0.046296296296296294
2 0.4296875 0.23564814814814813 0.013541666666666667 0.05648148148148148
2 0.46979166666666666 0.30185185185185187 0.010416666666666666 0.06666666666666667
2 0.32265625 0.37916666666666665 0.016145833333333335 0.0712962962962963
2 0.5802083333333333 0.23472222222222222 0.011458333333333333 0.058333333333333334
2 0.70078125 0.32916666666666666 0.013020833333333334 0.06574074074074074
2 0.11822916666666666 0.362962962962963 0.021875 0.07037037037037037
2 0.20286458333333332 0.2564814814814815 0.011979166666666667 0.06481481481481481
2 0.484375 0.17037037037037037 0.009375 0.05185185185185185
2 0.47604166666666664 0.4203703703703704 0.01875 0.08333333333333333
2 0.9364583333333333 0.3638888888888889 0.0125 0.07222222222222222
2 0.6848958333333334 0.13055555555555556 0.009375 0.04814814814814815
2 0.50625 0.25833333333333336 0.013541666666666667 0.06111111111111111
1 0.48359375 0.33101851851851855 0.0067708333333333336 0.012037037037037037
