2 0.1734375 0.23935185185185184 0.011458333333333333 0.06759259259259259
2 0.3734375 0.48009259259259257 0.016666666666666666 0.08611111111111111
2 0.8609375 0.2074074074074074 0.010416666666666666 0.06111111111111111
2 0.31536458333333334 0.2601851851851852 0.008854166666666666 0.06481481481481481
2 0.8700520833333333 0.5532407407407407 0.021354166666666667 0.08425925925925926
2 0.5390625 0.4064814814814815 0.01875 0.07777777777777778
2 0.4518229166666667 0.5569444444444445 0.016145833333333335 0.08425925925925926
2 0.4979166666666667 0.9083333333333333 0.019791666666666666 0.11666666666666667
2 0.071875 0.49444444444444446 0.017708333333333333 0.08148148148148149
2 0.26666666666666666 0.05555555555555555 0.0125 0.04814814814814815
2 0.4270833333333333 0.1962962962962963 0.011458333333333333 0.05740740740740741
2 0.4859375 0.27546296296296297 0.010416666666666666 0.06759259259259259
2 0.33489583333333334 0.3365740740740741 0.011458333333333333 0.06944444444444445
2 0.5973958333333333 0.2074074074074074 0.0125 0.05925925925925926
2 0.72890625 0.3055555555555556 0.0109375 0.06666666666666667
2 0.11458333333333333 0.3226851851851852 0.015625 0.07314814814814814
2 0.20104166666666667 0.20787037037037037 0.0125 0.062037037037037036
2 0.4986979166666667 0.1375 0.009895833333333333 0.05092592592592592
2 0.4903645833333333 0.39444444444444443 0.018229166666666668 0.08333333333333333
2 0.9294270833333333 0.35185185185185186 0.0203125 0.07407407407407407
2 0.7234375 0.10046296296296296 0.011458333333333333 0.049074074074074076
2 0.4934895833333333 0.20925925925925926 0.0109375 0.05925925925925926
1 0.49921875 0.30462962962962964 0.0067708333333333336 0.011111111111111112
