2 0.14296875 0.4199074074074074 0.0109375 0.049074074074074076
2 0.4708333333333333 0.4273148148148148 0.010416666666666666 0.049074074074074076
2 0.6143229166666667 0.35833333333333334 0.008854166666666666 0.040740740740740744
2 0.4434895833333333 0.3736111111111111 0.0078125 0.041666666666666664
2 0.8356770833333333 0.6865740740740741 0.0234375 0.06944444444444445
2 0.18802083333333333 0.4976851851851852 0.010416666666666666 0.05277777777777778
2 0.5861979166666667 0.6453703703703704 0.022395833333333334 0.06481481481481481
2 0.184375 0.6606481481481481 0.014583333333333334 0.06944444444444445
2 0.19192708333333333 0.5782407407407407 0.011979166666666667 0.062037037037037036
2 0.14505208333333333 0.3296296296296296 0.009895833333333333 0.037037037037037035
2 0.5966145833333333 0.3212962962962963 0.0078125 0.03518518518518519
2 0.15859375 0.4486111111111111 0.0109375 0.049074074074074076
2 0.915625 0.38796296296296295 0.009375 0.044444444444444446
2 0.36666666666666664 0.46111111111111114 0.009375 0.04814814814814815
2 0.4518229166666667 0.3837962962962963 0.0078125 0.041666666666666664
2 0.5458333333333333 0.3925925925925926 0.009375 0.04259259259259259
2 0.21588541666666666 0.38935185185185184 0.008854166666666666 0.041666666666666664
2 0.17604166666666668 0.3541666666666667 0.007291666666666667 0.03796296296296296
2 0.7190104166666667 0.42962962962962964 0.009895833333333333 0.05
2 0.7674479166666667 0.44907407407407407 0.0109375 0.05
2 0.60078125 0.30092592592592593 0.0067708333333333336 0.03148148148148148
2 0.57578125 0.3625 0.0078125 0.041666666666666664
