2 0.26197916666666665 0.3787037037037037 0.021875 0.07222222222222222
2 0.5393229166666667 0.37175925925925923 0.013020833333333334 0.06944444444444445
2 0.8028645833333333 0.48518518518518516 0.0296875 0.07222222222222222
2 0.4747395833333333 0.4583333333333333 0.015104166666666667 0.07592592592592592
2 0.8153645833333333 0.7310185185185185 0.0234375 0.09351851851851851
2 0.5856770833333333 0.5962962962962963 0.0203125 0.08703703703703704
2 0.39557291666666666 0.6921296296296297 0.027604166666666666 0.075
2 0.34479166666666666 0.6125 0.014583333333333334 0.08425925925925926
2 0.22708333333333333 0.6023148148148149 0.020833333333333332 0.08425925925925926
2 0.41822916666666665 0.10231481481481482 0.009375 0.04537037037037037
2 0.58671875 0.37175925925925923 0.0171875 0.06574074074074074
2 0.43697916666666664 0.500462962962963 0.015625 0.08055555555555556
2 0.45390625 0.524074074074074 0.0203125 0.08333333333333333
2 0.5783854166666667 0.5013888888888889 0.016145833333333335 0.07314814814814814
2 0.5828125 0.5236111111111111 0.021875 0.07685185185185185
2 0.22473958333333333 0.5018518518518519 0.0140625 0.08518518518518518
2 0.33203125 0.2898148148148148 0.019270833333333334 0.06296296296296296
2 0.4015625 0.2537037037037037 0.011458333333333333 0.05555555555555555
2 0.6942708333333333 0.5111111111111111 0.025 0.07777777777777778
2 0.71171875 0.5115740740740741 0.016145833333333335 0.0824074074074074
2 0.7778645833333333 0.3527777777777778 0.0171875 0.06481481481481481
2 0.6625 0.49675925925925923 0.015625 0.07685185185185185
1 0.7356770833333334 0.4199074074074074 0.005729166666666666 0.010185185185185186
