2 0.23723958333333334 0.3699074074074074 0.021354166666666667 0.07685185185185185
2 0.5408854166666667 0.37453703703703706 0.016145833333333335 0.06944444444444445
2 0.7197916666666667 0.33240740740740743 0.013541666666666667 0.06666666666666667
2 0.39036458333333335 0.42916666666666664 0.013020833333333334 0.0787037037037037
2 0.8028645833333333 0.8092592592592592 0.027604166666666666 0.1037037037037037
2 0.43776041666666665 0.5509259259259259 0.019270833333333334 0.08518518518518518
2 0.48333333333333334 0.7342592592592593 0.016666666666666666 0.0962962962962963
2 0.22265625 0.8078703703703703 0.0234375 0.10462962962962963
2 0.203125 0.6675925925925926 0.021875 0.08888888888888889
2 0.33567708333333335 0.10416666666666667 0.011979166666666667 0.04537037037037037
2 0.5020833333333333 0.29814814814814816 0.014583333333333334 0.06111111111111111
2 0.19479166666666667 0.4689814814814815 0.016666666666666666 0.0824074074074074
2 0.39791666666666664 0.49583333333333335 0.014583333333333334 0.075
2 0.5541666666666667 0.3819444444444444 0.017708333333333333 0.06944444444444445
2 0.4869791666666667 0.462037037037037 0.01875 0.07592592592592592
2 0.20520833333333333 0.49583333333333335 0.016666666666666666 0.08055555555555556
2 0.2875 0.33287037037037037 0.017708333333333333 0.06944444444444445
2 0.34270833333333334 0.20925925925925926 0.0125 0.05185185185185185
2 0.7385416666666667 0.46944444444444444 0.015625 0.08333333333333333
2 0.8 0.5148148148148148 0.014583333333333334 0.08333333333333333
2 0.7138020833333333 0.22083333333333333 0.0109375 0.05648148148148148
2 0.5411458333333333 0.34444444444444444 0.016666666666666666 0.06111111111111111
