2 0.27734375 0.3685185185185185 0.018229166666666668 0.07592592592592592
2 0.540625 0.3861111111111111 0.011458333333333333 0.07592592592592592
2 0.7653645833333333 0.3726851851851852 0.015104166666666667 0.07314814814814814
2 0.39505208333333336 0.39675925925925926 0.015104166666666667 0.07314814814814814
2 0.7942708333333334 0.8180555555555555 0.023958333333333335 0.10462962962962963
2 0.4708333333333333 0.5666666666666667 0.022916666666666665 0.08518518518518518
2 0.434375 0.725462962962963 0.021875 0.09351851851851851
2 0.19765625 0.7939814814814815 0.016145833333333335 0.10277777777777777
2 0.20963541666666666 0.6574074074074074 0.021354166666666667 0.08888888888888889
2 0.39453125 0.08564814814814815 0.0109375 0.041666666666666664
2 0.51328125 0.3111111111111111 0.016145833333333335 0.06296296296296296
2 0.21067708333333332 0.4912037037037037 0.019270833333333334 0.08425925925925926
2 0.39010416666666664 0.4912037037037037 0.01875 0.0787037037037037
2 0.5510416666666667 0.41435185185185186 0.013541666666666667 0.0712962962962963
2 0.49505208333333334 0.46111111111111114 0.019270833333333334 0.07407407407407407
2 0.23411458333333332 0.47638888888888886 0.018229166666666668 0.08055555555555556
2 0.30963541666666666 0.31342592592592594 0.011979166666666667 0.0712962962962963
2 0.36223958333333334 0.21712962962962962 0.011979166666666667 0.05462962962962963
2 0.7333333333333333 0.4777777777777778 0.014583333333333334 0.08333333333333333
2 0.8229166666666666 0.5546296296296296 0.021875 0.09074074074074075
2 0.74375 0.24212962962962964 0.013541666666666667 0.058333333333333334
2 0.5270833333333333 0.3800925925925926 0.015625 0.07314814814814814
