2 0.22083333333333333 0.37083333333333335 0.020833333333333332 0.075
2 0.5322916666666667 0.38055555555555554 0.013541666666666667 0.07037037037037037
2 0.7052083333333333 0.3314814814814815 0.014583333333333334 0.06666666666666667
2 0.39453125 0.43472222222222223 0.018229166666666668 0.075
2 0.7997395833333333 0.7976851851851852 0.0296875 0.09907407407407408
2 0.41744791666666664 0.5643518518518519 0.0140625 0.08611111111111111
2 0.5044270833333333 0.7342592592592593 0.0265625 0.09074074074074075
2 0.23645833333333333 0.8087962962962963 0.021875 0.10092592592592593
2 0.20807291666666666 0.6805555555555556 0.025520833333333333 0.08703703703703704
2 0.3067708333333333 0.12268518518518519 0.011458333333333333 0.04351851851851852
2 0.49947916666666664 0.3050925925925926 0.013541666666666667 0.058333333333333334
2 0.18515625 0.4597222222222222 0.0140625 0.06388888888888888
2 0.40234375 0.5064814814814815 0.013020833333333334 0.07592592592592592
2 0.5453125 0.3800925925925926 0.0125 0.06759259259259259
2 0.4856770833333333 0.4648148148148148 0.0171875 0.07407407407407407
2 0.18984375 0.5152777777777777 0.0140625 0.07685185185185185
2 0.2903645833333333 0.34120370370370373 0.013020833333333334 0.06759259259259259
2 0.3307291666666667 0.2199074074074074 0.0125 0.05092592592592592
2 0.7453125 0.47638888888888886 0.015625 0.0824074074074074
2 0.8067708333333333 0.5203703703703704 0.021875 0.08148148148148149
2 0.7033854166666667 0.22546296296296298 0.0140625 0.05277777777777778
2 0.55859375 0.3435185185185185 0.015104166666666667 0.06296296296296296
