2 0.30442708333333335 0.3375 0.018229166666666668 0.07685185185185185
2 0.5713541666666667 0.3333333333333333 0.014583333333333334 0.07037037037037037
2 0.85625 0.39675925925925926 0.020833333333333332 0.07685185185185185
2 0.41510416666666666 0.3773148148148148 0.017708333333333333 0.0712962962962963
2 0.7802083333333333 0.7837962962962963 0.026041666666666668 0.10277777777777777
2 0.5622395833333333 0.5967592592592592 0.021354166666666667 0.09537037037037037
2 0.38177083333333334 0.6407407407407407 0.016666666666666666 0.09259259259259259
2 0.25833333333333336 0.6805555555555556 0.020833333333333332 0.1037037037037037
2 0.17395833333333333 0.5962962962962963 0.01875 0.08888888888888889
2 0.4625 0.05324074074074074 0.010416666666666666 0.04351851851851852
2 0.53203125 0.3106481481481482 0.0140625 0.06574074074074074
2 0.4591145833333333 0.47962962962962963 0.021354166666666667 0.07037037037037037
2 0.5140625 0.4638888888888889 0.023958333333333335 0.07222222222222222
2 0.6330729166666667 0.40185185185185185 0.016145833333333335 0.07407407407407407
2 0.5348958333333333 0.4787037037037037 0.016666666666666666 0.06851851851851852
2 0.26171875 0.4398148148148148 0.019270833333333334 0.07962962962962963
2 0.3489583333333333 0.25833333333333336 0.0125 0.06666666666666667
2 0.40260416666666665 0.21388888888888888 0.013541666666666667 0.05740740740740741
2 0.83125 0.4861111111111111 0.023958333333333335 0.08518518518518518
2 0.8911458333333333 0.5527777777777778 0.023958333333333335 0.09259259259259259
2 0.8059895833333334 0.2708333333333333 0.0140625 0.06574074074074074
2 0.6143229166666667 0.4083333333333333 0.018229166666666668 0.06666666666666667
1 0.6799479166666667 0.2222222222222222 0.005729166666666666 0.012962962962962963
