2 0.13255208333333332 0.2023148148148148 0.0140625 0.05277777777777778
2 0.33984375 0.2662037037037037 0.015104166666666667 0.06574074074074074
2 0.721875 0.16157407407407406 0.010416666666666666 0.05277777777777778
2 0.48671875 0.17037037037037037 0.0171875 0.044444444444444446
2 0.8919270833333334 0.5592592592592592 0.022395833333333334 0.07592592592592592
2 0.5705729166666667 0.33101851851851855 0.0140625 0.06388888888888888
2 0.5625 0.46944444444444444 0.017708333333333333 0.07777777777777778
2 0.26197916666666665 0.8444444444444444 0.021875 0.11851851851851852
2 0.09192708333333334 0.4125 0.018229166666666668 0.06759259259259259
2 0.16458333333333333 0.09212962962962963 0.014583333333333334 0.041666666666666664
2 0.6072916666666667 0.10277777777777777 0.010416666666666666 0.037037037037037035
2 0.12838541666666667 0.23194444444444445 0.0109375 0.05277777777777778
2 0.40677083333333336 0.2777777777777778 0.016666666666666666 0.05555555555555555
2 0.5442708333333334 0.1712962962962963 0.016666666666666666 0.040740740740740744
2 0.5947916666666667 0.19907407407407407 0.011458333333333333 0.05
2 0.11875 0.2675925925925926 0.021875 0.053703703703703705
2 0.28854166666666664 0.11805555555555555 0.015625 0.041666666666666664
2 0.2559895833333333 0.11435185185185186 0.0140625 0.03425925925925926
2 0.6078125 0.20601851851851852 0.0125 0.05648148148148148
2 0.8471354166666667 0.30185185185185187 0.013020833333333334 0.05925925925925926
2 0.6385416666666667 0.09444444444444444 0.016666666666666666 0.03888888888888889
2 0.684375 0.15833333333333333 0.011458333333333333 0.05185185185185185
