2 0.18203125 0.32222222222222224 0.0109375 0.04814814814814815
2 0.4479166666666667 0.40324074074074073 0.014583333333333334 0.05462962962962963
2 0.5705729166666667 0.3106481481481482 0.0078125 0.04537037037037037
2 0.44973958333333336 0.3472222222222222 0.008854166666666666 0.046296296296296294
2 0.8341145833333333 0.6657407407407407 0.0140625 0.07037037037037037
2 0.29270833333333335 0.4828703703703704 0.014583333333333334 0.06018518518518518
2 0.6890625 0.6291666666666667 0.01875 0.06759259259259259
2 0.28046875 0.7217592592592592 0.016145833333333335 0.0824074074074074
2 0.22682291666666668 0.6023148148148149 0.015104166666666667 0.06944444444444445
2 0.17473958333333334 0.2490740740740741 0.009895833333333333 0.03148148148148148
2 0.5544270833333333 0.2763888888888889 0.009895833333333333 0.03796296296296296
2 0.13958333333333334 0.4185185185185185 0.0125 0.05555555555555555
2 0.9966145833333333 0.33425925925925926 0.0078125 0.04814814814814815
2 0.4744791666666667 0.40694444444444444 0.013541666666666667 0.05277777777777778
2 0.4825520833333333 0.3541666666666667 0.009895833333333333 0.049074074074074076
2 0.5059895833333333 0.36527777777777776 0.009895833333333333 0.04537037037037037
2 0.10520833333333333 0.48842592592592593 0.015625 0.062037037037037036
2 0.32317708333333334 0.3541666666666667 0.013020833333333334 0.05092592592592592
2 0.20703125 0.2814814814814815 0.0078125 0.03888888888888889
2 0.6908854166666667 0.4111111111111111 0.015104166666666667 0.05740740740740741
2 0.73125 0.4337962962962963 0.0125 0.058333333333333334
2 0.56875 0.2513888888888889 0.008333333333333333 0.03611111111111111
2 0.53515625 0.31666666666666665 0.013020833333333334 0.044444444444444446
1 0.996171875 0.32905555555555555 0.0036562499999999907 0.006870370370370332
