2 0.21614583333333334 0.3685185185185185 0.017708333333333333 0.07407407407407407
2 0.5307291666666667 0.38101851851851853 0.016666666666666666 0.06944444444444445
2 0.7033854166666667 0.3296296296296296 0.011979166666666667 0.06666666666666667
2 0.39166666666666666 0.43425925925925923 0.020833333333333332 0.07407407407407407
2 0.7973958333333333 0.7935185185185185 0.025 0.1
2 0.41380208333333335 0.5648148148148148 0.0140625 0.08333333333333333
2 0.50546875 0.7342592592592593 0.018229166666666668 0.09259259259259259
2 0.24088541666666666 0.8101851851851852 0.019270833333333334 0.1037037037037037
2 0.2046875 0.6805555555555556 0.021875 0.08888888888888889
2 0.30182291666666666 0.125 0.011979166666666667 0.04259259259259259
2 0.49765625 0.3050925925925926 0.0109375 0.06018518518518518
2 0.18307291666666667 0.46064814814814814 0.015104166666666667 0.06388888888888888
2 0.4005208333333333 0.5074074074074074 0.016666666666666666 0.07592592592592592
2 0.5434895833333333 0.3800925925925926 0.011979166666666667 0.06759259259259259
2 0.48411458333333335 0.46296296296296297 0.013020833333333334 0.07222222222222222
2 0.18854166666666666 0.5180555555555556 0.016666666666666666 0.0787037037037037
2 0.28958333333333336 0.3425925925925926 0.020833333333333332 0.06666666666666667
2 0.32864583333333336 0.22037037037037038 0.013541666666666667 0.05185185185185185
2 0.74375 0.4777777777777778 0.023958333333333335 0.07962962962962963
2 0.803125 0.5208333333333334 0.022916666666666665 0.08055555555555556
2 0.7002604166666667 0.225 0.011979166666666667 0.053703703703703705
2 0.5596354166666667 0.3425925925925926 0.0171875 0.06481481481481481
