2 0.2421875 0.40046296296296297 0.019791666666666666 0.07314814814814814
2 0.51484375 0.3962962962962963 0.0140625 0.07222222222222222
2 0.7703125 0.47453703703703703 0.023958333333333335 0.0824074074074074
2 0.46953125 0.4486111111111111 0.0140625 0.075
2 0.8145833333333333 0.7152777777777778 0.019791666666666666 0.09722222222222222
2 0.571875 0.6138888888888889 0.017708333333333333 0.08888888888888889
2 0.42916666666666664 0.7462962962962963 0.023958333333333335 0.08703703703703704
2 0.33177083333333335 0.6523148148148148 0.014583333333333334 0.08611111111111111
2 0.20598958333333334 0.6398148148148148 0.0203125 0.08518518518518518
2 0.37604166666666666 0.1337962962962963 0.009375 0.041666666666666664
2 0.603125 0.38796296296296295 0.020833333333333332 0.06296296296296296
2 0.4015625 0.5143518518518518 0.022916666666666665 0.0824074074074074
2 0.39609375 0.5365740740740741 0.016145833333333335 0.08055555555555556
2 0.5877604166666667 0.4666666666666667 0.015104166666666667 0.06296296296296296
2 0.5809895833333333 0.5203703703703704 0.015104166666666667 0.07962962962962963
2 0.1828125 0.5208333333333334 0.021875 0.08055555555555556
2 0.3078125 0.31342592592592594 0.016666666666666666 0.06388888888888888
2 0.37552083333333336 0.2777777777777778 0.011458333333333333 0.05185185185185185
2 0.6200520833333333 0.5388888888888889 0.024479166666666666 0.07962962962962963
2 0.6463541666666667 0.538425925925926 0.022916666666666665 0.0824074074074074
2 0.75859375 0.3824074074074074 0.019270833333333334 0.06296296296296296
2 0.6846354166666667 0.47638888888888886 0.0203125 0.06944444444444445
1 0.72734375 0.4398148148148148 0.0046875 0.009259259259259259
