2 0.17682291666666666 0.25555555555555554 0.0140625 0.06851851851851852
2 0.365625 0.4935185185185185 0.016666666666666666 0.08703703703703704
2 0.8630208333333333 0.22453703703703703 0.014583333333333334 0.062037037037037036
2 0.29296875 0.275 0.0140625 0.06666666666666667
2 0.8494791666666667 0.5583333333333333 0.015625 0.08333333333333333
2 0.5341145833333333 0.41944444444444445 0.018229166666666668 0.07777777777777778
2 0.4440104166666667 0.5703703703703704 0.0171875 0.08518518518518518
2 0.4934895833333333 0.8958333333333334 0.021354166666666667 0.11574074074074074
2 0.07265625 0.5101851851851852 0.0140625 0.07962962962962963
2 0.25885416666666666 0.07037037037037037 0.011458333333333333 0.046296296296296294
2 0.42604166666666665 0.2152777777777778 0.011458333333333333 0.06018518518518518
2 0.47760416666666666 0.28888888888888886 0.011458333333333333 0.06666666666666667
2 0.3268229166666667 0.35509259259259257 0.013020833333333334 0.0712962962962963
2 0.5890625 0.22083333333333333 0.0125 0.058333333333333334
2 0.7109375 0.3189814814814815 0.010416666666666666 0.06574074074074074
2 0.11067708333333333 0.3421296296296296 0.015104166666666667 0.0712962962962963
2 0.20442708333333334 0.2300925925925926 0.0109375 0.06388888888888888
2 0.490625 0.15324074074074073 0.009375 0.05092592592592592
2 0.4828125 0.4078703703703704 0.017708333333333333 0.0824074074074074
2 0.9354166666666667 0.35555555555555557 0.016666666666666666 0.07222222222222222
2 0.70234375 0.11481481481481481 0.0109375 0.04814814814814815
2 0.4981770833333333 0.23472222222222222 0.0109375 0.062037037037037036
1 0.49114583333333334 0.3175925925925926 0.007291666666666667 0.012962962962962963
