2 0.25390625 0.36944444444444446 0.0171875 0.07407407407407407
2 0.53203125 0.362962962962963 0.015104166666666667 0.07407407407407407
2 0.78671875 0.4638888888888889 0.0296875 0.05925925925925926
2 0.43359375 0.4625 0.018229166666666668 0.0787037037037037
2 0.8057291666666667 0.7333333333333333 0.023958333333333335 0.09259259259259259
2 0.5541666666666667 0.5875 0.023958333333333335 0.08796296296296297
2 0.36796875 0.6648148148148149 0.021354166666666667 0.08888888888888889
2 0.31015625 0.6101851851851852 0.016145833333333335 0.09259259259259259
2 0.19765625 0.5861111111111111 0.024479166666666666 0.08148148148148149
2 0.41171875 0.09027777777777778 0.0109375 0.04351851851851852
2 0.5486979166666667 0.35648148148148145 0.0171875 0.06111111111111111
2 0.4171875 0.4875 0.017708333333333333 0.0787037037037037
2 0.5200520833333333 0.4976851851851852 0.018229166666666668 0.06944444444444445
2 0.5469739583333334 0.498550925925926 0.021260416666666632 0.07154629629629633
2 0.5458333333333333 0.5117592592592592 0.023958333333333335 0.07833333333333335
2 0.22708333333333333 0.4888888888888889 0.015625 0.08333333333333333
2 0.31588541666666664 0.27870370370370373 0.011979166666666667 0.06481481481481481
2 0.3880208333333333 0.24212962962962964 0.013541666666666667 0.05648148148148148
2 0.76484375 0.524074074074074 0.0265625 0.08148148148148149
2 0.7895833333333333 0.5361111111111111 0.025 0.07962962962962963
2 0.7744791666666667 0.3296296296296296 0.016666666666666666 0.06296296296296296
2 0.6192708333333333 0.4689814814814815 0.026041666666666668 0.07685185185185185
1 0.625 0.38333333333333336 0.005208333333333333 0.011111111111111112
