2 0.15052083333333333 0.3976851851851852 0.009375 0.04722222222222222
2 0.44635416666666666 0.4217592592592593 0.011458333333333333 0.04722222222222222
2 0.575 0.34629629629629627 0.010416666666666666 0.040740740740740744
2 0.46848958333333335 0.36574074074074076 0.011979166666666667 0.04259259259259259
2 0.8763020833333334 0.6944444444444444 0.019270833333333334 0.06851851851851852
2 0.20807291666666666 0.487962962962963 0.011979166666666667 0.05
2 0.6052083333333333 0.6268518518518519 0.015625 0.06296296296296296
2 0.18984375 0.6587962962962963 0.011979166666666667 0.06944444444444445
2 0.18723958333333332 0.575 0.011979166666666667 0.05925925925925926
2 0.15442708333333333 0.3175925925925926 0.008854166666666666 0.03333333333333333
2 0.5640625 0.31574074074074077 0.007291666666666667 0.03333333333333333
2 0.15833333333333333 0.4398148148148148 0.010416666666666666 0.04814814814814815
2 0.8848958333333333 0.362962962962963 0.008333333333333333 0.040740740740740744
2 0.41354166666666664 0.4351851851851852 0.015625 0.044444444444444446
2 0.4518229166666667 0.3773148148148148 0.011979166666666667 0.041666666666666664
2 0.5268229166666667 0.3814814814814815 0.009895833333333333 0.040740740740740744
2 0.00703125 0.5064814814814815 0.0140625 0.053703703703703705
2 0.2484375 0.38101851851851853 0.009375 0.04351851851851852
2 0.17317708333333334 0.34074074074074073 0.0067708333333333336 0.037037037037037035
2 0.690625 0.42083333333333334 0.010416666666666666 0.04722222222222222
2 0.7255208333333333 0.4388888888888889 0.009375 0.05
2 0.5604166666666667 0.29074074074074074 0.007291666666666667 0.02962962962962963
2 0.5502604166666667 0.35185185185185186 0.0078125 0.040740740740740744
