2 0.15104166666666666 0.3912037037037037 0.009375 0.049074074074074076
2 0.43776041666666665 0.41805555555555557 0.009895833333333333 0.049074074074074076
2 0.5640625 0.3416666666666667 0.009375 0.040740740740740744
2 0.46640625 0.36435185185185187 0.011979166666666667 0.041666666666666664
2 0.87578125 0.6944444444444444 0.015104166666666667 0.07222222222222222
2 0.2109375 0.4861111111111111 0.014583333333333334 0.05185185185185185
2 0.61328125 0.6208333333333333 0.0109375 0.062037037037037036
2 0.19322916666666667 0.6601851851851852 0.014583333333333334 0.07037037037037037
2 0.18697916666666667 0.5736111111111111 0.0125 0.06018518518518518
2 0.15442708333333333 0.3106481481481482 0.008854166666666666 0.03796296296296296
2 0.5552083333333333 0.31157407407407406 0.00625 0.03425925925925926
2 0.15390625 0.4361111111111111 0.009895833333333333 0.04814814814814815
2 0.8765625 0.35462962962962963 0.009375 0.03888888888888889
2 0.4236979166666667 0.4287037037037037 0.011979166666666667 0.046296296296296294
2 0.4510416666666667 0.3731481481481482 0.010416666666666666 0.040740740740740744
2 0.5171875 0.37824074074074077 0.007291666666666667 0.041666666666666664
2 0.01328125 0.5032407407407408 0.015104166666666667 0.05462962962962963
2 0.2559895833333333 0.37824074074074077 0.0078125 0.04351851851851852
2 0.17135416666666667 0.33564814814814814 0.007291666666666667 0.03611111111111111
2 0.6799479166666667 0.4166666666666667 0.008854166666666666 0.04814814814814815
2 0.7143229166666667 0.4351851851851852 0.009895833333333333 0.05
2 0.54921875 0.287962962962963 0.0067708333333333336 0.03148148148148148
2 0.5411458333333333 0.3486111111111111 0.010416666666666666 0.03981481481481482
