2 0.24036458333333333 0.30925925925925923 0.0140625 0.05555555555555555
2 0.534375 0.37546296296296294 0.014583333333333334 0.058333333333333334
2 0.8682291666666667 0.3212962962962963 0.016666666666666666 0.05185185185185185
2 0.5098958333333333 0.2652777777777778 0.013541666666666667 0.04537037037037037
2 0.7458333333333333 0.6541666666666667 0.020833333333333332 0.075
2 0.19947916666666668 0.37407407407407406 0.017708333333333333 0.05185185185185185
2 0.5786458333333333 0.725925925925926 0.023958333333333335 0.08703703703703704
2 0.33151041666666664 0.5356481481481481 0.0171875 0.07314814814814814
2 0.37083333333333335 0.5222222222222223 0.014583333333333334 0.07037037037037037
2 0.27421875 0.20694444444444443 0.0109375 0.041666666666666664
2 0.7760416666666666 0.2273148148148148 0.0125 0.03425925925925926
2 0.34661458333333334 0.32175925925925924 0.0109375 0.05277777777777778
2 0.4359375 0.38425925925925924 0.016666666666666666 0.05925925925925926
2 0.5424479166666667 0.31666666666666665 0.0140625 0.05
2 0.6244791666666667 0.37407407407407406 0.015625 0.05185185185185185
2 0.12864583333333332 0.37175925925925923 0.019791666666666666 0.06018518518518518
2 0.3106770833333333 0.275 0.011979166666666667 0.05
2 0.36692708333333335 0.26435185185185184 0.011979166666666667 0.04537037037037037
2 0.7341145833333333 0.3787037037037037 0.018229166666666668 0.06111111111111111
2 0.8802083333333334 0.42962962962962964 0.022916666666666665 0.06666666666666667
2 0.80078125 0.26342592592592595 0.013020833333333334 0.03981481481481482
2 0.77265625 0.274537037037037 0.009895833333333333 0.05092592592592592
1 0.6100104166666667 0.14077314814814815 0.004197916666666638 0.007453703703703714
