2 0.16588541666666667 0.2101851851851852 0.016145833333333335 0.06666666666666667
2 0.35052083333333334 0.3189814814814815 0.013541666666666667 0.06944444444444445
2 0.7723958333333333 0.14953703703703702 0.009375 0.05648148148148148
2 0.390625 0.18472222222222223 0.014583333333333334 0.058333333333333334
2 0.9239583333333333 0.5569444444444445 0.025 0.08425925925925926
2 0.52734375 0.36527777777777776 0.019270833333333334 0.07314814814814814
2 0.6127604166666667 0.48055555555555557 0.021354166666666667 0.08148148148148149
2 0.34479166666666666 0.9120370370370371 0.023958333333333335 0.11851851851851852
2 0.06197916666666667 0.4986111111111111 0.013541666666666667 0.0824074074074074
2 0.21770833333333334 0.038425925925925926 0.013541666666666667 0.041666666666666664
2 0.5403645833333334 0.12546296296296297 0.0140625 0.049074074074074076
2 0.20729166666666668 0.2537037037037037 0.013541666666666667 0.06481481481481481
2 0.4276041666666667 0.30185185185185187 0.014583333333333334 0.06666666666666667
2 0.5091145833333334 0.18564814814814815 0.0109375 0.05648148148148148
2 0.6453125 0.2337962962962963 0.013541666666666667 0.06018518518518518
2 0.13776041666666666 0.29212962962962963 0.0171875 0.06944444444444445
2 0.2669270833333333 0.12037037037037036 0.015104166666666667 0.05185185185185185
2 0.31979166666666664 0.09861111111111111 0.009375 0.049074074074074076
2 0.6669270833333333 0.24953703703703703 0.0140625 0.06944444444444445
2 0.9359375 0.3314814814814815 0.026041666666666668 0.07037037037037037
2 0.69453125 0.06851851851851852 0.011979166666666667 0.044444444444444446
2 0.6669270833333333 0.16620370370370371 0.016145833333333335 0.05648148148148148
1 0.7643229166666666 0.1685185185185185 0.0046875 0.009259259259259259
