2 0.23854166666666668 0.287962962962963 0.013541666666666667 0.06666666666666667
2 0.47942708333333334 0.34074074074074073 0.018229166666666668 0.06666666666666667
2 0.8052083333333333 0.3314814814814815 0.0125 0.06481481481481481
2 0.45208333333333334 0.2962962962962963 0.016666666666666666 0.05925925925925926
2 0.7638020833333333 0.6175925925925926 0.0203125 0.07962962962962963
2 0.5541666666666667 0.48564814814814816 0.019791666666666666 0.0787037037037037
2 0.6591145833333333 0.7814814814814814 0.019270833333333334 0.10185185185185185
2 0.33828125 0.587037037037037 0.021354166666666667 0.08333333333333333
2 0.234375 0.5583333333333333 0.025 0.07962962962962963
2 0.36640625 0.1125 0.011979166666666667 0.04351851851851852
2 0.65546875 0.27361111111111114 0.0140625 0.05462962962962963
2 0.2890625 0.3712962962962963 0.021875 0.05555555555555555
2 0.3997395833333333 0.41805555555555557 0.015104166666666667 0.0712962962962963
2 0.56484375 0.3106481481481482 0.019270833333333334 0.058333333333333334
2 0.6036458333333333 0.4046296296296296 0.015625 0.07037037037037037
2 0.17161458333333332 0.38935185185185184 0.018229166666666668 0.06759259259259259
2 0.33515625 0.2518518518518518 0.021354166666666667 0.05740740740740741
2 0.3609375 0.23564814814814813 0.011458333333333333 0.05277777777777778
2 0.7421875 0.4449074074074074 0.013541666666666667 0.0787037037037037
2 0.8 0.4513888888888889 0.017708333333333333 0.07685185185185185
2 0.74921875 0.287962962962963 0.0109375 0.05740740740740741
2 0.7606770833333333 0.3 0.018229166666666668 0.05925925925925926
1 0.24947916666666667 0.1486111111111111 0.005208333333333333 0.010185185185185186
