2 0.15182291666666667 0.3837962962962963 0.008854166666666666 0.04537037037037037
2 0.4322916666666667 0.42083333333333334 0.0125 0.05277777777777778
2 0.55390625 0.34074074074074073 0.0078125 0.040740740740740744
2 0.45859375 0.36435185185185187 0.008854166666666666 0.041666666666666664
2 0.86953125 0.6907407407407408 0.011979166666666667 0.06851851851851852
2 0.2171875 0.48518518518518516 0.0125 0.05
2 0.6221354166666667 0.6180555555555556 0.009895833333333333 0.062037037037037036
2 0.19713541666666667 0.6625 0.0109375 0.06944444444444445
2 0.18723958333333332 0.5773148148148148 0.013020833333333334 0.06018518518518518
2 0.15494791666666666 0.3060185185185185 0.0109375 0.03796296296296296
2 0.5463541666666667 0.3106481481481482 0.00625 0.03425925925925926
2 0.14817708333333332 0.4361111111111111 0.009895833333333333 0.04814814814814815
2 0.8716145833333333 0.3490740740740741 0.008854166666666666 0.03888888888888889
2 0.43307291666666664 0.42083333333333334 0.013020833333333334 0.05277777777777778
2 0.4510416666666667 0.3726851851851852 0.008333333333333333 0.03981481481481482
2 0.5065104166666666 0.37592592592592594 0.0078125 0.040740740740740744
2 0.021875 0.5032407407407408 0.016666666666666666 0.05462962962962963
2 0.2643229166666667 0.37824074074074077 0.008854166666666666 0.04351851851851852
2 0.1703125 0.33240740740740743 0.007291666666666667 0.03518518518518519
2 0.6684895833333333 0.41574074074074074 0.009895833333333333 0.04814814814814815
2 0.7020833333333333 0.43425925925925923 0.009375 0.05
2 0.5393229166666667 0.28703703703703703 0.0078125 0.03148148148148148
2 0.5299479166666666 0.3472222222222222 0.009895833333333333 0.03888888888888889
