2 0.22213541666666667 0.325 0.011979166666666667 0.05555555555555555
2 0.5591145833333333 0.3675925925925926 0.0171875 0.05555555555555555
2 0.8776041666666666 0.3162037037037037 0.019791666666666666 0.049074074074074076
2 0.5018229166666667 0.26805555555555555 0.0171875 0.04722222222222222
2 0.79921875 0.6393518518518518 0.019270833333333334 0.075
2 0.196875 0.37962962962962965 0.01875 0.05185185185185185
2 0.6166666666666667 0.7222222222222222 0.021875 0.08518518518518518
2 0.31015625 0.5458333333333333 0.016145833333333335 0.07314814814814814
2 0.37864583333333335 0.5236111111111111 0.019791666666666666 0.06944444444444445
2 0.2557291666666667 0.21898148148148147 0.0125 0.03981481481481482
2 0.8013020833333333 0.22916666666666666 0.0140625 0.03611111111111111
2 0.315625 0.33796296296296297 0.014583333333333334 0.053703703703703705
2 0.41744791666666664 0.39444444444444443 0.011979166666666667 0.05925925925925926
2 0.5419270833333333 0.31666666666666665 0.0140625 0.04814814814814815
2 0.6455729166666667 0.3680555555555556 0.016145833333333335 0.05092592592592592
2 0.08463541666666667 0.3902777777777778 0.016145833333333335 0.058333333333333334
2 0.28984375 0.2828703703703704 0.011979166666666667 0.049074074074074076
2 0.34817708333333336 0.26851851851851855 0.011979166666666667 0.044444444444444446
2 0.74765625 0.38287037037037036 0.024479166666666666 0.05648148148148148
2 0.8885416666666667 0.41944444444444445 0.022916666666666665 0.06296296296296296
2 0.8234375 0.26435185185185184 0.015625 0.03981481481481482
2 0.7544270833333333 0.2791666666666667 0.018229166666666668 0.04722222222222222
1 0.8043255208333332 0.12819444444444444 0.0039531249999999575 0.007333333333333322
