2 0.20703125 0.32037037037037036 0.0140625 0.06481481481481481
2 0.48489583333333336 0.37222222222222223 0.010416666666666666 0.06666666666666667
2 0.66484375 0.2949074074074074 0.011979166666666667 0.06018518518518518
2 0.4276041666666667 0.3921296296296296 0.011458333333333333 0.0712962962962963
2 0.8184895833333333 0.7337962962962963 0.027604166666666666 0.08796296296296297
2 0.42265625 0.5203703703703704 0.015104166666666667 0.07592592592592592
2 0.6255208333333333 0.6884259259259259 0.017708333333333333 0.08981481481481482
2 0.33515625 0.8009259259259259 0.0234375 0.1037037037037037
2 0.25677083333333334 0.6810185185185185 0.021875 0.08981481481481482
2 0.24296875 0.15138888888888888 0.011979166666666667 0.04351851851851852
2 0.5463541666666667 0.26944444444444443 0.013541666666666667 0.05185185185185185
2 0.175 0.42407407407407405 0.013541666666666667 0.07037037037037037
2 0.4315104166666667 0.47962962962962963 0.013020833333333334 0.07037037037037037
2 0.5348958333333333 0.3476851851851852 0.015625 0.06018518518518518
2 0.5111979166666667 0.41898148148148145 0.011979166666666667 0.06574074074074074
2 0.14921875 0.5055555555555555 0.018229166666666668 0.07592592592592592
2 0.321875 0.3296296296296296 0.017708333333333333 0.06481481481481481
2 0.2890625 0.22083333333333333 0.010416666666666666 0.049074074074074076
2 0.76953125 0.42407407407407405 0.013020833333333334 0.07407407407407407
2 0.8216145833333334 0.4787037037037037 0.0171875 0.07592592592592592
2 0.67265625 0.2101851851851852 0.009895833333333333 0.05
2 0.59765625 0.29305555555555557 0.011979166666666667 0.05648148148148148
