2 0.18098958333333334 0.26064814814814813 0.013020833333333334 0.06759259259259259
2 0.36171875 0.500462962962963 0.016145833333333335 0.08611111111111111
2 0.865625 0.2337962962962963 0.013541666666666667 0.06018518518518518
2 0.2794270833333333 0.28194444444444444 0.016145833333333335 0.06574074074074074
2 0.8369791666666667 0.5643518518518519 0.019791666666666666 0.0824074074074074
2 0.5278645833333333 0.425462962962963 0.018229166666666668 0.0787037037037037
2 0.4401041666666667 0.5768518518518518 0.015625 0.08518518518518518
2 0.48802083333333335 0.8865740740740741 0.019791666666666666 0.11203703703703703
2 0.07578125 0.513425925925926 0.013020833333333334 0.0824074074074074
2 0.2546875 0.07685185185185185 0.011458333333333333 0.046296296296296294
2 0.42604166666666665 0.2263888888888889 0.0125 0.05648148148148148
2 0.47317708333333336 0.2949074074074074 0.0109375 0.06759259259259259
2 0.3229166666666667 0.3685185185185185 0.015625 0.07222222222222222
2 0.5846354166666666 0.2263888888888889 0.011979166666666667 0.058333333333333334
2 0.70625 0.3236111111111111 0.009375 0.06944444444444445
2 0.11484375 0.35138888888888886 0.015104166666666667 0.06944444444444445
2 0.20286458333333332 0.24444444444444444 0.011979166666666667 0.06296296296296296
2 0.4864583333333333 0.16157407407407406 0.009375 0.05092592592592592
2 0.478125 0.41388888888888886 0.017708333333333333 0.08333333333333333
2 0.9388020833333334 0.35833333333333334 0.013020833333333334 0.07222222222222222
2 0.6921875 0.12175925925925926 0.0125 0.049074074074074076
2 0.50234375 0.24814814814814815 0.013020833333333334 0.06296296296296296
1 0.48723958333333334 0.32407407407407407 0.0067708333333333336 0.012962962962962963
