1 0.23541666666666666 0.3087962962962963 0.011458333333333333 0.05277777777777778
1 0.5341145833333333 0.36898148148148147 0.021354166666666667 0.05648148148148148
1 0.8669270833333333 0.31574074074074077 0.021354166666666667 0.05185185185185185
1 0.5072916666666667 0.2611111111111111 0.014583333333333334 0.044444444444444446
1 0.75 0.6458333333333334 0.027083333333333334 0.0787037037037037
1 0.19817708333333334 0.3712962962962963 0.015104166666666667 0.05185185185185185
1 0.5778645833333333 0.7277777777777777 0.03177083333333333 0.08518518518518518
1 0.3268229166666667 0.5328703703703703 0.019270833333333334 0.07314814814814814
1 0.37213541666666666 0.5166666666666667 0.0203125 0.07037037037037037
1 0.26875 0.20555555555555555 0.0125 0.040740740740740744
1 0.7770833333333333 0.22453703703703703 0.015625 0.032407407407407406
1 0.3390625 0.3194444444444444 0.0125 0.053703703703703705
1 0.43359375 0.38101851851851853 0.008854166666666666 0.06018518518518518
1 0.5395833333333333 0.3125 0.015625 0.05092592592592592
1 0.6236979166666666 0.3680555555555556 0.021354166666666667 0.05277777777777778
1 0.12369791666666667 0.37037037037037035 0.0140625 0.05925925925925926
1 0.30572916666666666 0.27175925925925926 0.015625 0.05092592592592592
1 0.36432291666666666 0.2611111111111111 0.008854166666666666 0.044444444444444446
1 0.734375 0.3768518518518518 0.014583333333333334 0.05925925925925926
1 0.88125 0.42592592592592593 0.017708333333333333 0.06481481481481481
1 0.7997395833333333 0.2587962962962963 0.019270833333333334 0.041666666666666664
1 0.7682291666666666 0.2722222222222222 0.013541666666666667 0.04814814814814815
1 0.6421744791666666 0.1250925925925926 0.0040989583333333945 0.00727777777777779
