2 0.2625 0.3763888888888889 0.017708333333333333 0.075
2 0.5388020833333333 0.36944444444444446 0.011979166666666667 0.07037037037037037
2 0.7979166666666667 0.48148148148148145 0.028125 0.07407407407407407
2 0.47317708333333336 0.4564814814814815 0.018229166666666668 0.07592592592592592
2 0.8119791666666667 0.7314814814814815 0.027083333333333334 0.0962962962962963
2 0.5838541666666667 0.5921296296296297 0.015625 0.08611111111111111
2 0.3885416666666667 0.6888888888888889 0.028125 0.07407407407407407
2 0.340625 0.6101851851851852 0.020833333333333332 0.08333333333333333
2 0.22526041666666666 0.5995370370370371 0.018229166666666668 0.08611111111111111
2 0.41822916666666665 0.09907407407407408 0.008333333333333333 0.046296296296296294
2 0.5822916666666667 0.36574074074074076 0.0125 0.06666666666666667
2 0.43776041666666665 0.4986111111111111 0.0140625 0.08055555555555556
2 0.46145833333333336 0.5152777777777777 0.016666666666666666 0.0787037037037037
2 0.5739583333333333 0.5046296296296297 0.019791666666666666 0.07962962962962963
2 0.5796875 0.524537037037037 0.01875 0.07685185185185185
2 0.22578125 0.5 0.0140625 0.08518518518518518
2 0.33125 0.2875 0.014583333333333334 0.06388888888888888
2 0.40130208333333334 0.2513888888888889 0.009895833333333333 0.05462962962962963
2 0.7041666666666667 0.5064814814814815 0.023958333333333335 0.07592592592592592
2 0.7213541666666666 0.5064814814814815 0.015625 0.07962962962962963
2 0.778125 0.3476851851851852 0.017708333333333333 0.06388888888888888
2 0.6611979166666667 0.4930555555555556 0.0140625 0.0787037037037037
1 0.7325520833333333 0.4310185185185185 0.005729166666666666 0.010185185185185186
