2 0.15 0.38287037037037036 0.009375 0.04537037037037037
2 0.41901041666666666 0.43194444444444446 0.009895833333333333 0.049074074074074076
2 0.53203125 0.3490740740740741 0.009895833333333333 0.03888888888888889
2 0.43333333333333335 0.37453703703703706 0.009375 0.041666666666666664
2 0.8276041666666667 0.6865740740740741 0.010416666666666666 0.06388888888888888
2 0.225 0.49907407407407406 0.011458333333333333 0.05185185185185185
2 0.63828125 0.6282407407407408 0.009895833333333333 0.062037037037037036
2 0.2125 0.6814814814814815 0.011458333333333333 0.07037037037037037
2 0.1875 0.5949074074074074 0.013541666666666667 0.06018518518518518
2 0.14713541666666666 0.3106481481481482 0.009895833333333333 0.03796296296296296
2 0.5260416666666666 0.32083333333333336 0.008333333333333333 0.032407407407407406
2 0.13151041666666666 0.44907407407407407 0.0109375 0.04814814814814815
2 0.8661458333333333 0.35555555555555557 0.009375 0.03888888888888889
2 0.43723958333333335 0.4305555555555556 0.0078125 0.046296296296296294
2 0.4453125 0.3851851851851852 0.009375 0.040740740740740744
2 0.48515625 0.3888888888888889 0.008854166666666666 0.040740740740740744
2 0.03984375 0.5148148148148148 0.016145833333333335 0.05555555555555555
2 0.2765625 0.3902777777777778 0.009375 0.04537037037037037
2 0.16666666666666666 0.33796296296296297 0.008333333333333333 0.03518518518518519
2 0.6450520833333333 0.4287037037037037 0.009895833333333333 0.05
2 0.6794270833333333 0.44675925925925924 0.0109375 0.049074074074074076
2 0.5192708333333333 0.2967592592592593 0.007291666666666667 0.032407407407407406
2 0.50546875 0.35555555555555557 0.0078125 0.040740740740740744
