2 0.23697916666666666 0.3402777777777778 0.019791666666666666 0.058333333333333334
2 0.49166666666666664 0.37222222222222223 0.022916666666666665 0.06296296296296296
2 0.7518229166666667 0.3736111111111111 0.0203125 0.0712962962962963
2 0.4513020833333333 0.36018518518518516 0.0203125 0.06296296296296296
2 0.7716145833333333 0.6453703703703704 0.0234375 0.08333333333333333
2 0.5552083333333333 0.5652777777777778 0.023958333333333335 0.0824074074074074
2 0.5671875 0.7638888888888888 0.025 0.09444444444444444
2 0.30755208333333334 0.662962962962963 0.0203125 0.0962962962962963
2 0.20963541666666666 0.6180555555555556 0.022395833333333334 0.08425925925925926
2 0.33932291666666664 0.1361111111111111 0.0140625 0.044444444444444446
2 0.6346354166666667 0.32037037037037036 0.016145833333333335 0.05555555555555555
2 0.31979166666666664 0.44814814814814813 0.022916666666666665 0.06851851851851852
2 0.36796875 0.46944444444444444 0.0203125 0.07407407407407407
2 0.5729166666666666 0.3685185185185185 0.017708333333333333 0.05555555555555555
2 0.5604166666666667 0.4546296296296296 0.015625 0.06851851851851852
2 0.14817708333333332 0.4597222222222222 0.0234375 0.0712962962962963
2 0.2791666666666667 0.2800925925925926 0.015625 0.049074074074074076
2 0.3359375 0.2638888888888889 0.019791666666666666 0.044444444444444446
2 0.66171875 0.4861111111111111 0.019270833333333334 0.08333333333333333
2 0.734375 0.5009259259259259 0.01875 0.08703703703703704
2 0.7481770833333333 0.33425925925925926 0.018229166666666668 0.06296296296296296
2 0.7408854166666666 0.34629629629629627 0.013020833333333334 0.04814814814814815
1 0.374546875 0.1028148148148148 0.005083333333333329 0.009185185185185187
