1 0.20390625 0.3560185185185185 0.013020833333333334 0.06944444444444445
1 0.5122395833333333 0.37824074074074077 0.0140625 0.06944444444444445
1 0.6895833333333333 0.3175925925925926 0.013541666666666667 0.06666666666666667
1 0.40130208333333334 0.42083333333333334 0.019270833333333334 0.07314814814814814
1 0.7981770833333334 0.7666666666666667 0.0234375 0.0962962962962963
1 0.4197916666666667 0.5583333333333333 0.013541666666666667 0.08148148148148149
1 0.55 0.7226851851851852 0.017708333333333333 0.09166666666666666
1 0.27005208333333336 0.8101851851851852 0.021354166666666667 0.10555555555555556
1 0.221875 0.6837962962962963 0.020833333333333332 0.08981481481481482
1 0.2721354166666667 0.13333333333333333 0.0109375 0.04259259259259259
1 0.50078125 0.29814814814814816 0.0109375 0.05555555555555555
1 0.17473958333333334 0.4513888888888889 0.015104166666666667 0.07314814814814814
1 0.40286458333333336 0.5087962962962963 0.0171875 0.07685185185185185
1 0.53828125 0.3726851851851852 0.0171875 0.06759259259259259
1 0.48776041666666664 0.45416666666666666 0.0140625 0.06944444444444445
1 0.17083333333333334 0.513425925925926 0.017708333333333333 0.0787037037037037
1 0.29583333333333334 0.34074074074074073 0.021875 0.06666666666666667
1 0.31145833333333334 0.22037037037037038 0.013541666666666667 0.05
1 0.7677083333333333 0.4652777777777778 0.014583333333333334 0.08055555555555556
1 0.8145833333333333 0.5115740740740741 0.019791666666666666 0.08055555555555556
1 0.6895833333333333 0.22037037037037038 0.011458333333333333 0.053703703703703705
1 0.5713541666666667 0.32407407407407407 0.015625 0.06296296296296296
