2 0.2359375 0.37592592592592594 0.020833333333333332 0.07407407407407407
2 0.49453125 0.37962962962962965 0.013020833333333334 0.07037037037037037
2 0.72578125 0.41203703703703703 0.019270833333333334 0.07222222222222222
2 0.45651041666666664 0.4023148148148148 0.0171875 0.06944444444444445
2 0.8052083333333333 0.6782407407407407 0.020833333333333332 0.09351851851851851
2 0.5515625 0.5916666666666667 0.01875 0.08703703703703704
2 0.48359375 0.7518518518518519 0.028645833333333332 0.09444444444444444
2 0.31328125 0.6675925925925926 0.018229166666666668 0.09259259259259259
2 0.19505208333333332 0.6356481481481482 0.016145833333333335 0.08611111111111111
2 0.3450520833333333 0.13240740740740742 0.011979166666666667 0.04259259259259259
2 0.6236979166666666 0.3587962962962963 0.016145833333333335 0.06388888888888888
2 0.3533854166666667 0.49166666666666664 0.019270833333333334 0.07592592592592592
2 0.375 0.5050925925925925 0.01875 0.0787037037037037
2 0.5846354166666666 0.41898148148148145 0.0171875 0.0712962962962963
2 0.5567708333333333 0.48518518518518516 0.016666666666666666 0.07222222222222222
2 0.14765625 0.49675925925925923 0.021354166666666667 0.0824074074074074
2 0.29583333333333334 0.2953703703703704 0.015625 0.06111111111111111
2 0.35703125 0.26435185185185184 0.009895833333333333 0.05277777777777778
2 0.6221354166666667 0.5060185185185185 0.018229166666666668 0.08796296296296297
2 0.6700520833333333 0.5185185185185185 0.0234375 0.08148148148148149
2 0.753125 0.3625 0.0125 0.06388888888888888
2 0.7041666666666667 0.3972222222222222 0.023958333333333335 0.07222222222222222
1 0.6283854166666667 0.24722222222222223 0.0046875 0.009259259259259259
