2 0.15234375 0.3824074074074074 0.009895833333333333 0.044444444444444446
2 0.42265625 0.42777777777777776 0.0109375 0.04814814814814815
2 0.5390625 0.34675925925925927 0.009375 0.03981481481481482
2 0.44166666666666665 0.37083333333333335 0.009375 0.041666666666666664
2 0.8416666666666667 0.6888888888888889 0.021875 0.06296296296296296
2 0.22291666666666668 0.4930555555555556 0.010416666666666666 0.05092592592592592
2 0.6361979166666667 0.6259259259259259 0.018229166666666668 0.06481481481481481
2 0.20885416666666667 0.6754629629629629 0.015625 0.06944444444444445
2 0.1890625 0.5884259259259259 0.013541666666666667 0.062037037037037036
2 0.15052083333333333 0.30833333333333335 0.010416666666666666 0.037037037037037035
2 0.5322916666666667 0.3175925925925926 0.00625 0.03333333333333333
2 0.13802083333333334 0.44537037037037036 0.011458333333333333 0.04814814814814815
2 0.8684895833333334 0.35138888888888886 0.0078125 0.03981481481481482
2 0.4401041666666667 0.42824074074074076 0.008333333333333333 0.04722222222222222
2 0.44895833333333335 0.3800925925925926 0.008333333333333333 0.041666666666666664
2 0.49114583333333334 0.38425925925925924 0.009375 0.040740740740740744
2 0.034895833333333334 0.5087962962962963 0.014583333333333334 0.05462962962962963
2 0.27421875 0.38564814814814813 0.008854166666666666 0.04537037037037037
2 0.16822916666666668 0.3351851851851852 0.008333333333333333 0.03518518518518519
2 0.6515625 0.425462962962963 0.010416666666666666 0.049074074074074076
2 0.6854166666666667 0.44305555555555554 0.011458333333333333 0.049074074074074076
2 0.5255208333333333 0.29259259259259257 0.00625 0.03148148148148148
2 0.5127604166666667 0.35185185185185186 0.0067708333333333336 0.040740740740740744
