2 0.13541666666666666 0.20324074074074075 0.014583333333333334 0.058333333333333334
2 0.3416666666666667 0.26990740740740743 0.013541666666666667 0.06388888888888888
2 0.7200520833333334 0.15555555555555556 0.0140625 0.053703703703703705
2 0.46588541666666666 0.16620370370370371 0.0140625 0.05092592592592592
2 0.9096354166666667 0.5685185185185185 0.021354166666666667 0.08518518518518518
2 0.56328125 0.3439814814814815 0.0140625 0.06574074074074074
2 0.5778645833333333 0.46805555555555556 0.016145833333333335 0.0787037037037037
2 0.27317708333333335 0.8537037037037037 0.021354166666666667 0.11296296296296296
2 0.0859375 0.43703703703703706 0.017708333333333333 0.07037037037037037
2 0.17682291666666666 0.07685185185185185 0.013020833333333334 0.040740740740740744
2 0.6098958333333333 0.1050925925925926 0.009375 0.03981481481481482
2 0.1203125 0.2462962962962963 0.011458333333333333 0.05925925925925926
2 0.42578125 0.2796296296296296 0.016145833333333335 0.06481481481481481
2 0.5377604166666666 0.17546296296296296 0.0140625 0.04722222222222222
2 0.5901041666666667 0.19953703703703704 0.015625 0.05092592592592592
2 0.12291666666666666 0.2712962962962963 0.015625 0.06296296296296296
2 0.291796875 0.11393518518518518 0.015364583333333333 0.044537037037037035
2 0.29205729166666666 0.10888888888888888 0.01484375 0.03444444444444444
2 0.621875 0.21157407407407408 0.010416666666666666 0.06018518518518518
2 0.8807291666666667 0.3074074074074074 0.011458333333333333 0.06481481481481481
2 0.6651041666666667 0.0875 0.009375 0.03981481481481482
2 0.6830729166666667 0.15046296296296297 0.015104166666666667 0.049074074074074076
1 0.6518229166666667 0.10231481481481482 0.0046875 0.008333333333333333
