2 0.18151041666666667 0.27314814814814814 0.016145833333333335 0.06851851851851852
2 0.35572916666666665 0.512962962962963 0.016666666666666666 0.08703703703703704
2 0.865625 0.24861111111111112 0.0125 0.062037037037037036
2 0.26171875 0.29305555555555557 0.013020833333333334 0.06574074074074074
2 0.8302083333333333 0.5819444444444445 0.017708333333333333 0.08425925925925926
2 0.5216145833333333 0.4375 0.0140625 0.07685185185185185
2 0.43515625 0.5879629629629629 0.0140625 0.08703703703703704
2 0.4856770833333333 0.8791666666666667 0.0203125 0.11018518518518519
2 0.08203125 0.5236111111111111 0.0140625 0.0787037037037037
2 0.24765625 0.08981481481481482 0.0109375 0.046296296296296294
2 0.43203125 0.24074074074074073 0.009895833333333333 0.05740740740740741
2 0.4671875 0.30694444444444446 0.010416666666666666 0.06574074074074074
2 0.3223958333333333 0.3875 0.014583333333333334 0.0712962962962963
2 0.5770833333333333 0.2388888888888889 0.011458333333333333 0.05740740740740741
2 0.6971354166666667 0.3337962962962963 0.013020833333333334 0.06574074074074074
2 0.11979166666666667 0.36944444444444446 0.015625 0.07037037037037037
2 0.20442708333333334 0.2662037037037037 0.013020833333333334 0.06574074074074074
2 0.4825520833333333 0.1763888888888889 0.009895833333333333 0.05092592592592592
2 0.4744791666666667 0.42407407407407405 0.019791666666666666 0.08148148148148149
2 0.9341145833333333 0.36712962962962964 0.0140625 0.07314814814814814
2 0.6783854166666666 0.13564814814814816 0.011979166666666667 0.04722222222222222
2 0.5075520833333333 0.2652777777777778 0.0109375 0.062037037037037036
1 0.48046875 0.33564814814814814 0.0067708333333333336 0.012037037037037037
