2 0.27109375 0.36898148148148147 0.015104166666666667 0.07685185185185185
2 0.54375 0.38842592592592595 0.011458333333333333 0.075
2 0.7567708333333333 0.3625 0.017708333333333333 0.07314814814814814
2 0.39036458333333335 0.4046296296296296 0.0171875 0.07592592592592592
2 0.78984375 0.8060185185185185 0.025520833333333333 0.10277777777777777
2 0.46848958333333335 0.5597222222222222 0.021354166666666667 0.08611111111111111
2 0.44765625 0.7277777777777777 0.016145833333333335 0.09444444444444444
2 0.203125 0.7958333333333333 0.019791666666666666 0.10648148148148148
2 0.20833333333333334 0.6625 0.023958333333333335 0.08981481481481482
2 0.38333333333333336 0.08796296296296297 0.011458333333333333 0.044444444444444446
2 0.5127604166666667 0.3050925925925926 0.0109375 0.062037037037037036
2 0.19713541666666667 0.48148148148148145 0.016145833333333335 0.07962962962962963
2 0.3924479166666667 0.49212962962962964 0.0109375 0.08055555555555556
2 0.5515625 0.40694444444444444 0.019791666666666666 0.06944444444444445
2 0.49270833333333336 0.45925925925925926 0.015625 0.07592592592592592
2 0.22291666666666668 0.48055555555555557 0.017708333333333333 0.07962962962962963
2 0.2989583333333333 0.32083333333333336 0.015625 0.06759259259259259
2 0.35885416666666664 0.21388888888888888 0.013541666666666667 0.053703703703703705
2 0.7328125 0.475462962962963 0.017708333333333333 0.0824074074074074
2 0.8200520833333333 0.5449074074074074 0.021354166666666667 0.08796296296296297
2 0.7369791666666666 0.2351851851851852 0.013541666666666667 0.05925925925925926
2 0.5286458333333334 0.37083333333333335 0.016666666666666666 0.0712962962962963
