2 0.26223958333333336 0.37453703703703706 0.016145833333333335 0.075
2 0.5380208333333333 0.3675925925925926 0.0125 0.07037037037037037
2 0.79296875 0.4777777777777778 0.027604166666666666 0.07037037037037037
2 0.46640625 0.4625 0.019270833333333334 0.08055555555555556
2 0.8080729166666667 0.7337962962962963 0.0296875 0.09537037037037037
2 0.5815104166666667 0.5916666666666667 0.015104166666666667 0.08333333333333333
2 0.38645833333333335 0.6842592592592592 0.029166666666666667 0.07592592592592592
2 0.3375 0.6092592592592593 0.029166666666666667 0.08148148148148149
2 0.2203125 0.5962962962962963 0.015625 0.08333333333333333
2 0.41744791666666664 0.09768518518518518 0.008854166666666666 0.04537037037037037
2 0.5783854166666667 0.3648148148148148 0.011979166666666667 0.06666666666666667
2 0.43645833333333334 0.49722222222222223 0.011458333333333333 0.07962962962962963
2 0.4703125 0.5092592592592593 0.0125 0.07777777777777778
2 0.571875 0.5037037037037037 0.01875 0.07037037037037037
2 0.57421875 0.5236111111111111 0.0171875 0.075
2 0.22578125 0.4981481481481482 0.013020833333333334 0.08333333333333333
2 0.32838541666666665 0.28564814814814815 0.008854166666666666 0.06388888888888888
2 0.39947916666666666 0.25046296296296294 0.015625 0.05462962962962963
2 0.715 0.5025462962962963 0.019479166666666714 0.06620370370370371
2 0.7260416666666667 0.5097222222222222 0.01875 0.08055555555555556
2 0.7768229166666667 0.34629629629629627 0.021354166666666667 0.06296296296296296
2 0.6580729166666667 0.49212962962962964 0.016145833333333335 0.08055555555555556
1 0.72890625 0.4476851851851852 0.005729166666666666 0.010185185185185186
