2 0.17682291666666666 0.20925925925925926 0.011979166666666667 0.06666666666666667
2 0.35885416666666664 0.3287037037037037 0.014583333333333334 0.07222222222222222
2 0.7955729166666666 0.14722222222222223 0.013020833333333334 0.05555555555555555
2 0.3828125 0.19074074074074074 0.016666666666666666 0.06111111111111111
2 0.928125 0.5462962962962963 0.014583333333333334 0.08518518518518518
2 0.5208333333333334 0.3662037037037037 0.01875 0.0712962962962963
2 0.6111979166666667 0.48518518518518516 0.0203125 0.08148148148148149
2 0.3692708333333333 0.9138888888888889 0.022916666666666665 0.11851851851851852
2 0.06432291666666666 0.4925925925925926 0.0140625 0.07962962962962963
2 0.22473958333333333 0.03009259259259259 0.008854166666666666 0.041666666666666664
2 0.5315104166666667 0.12546296296296297 0.015104166666666667 0.049074074074074076
2 0.24505208333333334 0.2513888888888889 0.0171875 0.06574074074074074
2 0.4234375 0.3013888888888889 0.020833333333333332 0.06574074074074074
2 0.521875 0.1865740740740741 0.014583333333333334 0.058333333333333334
2 0.6736979166666667 0.24259259259259258 0.0109375 0.06111111111111111
2 0.14114583333333333 0.29444444444444445 0.014583333333333334 0.06851851851851852
2 0.275 0.12175925925925926 0.015625 0.05462962962962963
2 0.34869791666666666 0.09490740740740741 0.009895833333333333 0.04722222222222222
2 0.6671875 0.25833333333333336 0.0125 0.06481481481481481
2 0.9432291666666667 0.325 0.014583333333333334 0.07407407407407407
2 0.7044270833333334 0.06574074074074074 0.016145833333333335 0.044444444444444446
2 0.6653645833333334 0.1726851851851852 0.015104166666666667 0.05648148148148148
1 0.7841145833333333 0.1736111111111111 0.0046875 0.008333333333333333
