2 0.24296875 0.36435185185185187 0.022395833333333334 0.0712962962962963
2 0.5270833333333333 0.35648148148148145 0.015625 0.07222222222222222
2 0.8278645833333333 0.4375 0.0203125 0.0787037037037037
2 0.3958333333333333 0.4388888888888889 0.011458333333333333 0.07962962962962963
2 0.8026041666666667 0.7541666666666667 0.022916666666666665 0.10277777777777777
2 0.5526041666666667 0.5814814814814815 0.017708333333333333 0.08888888888888889
2 0.36380208333333336 0.6578703703703703 0.018229166666666668 0.08981481481481482
2 0.2520833333333333 0.6212962962962963 0.027083333333333334 0.08888888888888889
2 0.16276041666666666 0.5824074074074074 0.0265625 0.07962962962962963
2 0.40546875 0.07916666666666666 0.009895833333333333 0.04351851851851852
2 0.5106770833333333 0.3375 0.018229166666666668 0.06574074074074074
2 0.37447916666666664 0.47685185185185186 0.017708333333333333 0.07037037037037037
2 0.53828125 0.49675925925925923 0.028645833333333332 0.0712962962962963
2 0.58671875 0.47453703703703703 0.013020833333333334 0.08055555555555556
2 0.5755208333333334 0.5143518518518518 0.027083333333333334 0.06944444444444445
2 0.21328125 0.47453703703703703 0.018229166666666668 0.07685185185185185
2 0.3015625 0.27314814814814814 0.017708333333333333 0.06296296296296296
2 0.3703125 0.23842592592592593 0.016666666666666666 0.05648148148148148
2 0.81796875 0.5101851851851852 0.0265625 0.07962962962962963
2 0.8513020833333333 0.5416666666666666 0.027604166666666666 0.08518518518518518
2 0.7828125 0.30972222222222223 0.014583333333333334 0.06574074074074074
2 0.6046875 0.44814814814814813 0.026041666666666668 0.07222222222222222
1 0.53125 0.23287037037037037 0.005208333333333333 0.012037037037037037
