2 0.18645833333333334 0.30833333333333335 0.011458333333333333 0.05740740740740741
2 0.45807291666666666 0.3814814814814815 0.009895833333333333 0.06296296296296296
2 0.6234375 0.29074074074074074 0.011458333333333333 0.05555555555555555
2 0.42942708333333335 0.36666666666666664 0.011979166666666667 0.06111111111111111
2 0.8244791666666667 0.6995370370370371 0.025 0.0787037037037037
2 0.3848958333333333 0.4976851851851852 0.013541666666666667 0.0712962962962963
2 0.65546875 0.6638888888888889 0.016145833333333335 0.08148148148148149
2 0.32005208333333335 0.7893518518518519 0.022395833333333334 0.10092592592592593
2 0.25442708333333336 0.6662037037037037 0.0171875 0.08611111111111111
2 0.20260416666666667 0.17824074074074073 0.011458333333333333 0.041666666666666664
2 0.5473958333333333 0.2587962962962963 0.011458333333333333 0.049074074074074076
2 0.14713541666666666 0.4162037037037037 0.013020833333333334 0.06574074074074074
2 0.4473958333333333 0.4439814814814815 0.016666666666666666 0.06574074074074074
2 0.5114583333333333 0.3416666666666667 0.013541666666666667 0.05555555555555555
2 0.5098958333333333 0.3888888888888889 0.013541666666666667 0.05925925925925926
2 0.13203125 0.5041666666666667 0.015104166666666667 0.075
2 0.31328125 0.3314814814814815 0.0171875 0.05925925925925926
2 0.246875 0.23425925925925925 0.013541666666666667 0.046296296296296294
2 0.7375 0.4134259259259259 0.013541666666666667 0.06759259259259259
2 0.7838541666666666 0.45092592592592595 0.013541666666666667 0.07037037037037037
2 0.62734375 0.21435185185185185 0.009895833333333333 0.04537037037037037
2 0.5692708333333333 0.2898148148148148 0.0125 0.053703703703703705
