2 0.39088541666666665 0.2740740740740741 0.0171875 0.044444444444444446
2 0.4114583333333333 0.36342592592592593 0.01875 0.058333333333333334
2 0.7763020833333333 0.29907407407407405 0.011979166666666667 0.05
2 0.4783854166666667 0.2800925925925926 0.0140625 0.049074074074074076
2 0.7799479166666666 0.6583333333333333 0.027604166666666666 0.07777777777777778
2 0.5260416666666666 0.38981481481481484 0.0125 0.05
2 0.6299479166666667 0.6069444444444444 0.0203125 0.07314814814814814
2 0.2638020833333333 0.7087962962962963 0.018229166666666668 0.08981481481481482
2 0.15260416666666668 0.44305555555555554 0.016666666666666666 0.06018518518518518
2 0.253125 0.2175925925925926 0.013541666666666667 0.044444444444444446
2 0.63671875 0.24583333333333332 0.008854166666666666 0.041666666666666664
2 0.44375 0.26990740740740743 0.015625 0.041666666666666664
2 0.4231770833333333 0.35648148148148145 0.016145833333333335 0.04814814814814815
2 0.5 0.2865740740740741 0.011458333333333333 0.04537037037037037
2 0.65390625 0.3365740740740741 0.009895833333333333 0.049074074074074076
2 0.14557291666666666 0.32037037037037036 0.009895833333333333 0.040740740740740744
2 0.27395833333333336 0.2657407407407407 0.011458333333333333 0.046296296296296294
2 0.2765625 0.24861111111111112 0.011458333333333333 0.04537037037037037
2 0.68515625 0.34675925925925927 0.013020833333333334 0.05648148148148148
2 0.8286458333333333 0.42685185185185187 0.022916666666666665 0.06481481481481481
2 0.6450520833333333 0.24953703703703703 0.009895833333333333 0.041666666666666664
2 0.75234375 0.29953703703703705 0.0140625 0.05092592592592592
1 0.24739583333333334 0.30324074074074076 0.004166666666666667 0.008333333333333333
