2 0.2 0.31712962962962965 0.014583333333333334 0.06018518518518518
2 0.47265625 0.37916666666666665 0.015104166666666667 0.06388888888888888
2 0.6463541666666667 0.2949074074074074 0.013541666666666667 0.058333333333333334
2 0.43046875 0.3824074074074074 0.011979166666666667 0.06481481481481481
2 0.82578125 0.7226851851851852 0.027604166666666666 0.08425925925925926
2 0.40911458333333334 0.5111111111111111 0.0140625 0.07407407407407407
2 0.6440104166666667 0.6810185185185185 0.013020833333333334 0.08796296296296297
2 0.3338541666666667 0.7986111111111112 0.017708333333333333 0.09907407407407408
2 0.25885416666666666 0.6782407407407407 0.020833333333333332 0.08796296296296297
2 0.22447916666666667 0.1648148148148148 0.010416666666666666 0.044444444444444446
2 0.5502604166666667 0.2652777777777778 0.011979166666666667 0.05092592592592592
2 0.16458333333333333 0.4217592592592593 0.013541666666666667 0.06944444444444445
2 0.4393229166666667 0.4648148148148148 0.015104166666666667 0.07222222222222222
2 0.52578125 0.34675925925925927 0.015104166666666667 0.058333333333333334
2 0.5130208333333334 0.4050925925925926 0.0125 0.06574074074074074
2 0.14401041666666667 0.5083333333333333 0.018229166666666668 0.07592592592592592
2 0.31979166666666664 0.33194444444444443 0.01875 0.06018518518518518
2 0.2716145833333333 0.22870370370370371 0.0140625 0.046296296296296294
2 0.75546875 0.4212962962962963 0.015104166666666667 0.07037037037037037
2 0.8067708333333333 0.4671296296296296 0.015625 0.07314814814814814
2 0.653125 0.21481481481481482 0.010416666666666666 0.04814814814814815
2 0.5885416666666666 0.29212962962962963 0.013541666666666667 0.05462962962962963
