2 0.26510416666666664 0.3699074074074074 0.017708333333333333 0.0787037037037037
2 0.5455729166666666 0.3819444444444444 0.015104166666666667 0.07314814814814814
2 0.7473958333333334 0.34814814814814815 0.015625 0.07222222222222222
2 0.38567708333333334 0.4083333333333333 0.016145833333333335 0.07407407407407407
2 0.7919270833333333 0.8069444444444445 0.024479166666666666 0.09907407407407408
2 0.4708333333333333 0.5486111111111112 0.021875 0.08611111111111111
2 0.45989583333333334 0.7287037037037037 0.026041666666666668 0.09444444444444444
2 0.21067708333333332 0.7976851851851852 0.021354166666666667 0.10462962962962963
2 0.20755208333333333 0.6597222222222222 0.022395833333333334 0.08981481481481482
2 0.3731770833333333 0.0875 0.011979166666666667 0.04537037037037037
2 0.5088541666666667 0.29398148148148145 0.014583333333333334 0.06388888888888888
2 0.19401041666666666 0.47129629629629627 0.018229166666666668 0.07962962962962963
2 0.3966145833333333 0.4925925925925926 0.0203125 0.07962962962962963
2 0.5541666666666667 0.39490740740740743 0.015625 0.07314814814814814
2 0.4921875 0.45601851851851855 0.010416666666666666 0.075
2 0.22005208333333334 0.48055555555555557 0.021354166666666667 0.08148148148148149
2 0.29453125 0.32685185185185184 0.0171875 0.07037037037037037
2 0.3578125 0.2074074074074074 0.013541666666666667 0.053703703703703705
2 0.7307291666666667 0.46944444444444444 0.019791666666666666 0.08148148148148149
2 0.8184895833333333 0.5287037037037037 0.0171875 0.08703703703703704
2 0.7302083333333333 0.22777777777777777 0.014583333333333334 0.05740740740740741
2 0.5346354166666667 0.36203703703703705 0.018229166666666668 0.07037037037037037
