2 0.2518229166666667 0.3662037037037037 0.018229166666666668 0.0787037037037037
2 0.5440104166666667 0.3726851851851852 0.0171875 0.0712962962962963
2 0.734375 0.33564814814814814 0.0125 0.06944444444444445
2 0.38385416666666666 0.4115740740740741 0.014583333333333334 0.075
2 0.79609375 0.8064814814814815 0.024479166666666666 0.09814814814814815
2 0.4640625 0.5430555555555555 0.025 0.08981481481481482
2 0.4640625 0.7296296296296296 0.017708333333333333 0.0962962962962963
2 0.21302083333333333 0.7986111111111112 0.021875 0.10277777777777777
2 0.20390625 0.6587962962962963 0.0234375 0.09166666666666666
2 0.35859375 0.08842592592592592 0.011979166666666667 0.04351851851851852
2 0.5033854166666667 0.28935185185185186 0.011979166666666667 0.06018518518518518
2 0.19244791666666666 0.4625 0.016145833333333335 0.0787037037037037
2 0.39296875 0.4898148148148148 0.0203125 0.07777777777777778
2 0.55546875 0.38657407407407407 0.015104166666666667 0.0712962962962963
2 0.48776041666666664 0.4532407407407407 0.011979166666666667 0.075
2 0.215625 0.48009259259259257 0.021875 0.0787037037037037
2 0.28619791666666666 0.3277777777777778 0.021354166666666667 0.07222222222222222
2 0.3497395833333333 0.2013888888888889 0.0109375 0.05277777777777778
2 0.7325520833333333 0.4638888888888889 0.019270833333333334 0.08333333333333333
2 0.8119791666666667 0.5185185185185185 0.01875 0.08703703703703704
2 0.72109375 0.21712962962962962 0.011979166666666667 0.05462962962962963
2 0.5341145833333333 0.34953703703703703 0.0140625 0.06574074074074074
