2 0.23125 0.37037037037037035 0.014583333333333334 0.07592592592592592
2 0.5385416666666667 0.37592592592592594 0.014583333333333334 0.06851851851851852
2 0.7143229166666667 0.3333333333333333 0.018229166666666668 0.06851851851851852
2 0.39453125 0.4337962962962963 0.015104166666666667 0.07685185185185185
2 0.80390625 0.8032407407407407 0.024479166666666666 0.10092592592592593
2 0.43020833333333336 0.5574074074074075 0.019791666666666666 0.08703703703703704
2 0.4942708333333333 0.7342592592592593 0.023958333333333335 0.09444444444444444
2 0.23385416666666667 0.8125 0.026041666666666668 0.10648148148148148
2 0.20572916666666666 0.6717592592592593 0.020833333333333332 0.08796296296296297
2 0.3255208333333333 0.11435185185185186 0.011458333333333333 0.04351851851851852
2 0.5015625 0.3023148148148148 0.015625 0.058333333333333334
2 0.19322916666666667 0.45555555555555555 0.016666666666666666 0.053703703703703705
2 0.403125 0.500462962962963 0.0125 0.0787037037037037
2 0.5536458333333333 0.3824074074074074 0.016666666666666666 0.06296296296296296
2 0.4859375 0.4634259259259259 0.019791666666666666 0.07314814814814814
2 0.19947916666666668 0.5078703703703704 0.017708333333333333 0.07685185185185185
2 0.2903645833333333 0.3365740740740741 0.011979166666666667 0.06759259259259259
2 0.340625 0.2152777777777778 0.0125 0.05092592592592592
2 0.7434895833333334 0.4736111111111111 0.0140625 0.08055555555555556
2 0.8052083333333333 0.5194444444444445 0.014583333333333334 0.08333333333333333
2 0.7111979166666667 0.22314814814814815 0.013020833333333334 0.053703703703703705
2 0.5518229166666667 0.34305555555555556 0.013020833333333334 0.062037037037037036
