2 0.23229166666666667 0.3685185185185185 0.015625 0.07592592592592592
2 0.5388020833333333 0.3763888888888889 0.016145833333333335 0.0712962962962963
2 0.7161458333333334 0.33287037037037037 0.016666666666666666 0.06759259259259259
2 0.39296875 0.43425925925925923 0.018229166666666668 0.07777777777777778
2 0.8033854166666666 0.8032407407407407 0.019270833333333334 0.10092592592592593
2 0.4315104166666667 0.5564814814814815 0.0203125 0.08703703703703704
2 0.4921875 0.7333333333333333 0.01875 0.09259259259259259
2 0.23411458333333332 0.8115740740740741 0.025520833333333333 0.10648148148148148
2 0.20546875 0.6699074074074074 0.021354166666666667 0.08796296296296297
2 0.32838541666666665 0.11203703703703703 0.011979166666666667 0.044444444444444446
2 0.5018229166666667 0.30092592592592593 0.0109375 0.05925925925925926
2 0.19427083333333334 0.4689814814814815 0.016666666666666666 0.08055555555555556
2 0.40078125 0.5 0.019270833333333334 0.07962962962962963
2 0.5544270833333333 0.3824074074074074 0.0171875 0.06296296296296296
2 0.4859375 0.4625 0.015625 0.07314814814814814
2 0.20130208333333333 0.5046296296296297 0.019270833333333334 0.07962962962962963
2 0.28932291666666665 0.33564814814814814 0.018229166666666668 0.06759259259259259
2 0.34088541666666666 0.21296296296296297 0.011979166666666667 0.05185185185185185
2 0.740625 0.4736111111111111 0.019791666666666666 0.08055555555555556
2 0.80390625 0.5185185185185185 0.015104166666666667 0.08333333333333333
2 0.71171875 0.2222222222222222 0.011979166666666667 0.05555555555555555
2 0.5494791666666666 0.3439814814814815 0.013541666666666667 0.062037037037037036
