2 0.15338541666666666 0.38287037037037036 0.008854166666666666 0.04537037037037037
2 0.4244791666666667 0.42453703703703705 0.010416666666666666 0.049074074074074076
2 0.5416666666666666 0.3453703703703704 0.009375 0.040740740740740744
2 0.4453125 0.3685185185185185 0.008333333333333333 0.04259259259259259
2 0.85 0.6884259259259259 0.010416666666666666 0.06574074074074074
2 0.22239583333333332 0.49212962962962964 0.0125 0.05092592592592592
2 0.6346354166666667 0.6231481481481481 0.013020833333333334 0.06296296296296296
2 0.20494791666666667 0.6717592592592593 0.011979166666666667 0.0712962962962963
2 0.1890625 0.5837962962962963 0.0125 0.058333333333333334
2 0.15208333333333332 0.3087962962962963 0.010416666666666666 0.03611111111111111
2 0.5354166666666667 0.31574074074074077 0.007291666666666667 0.03333333333333333
2 0.14010416666666667 0.44212962962962965 0.009375 0.049074074074074076
2 0.8692708333333333 0.35 0.009375 0.040740740740740744
2 0.44036458333333334 0.4263888888888889 0.008854166666666666 0.04722222222222222
2 0.45 0.37824074074074077 0.008333333333333333 0.041666666666666664
2 0.4940104166666667 0.3824074074074074 0.0109375 0.040740740740740744
2 0.032552083333333336 0.5074074074074074 0.0140625 0.053703703703703705
2 0.27317708333333335 0.38425925925925924 0.008854166666666666 0.044444444444444446
2 0.16875 0.3347222222222222 0.007291666666666667 0.03425925925925926
2 0.6549479166666666 0.42314814814814816 0.009895833333333333 0.04814814814814815
2 0.6895833333333333 0.4412037037037037 0.009375 0.049074074074074076
2 0.528125 0.2916666666666667 0.007291666666666667 0.03333333333333333
2 0.5171875 0.35 0.008333333333333333 0.03888888888888889
