2 0.20260416666666667 0.3523148148148148 0.014583333333333334 0.06944444444444445
2 0.5057291666666667 0.3773148148148148 0.0125 0.06944444444444445
2 0.6869791666666667 0.31574074074074077 0.0125 0.06481481481481481
2 0.4046875 0.41805555555555557 0.020833333333333332 0.0712962962962963
2 0.8 0.7597222222222222 0.027083333333333334 0.09537037037037037
2 0.42083333333333334 0.5560185185185185 0.017708333333333333 0.0824074074074074
2 0.5580729166666667 0.7199074074074074 0.018229166666666668 0.08981481481481482
2 0.27708333333333335 0.8097222222222222 0.019791666666666666 0.10648148148148148
2 0.23020833333333332 0.6875 0.026041666666666668 0.08796296296296297
2 0.2674479166666667 0.1375 0.011979166666666667 0.04351851851851852
2 0.5057291666666667 0.29444444444444445 0.013541666666666667 0.053703703703703705
2 0.175 0.44814814814814813 0.014583333333333334 0.07222222222222222
2 0.40546875 0.5050925925925925 0.013020833333333334 0.075
2 0.5377604166666666 0.3685185185185185 0.0140625 0.06666666666666667
2 0.4895833333333333 0.45231481481481484 0.016666666666666666 0.0712962962962963
2 0.16822916666666668 0.5106481481481482 0.022916666666666665 0.0824074074074074
2 0.30104166666666665 0.3388888888888889 0.0125 0.06481481481481481
2 0.30807291666666664 0.22268518518518518 0.016145833333333335 0.05092592592592592
2 0.7697916666666667 0.4652777777777778 0.017708333333333333 0.08055555555555556
2 0.8174479166666667 0.5060185185185185 0.016145833333333335 0.0787037037037037
2 0.68828125 0.22037037037037038 0.013020833333333334 0.05185185185185185
2 0.57421875 0.32037037037037036 0.013020833333333334 0.06296296296296296
