2 0.2911458333333333 0.35462962962962963 0.015625 0.07777777777777778
2 0.54140625 0.36435185185185187 0.011979166666666667 0.06944444444444445
2 0.7796875 0.37175925925925923 0.015625 0.07685185185185185
2 0.403125 0.37037037037037035 0.0125 0.07222222222222222
2 0.79375 0.8212962962962963 0.021875 0.10185185185185185
2 0.47760416666666666 0.5726851851851852 0.020833333333333332 0.08981481481481482
2 0.42473958333333334 0.7037037037037037 0.015104166666666667 0.0962962962962963
2 0.196875 0.7763888888888889 0.025 0.10462962962962963
2 0.21484375 0.638425925925926 0.016145833333333335 0.08796296296296297
2 0.41484375 0.06712962962962964 0.009895833333333333 0.041666666666666664
2 0.5151041666666667 0.3037037037037037 0.01875 0.06481481481481481
2 0.23541666666666666 0.4898148148148148 0.016666666666666666 0.07962962962962963
2 0.38671875 0.4740740740740741 0.016145833333333335 0.07962962962962963
2 0.5544270833333333 0.40879629629629627 0.016145833333333335 0.07685185185185185
2 0.4984375 0.45 0.013541666666666667 0.07592592592592592
2 0.25026041666666665 0.4587962962962963 0.0203125 0.0787037037037037
2 0.3265625 0.2851851851851852 0.013541666666666667 0.06666666666666667
2 0.3690104166666667 0.2064814814814815 0.011979166666666667 0.05555555555555555
2 0.7361979166666667 0.4689814814814815 0.018229166666666668 0.0824074074074074
2 0.8270833333333333 0.5560185185185185 0.020833333333333332 0.09351851851851851
2 0.7541666666666667 0.23564814814814813 0.014583333333333334 0.058333333333333334
2 0.528125 0.3773148148148148 0.014583333333333334 0.07314814814814814
