2 0.28541666666666665 0.3449074074074074 0.021875 0.07685185185185185
2 0.5171875 0.3384259259259259 0.014583333333333334 0.06759259259259259
2 0.7755208333333333 0.37777777777777777 0.016666666666666666 0.07777777777777778
2 0.3953125 0.3587962962962963 0.01875 0.07314814814814814
2 0.759375 0.8171296296296297 0.022916666666666665 0.10277777777777777
2 0.47890625 0.5925925925925926 0.0203125 0.09444444444444444
2 0.36614583333333334 0.6726851851851852 0.03125 0.08981481481481482
2 0.19583333333333333 0.7527777777777778 0.019791666666666666 0.10925925925925926
2 0.18984375 0.6268518518518519 0.021354166666666667 0.08703703703703704
2 0.4192708333333333 0.05138888888888889 0.013541666666666667 0.04537037037037037
2 0.4940104166666667 0.30277777777777776 0.0203125 0.06481481481481481
2 0.25390625 0.5152777777777777 0.0265625 0.08425925925925926
2 0.3697916666666667 0.4597222222222222 0.017708333333333333 0.07685185185185185
2 0.5513020833333333 0.40370370370370373 0.0140625 0.07777777777777778
2 0.48463541666666665 0.4439814814814815 0.016145833333333335 0.075
2 0.22161458333333334 0.44814814814814813 0.019270833333333334 0.07962962962962963
2 0.3221354166666667 0.262037037037037 0.018229166666666668 0.06481481481481481
2 0.36015625 0.2023148148148148 0.011979166666666667 0.05648148148148148
2 0.7296875 0.46435185185185185 0.019791666666666666 0.08425925925925926
2 0.8302083333333333 0.5486111111111112 0.021875 0.09351851851851851
2 0.75 0.23842592592592593 0.0125 0.062037037037037036
2 0.5278645833333333 0.39675925925925926 0.018229166666666668 0.075
