2 0.23932291666666666 0.28379629629629627 0.0203125 0.062037037037037036
2 0.4796875 0.33564814814814814 0.021875 0.06759259259259259
2 0.8098958333333334 0.32731481481481484 0.010416666666666666 0.062037037037037036
2 0.45260416666666664 0.2912037037037037 0.015625 0.05648148148148148
2 0.7645833333333333 0.6175925925925926 0.025 0.07592592592592592
2 0.5528645833333333 0.4740740740740741 0.021354166666666667 0.06851851851851852
2 0.6682291666666667 0.7828703703703703 0.016666666666666666 0.10092592592592593
2 0.33932291666666664 0.5796296296296296 0.0203125 0.08518518518518518
2 0.23307291666666666 0.5537037037037037 0.024479166666666666 0.07592592592592592
2 0.3690104166666667 0.10972222222222222 0.013020833333333334 0.041666666666666664
2 0.6572916666666667 0.26851851851851855 0.010416666666666666 0.053703703703703705
2 0.28098958333333335 0.3648148148148148 0.025520833333333333 0.05740740740740741
2 0.40572916666666664 0.4097222222222222 0.014583333333333334 0.06944444444444445
2 0.5630208333333333 0.30694444444444446 0.016666666666666666 0.058333333333333334
2 0.61015625 0.3976851851851852 0.0140625 0.0712962962962963
2 0.17447916666666666 0.38425925925925924 0.022916666666666665 0.06481481481481481
2 0.34609375 0.24768518518518517 0.019270833333333334 0.05648148148148148
2 0.36875 0.23055555555555557 0.0125 0.053703703703703705
2 0.75 0.43796296296296294 0.014583333333333334 0.07962962962962963
2 0.8046875 0.4439814814814815 0.015625 0.075
2 0.7484375 0.28055555555555556 0.013541666666666667 0.05740740740740741
2 0.7606770833333333 0.2953703703703704 0.022395833333333334 0.05555555555555555
1 0.23411458333333332 0.13472222222222222 0.005729166666666666 0.010185185185185186
