2 0.30859375 0.33796296296296297 0.022395833333333334 0.07592592592592592
2 0.5716145833333334 0.3337962962962963 0.015104166666666667 0.06944444444444445
2 0.8526041666666667 0.3962962962962963 0.01875 0.07592592592592592
2 0.41848958333333336 0.37546296296296294 0.022395833333333334 0.0712962962962963
2 0.7770833333333333 0.7893518518518519 0.026041666666666668 0.10277777777777777
2 0.56015625 0.5986111111111111 0.0234375 0.09537037037037037
2 0.38177083333333334 0.6412037037037037 0.017708333333333333 0.09166666666666666
2 0.25885416666666666 0.687037037037037 0.020833333333333332 0.10740740740740741
2 0.17473958333333334 0.6041666666666666 0.021354166666666667 0.09166666666666666
2 0.46380208333333334 0.053703703703703705 0.011979166666666667 0.044444444444444446
2 0.5317708333333333 0.3101851851851852 0.014583333333333334 0.06481481481481481
2 0.45989583333333334 0.4824074074074074 0.022916666666666665 0.06481481481481481
2 0.4953125 0.45925925925925926 0.019791666666666666 0.07222222222222222
2 0.6294270833333333 0.4023148148148148 0.016145833333333335 0.0712962962962963
2 0.53828125 0.48009259259259257 0.022395833333333334 0.06574074074074074
2 0.26328125 0.43842592592592594 0.018229166666666668 0.0787037037037037
2 0.35208333333333336 0.2587962962962963 0.015625 0.06574074074074074
2 0.403125 0.21388888888888888 0.014583333333333334 0.05740740740740741
2 0.8286458333333333 0.4861111111111111 0.020833333333333332 0.08518518518518518
2 0.8875 0.5527777777777778 0.019791666666666666 0.09259259259259259
2 0.8059895833333334 0.26990740740740743 0.013020833333333334 0.06574074074074074
2 0.61015625 0.4027777777777778 0.018229166666666668 0.06851851851851852
1 0.7216145833333333 0.17546296296296296 0.005729166666666666 0.012037037037037037
