2 0.22526041666666666 0.42962962962962964 0.013020833333333334 0.05555555555555555
2 0.6135416666666667 0.4310185185185185 0.0125 0.05277777777777778
2 0.8205729166666667 0.3800925925925926 0.009895833333333333 0.049074074074074076
2 0.51640625 0.36712962962962964 0.011979166666666667 0.04537037037037037
2 0.9091145833333333 0.6902777777777778 0.019270833333333334 0.06388888888888888
2 0.25729166666666664 0.4925925925925926 0.014583333333333334 0.05555555555555555
2 0.66953125 0.6930555555555555 0.025520833333333333 0.06944444444444445
2 0.27291666666666664 0.6532407407407408 0.013541666666666667 0.0712962962962963
2 0.30364583333333334 0.5828703703703704 0.0125 0.06388888888888888
2 0.23411458333333332 0.3236111111111111 0.008854166666666666 0.03981481481481482
2 0.7953125 0.32407407407407407 0.008333333333333333 0.037037037037037035
2 0.2565104166666667 0.4425925925925926 0.013020833333333334 0.05
2 0.3958333333333333 0.487962962962963 0.016666666666666666 0.05740740740740741
2 0.5697916666666667 0.3861111111111111 0.010416666666666666 0.044444444444444446
2 0.6661458333333333 0.41712962962962963 0.010416666666666666 0.049074074074074076
2 0.019791666666666666 0.5138888888888888 0.01875 0.05925925925925926
2 0.27317708333333335 0.37824074074074077 0.0140625 0.04537037037037037
2 0.28098958333333335 0.3560185185185185 0.0067708333333333336 0.03981481481481482
2 0.8296875 0.45046296296296295 0.017708333333333333 0.05277777777777778
2 0.9265625 0.47175925925925927 0.013541666666666667 0.05462962962962963
2 0.821875 0.3148148148148148 0.010416666666666666 0.03518518518518519
2 0.70859375 0.3736111111111111 0.0140625 0.049074074074074076
1 0.9604166666666667 0.3074074074074074 0.003125 0.007407407407407408
