2 0.29140625 0.3435185185185185 0.018229166666666668 0.07592592592592592
2 0.5255208333333333 0.3384259259259259 0.014583333333333334 0.05648148148148148
2 0.7807291666666667 0.37407407407407406 0.017708333333333333 0.07777777777777778
2 0.40234375 0.35694444444444445 0.018229166666666668 0.075
2 0.7776041666666667 0.825 0.021875 0.10555555555555556
2 0.47994791666666664 0.5851851851851851 0.0171875 0.09444444444444444
2 0.3971354166666667 0.6888888888888889 0.028645833333333332 0.08703703703703704
2 0.19244791666666666 0.7564814814814815 0.016145833333333335 0.10740740740740741
2 0.20390625 0.6263888888888889 0.0171875 0.09166666666666666
2 0.42265625 0.05138888888888889 0.0109375 0.04537037037037037
2 0.5052083333333334 0.3013888888888889 0.015625 0.06574074074074074
2 0.24244791666666668 0.5055555555555555 0.016145833333333335 0.08518518518518518
2 0.37916666666666665 0.4685185185185185 0.016666666666666666 0.07777777777777778
2 0.553125 0.4046296296296296 0.01875 0.07777777777777778
2 0.49114583333333334 0.44351851851851853 0.011458333333333333 0.07592592592592592
2 0.23385416666666667 0.44907407407407407 0.01875 0.08148148148148149
2 0.3265625 0.26435185185185184 0.013541666666666667 0.06759259259259259
2 0.3651041666666667 0.20092592592592592 0.0125 0.05555555555555555
2 0.73671875 0.46435185185185185 0.013020833333333334 0.08425925925925926
2 0.8283854166666667 0.5523148148148148 0.0203125 0.09537037037037037
2 0.7528645833333333 0.23472222222222222 0.0140625 0.06018518518518518
2 0.5286458333333334 0.3861111111111111 0.015625 0.07592592592592592
