1 0.18255208333333334 0.30416666666666664 0.013020833333333334 0.058333333333333334
1 0.45078125 0.38333333333333336 0.011979166666666667 0.06666666666666667
1 0.6067708333333334 0.287962962962963 0.013541666666666667 0.05555555555555555
1 0.42994791666666665 0.35555555555555557 0.011979166666666667 0.06111111111111111
1 0.82578125 0.6856481481481481 0.013020833333333334 0.0824074074074074
1 0.3658854166666667 0.4875 0.0140625 0.06759259259259259
1 0.6614583333333334 0.6518518518518519 0.026041666666666668 0.08148148148148149
1 0.31015625 0.7787037037037037 0.018229166666666668 0.1
1 0.24401041666666667 0.6527777777777778 0.0171875 0.08518518518518518
1 0.18932291666666667 0.18333333333333332 0.009895833333333333 0.04814814814814815
1 0.5453125 0.2564814814814815 0.009375 0.046296296296296294
1 0.1359375 0.41064814814814815 0.013541666666666667 0.06388888888888888
1 0.453125 0.42962962962962964 0.0125 0.05925925925925926
1 0.5013020833333334 0.3388888888888889 0.013020833333333334 0.053703703703703705
1 0.5080729166666667 0.37777777777777777 0.0140625 0.05740740740740741
1 0.12760416666666666 0.500462962962963 0.014583333333333334 0.07314814814814814
1 0.30833333333333335 0.3300925925925926 0.013541666666666667 0.058333333333333334
1 0.23177083333333334 0.23796296296296296 0.011458333333333333 0.046296296296296294
1 0.7276041666666667 0.4078703703703704 0.014583333333333334 0.06759259259259259
1 0.7674479166666667 0.44212962962962965 0.0171875 0.06944444444444445
1 0.6122395833333333 0.2152777777777778 0.008854166666666666 0.04537037037037037
1 0.5575520833333333 0.2884259259259259 0.009895833333333333 0.05277777777777778
