2 0.17942708333333332 0.3037037037037037 0.011979166666666667 0.04814814814814815
2 0.44609375 0.3888888888888889 0.016145833333333335 0.05925925925925926
2 0.5859375 0.29259259259259257 0.009375 0.05185185185185185
2 0.4359375 0.3458333333333333 0.009375 0.05277777777777778
2 0.8276041666666667 0.6726851851851852 0.025 0.075
2 0.3296875 0.48009259259259257 0.014583333333333334 0.06574074074074074
2 0.67734375 0.638425925925926 0.025520833333333333 0.07314814814814814
2 0.2947916666666667 0.7574074074074074 0.020833333333333332 0.09259259259259259
2 0.23333333333333334 0.624537037037037 0.016666666666666666 0.0787037037037037
2 0.175 0.20787037037037037 0.011458333333333333 0.03981481481481482
2 0.546875 0.25787037037037036 0.010416666666666666 0.041666666666666664
2 0.13046875 0.41064814814814815 0.013020833333333334 0.06018518518518518
2 0.46640625 0.4101851851851852 0.011979166666666667 0.05925925925925926
2 0.49296875 0.3416666666666667 0.011979166666666667 0.05185185185185185
2 0.5059895833333333 0.36435185185185187 0.0109375 0.05092592592592592
2 0.11380208333333333 0.4930555555555556 0.027604166666666666 0.07314814814814814
2 0.31302083333333336 0.337037037037037 0.016666666666666666 0.05555555555555555
2 0.2140625 0.25324074074074077 0.009375 0.041666666666666664
2 0.7096354166666666 0.4046296296296296 0.0140625 0.06481481481481481
2 0.7484375 0.42962962962962964 0.010416666666666666 0.06296296296296296
2 0.5890625 0.22592592592592592 0.010416666666666666 0.040740740740740744
2 0.54296875 0.2972222222222222 0.013020833333333334 0.04814814814814815
