2 0.39557291666666666 0.3013888888888889 0.0171875 0.049074074074074076
2 0.42271614583333333 0.38937037037037037 0.010505208333333372 0.06022222222222224
2 0.78359375 0.33194444444444443 0.0109375 0.04722222222222222
2 0.4895833333333333 0.3125 0.009375 0.04722222222222222
2 0.76328125 0.6851851851851852 0.0234375 0.07777777777777778
2 0.496875 0.4203703703703704 0.01875 0.05185185185185185
2 0.6450520833333333 0.6453703703703704 0.009895833333333333 0.07777777777777778
2 0.27838541666666666 0.6856481481481481 0.0140625 0.08981481481481482
2 0.16354166666666667 0.475462962962963 0.022916666666666665 0.058333333333333334
2 0.26588541666666665 0.24537037037037038 0.009895833333333333 0.040740740740740744
2 0.6578125 0.27685185185185185 0.011458333333333333 0.04259259259259259
2 0.4578125 0.29583333333333334 0.014583333333333334 0.03981481481481482
2 0.42299739583333335 0.38468981481481485 0.01452604166666666 0.05345370370370367
2 0.5083333333333333 0.32037037037037036 0.009375 0.046296296296296294
2 0.665625 0.3726851851851852 0.009375 0.049074074074074076
2 0.15625 0.35462962962962963 0.014583333333333334 0.044444444444444446
2 0.2916666666666667 0.2953703703703704 0.009375 0.046296296296296294
2 0.29609375 0.2791666666666667 0.0067708333333333336 0.03981481481481482
2 0.7013020833333333 0.3768518518518518 0.016145833333333335 0.05925925925925926
2 0.83046875 0.4583333333333333 0.013020833333333334 0.06296296296296296
2 0.6705729166666666 0.2800925925925926 0.0109375 0.04537037037037037
2 0.7627604166666667 0.3277777777777778 0.018229166666666668 0.05185185185185185
1 0.23567708333333334 0.36666666666666664 0.0046875 0.009259259259259259
