2 0.15052083333333333 0.39537037037037037 0.008333333333333333 0.046296296296296294
2 0.44244791666666666 0.41898148148148145 0.011979166666666667 0.04722222222222222
2 0.57109375 0.34444444444444444 0.008854166666666666 0.040740740740740744
2 0.46796875 0.3662037037037037 0.0109375 0.03981481481481482
2 0.8783854166666667 0.6902777777777778 0.0140625 0.0712962962962963
2 0.209375 0.48564814814814816 0.011458333333333333 0.05092592592592592
2 0.60625 0.625462962962963 0.020833333333333332 0.062037037037037036
2 0.19140625 0.6597222222222222 0.013020833333333334 0.0712962962962963
2 0.18697916666666667 0.5740740740740741 0.0125 0.05925925925925926
2 0.1546875 0.31666666666666665 0.008333333333333333 0.03148148148148148
2 0.5606770833333333 0.3143518518518518 0.0078125 0.03425925925925926
2 0.15677083333333333 0.43842592592592594 0.010416666666666666 0.049074074074074076
2 0.88125 0.36018518518518516 0.008333333333333333 0.040740740740740744
2 0.41875 0.4324074074074074 0.008333333333333333 0.044444444444444446
2 0.4510416666666667 0.37546296296296294 0.010416666666666666 0.041666666666666664
2 0.5234375 0.3800925925925926 0.011458333333333333 0.03981481481481482
2 0.0078125 0.5041666666666667 0.014583333333333334 0.05462962962962963
2 0.2513020833333333 0.37916666666666665 0.008854166666666666 0.04537037037037037
2 0.17265625 0.3384259259259259 0.0067708333333333336 0.03611111111111111
2 0.6861979166666666 0.4199074074074074 0.009895833333333333 0.04722222222222222
2 0.7205729166666667 0.43842592592592594 0.009895833333333333 0.05092592592592592
2 0.5557291666666667 0.2902777777777778 0.007291666666666667 0.032407407407407406
2 0.5458333333333333 0.35138888888888886 0.009375 0.03981481481481482
