2 0.23463541666666668 0.36944444444444446 0.019270833333333334 0.07777777777777778
2 0.5408854166666667 0.37592592592592594 0.0140625 0.07037037037037037
2 0.7182291666666667 0.33240740740740743 0.013541666666666667 0.06851851851851852
2 0.3924479166666667 0.43287037037037035 0.015104166666666667 0.0787037037037037
2 0.8041666666666667 0.8074074074074075 0.029166666666666667 0.1037037037037037
2 0.43645833333333334 0.5532407407407407 0.021875 0.08611111111111111
2 0.4861979166666667 0.7361111111111112 0.027604166666666666 0.0962962962962963
2 0.22552083333333334 0.8078703703703703 0.025 0.10277777777777777
2 0.20182291666666666 0.6699074074074074 0.024479166666666666 0.08981481481481482
2 0.3333333333333333 0.10787037037037037 0.0125 0.04537037037037037
2 0.49973958333333335 0.3 0.013020833333333334 0.05925925925925926
2 0.19427083333333334 0.46620370370370373 0.015625 0.07685185185185185
2 0.4002604166666667 0.4986111111111111 0.0140625 0.0787037037037037
2 0.553125 0.38101851851851853 0.014583333333333334 0.06759259259259259
2 0.48515625 0.4638888888888889 0.021354166666666667 0.07592592592592592
2 0.20286458333333332 0.49907407407407406 0.0140625 0.08148148148148149
2 0.28958333333333336 0.3337962962962963 0.013541666666666667 0.06759259259259259
2 0.34140625 0.21157407407407408 0.011979166666666667 0.05092592592592592
2 0.73984375 0.4708333333333333 0.0171875 0.0824074074074074
2 0.7997395833333333 0.5166666666666667 0.0234375 0.08333333333333333
2 0.7130208333333333 0.2222222222222222 0.013541666666666667 0.053703703703703705
2 0.5447916666666667 0.34074074074074073 0.013541666666666667 0.05555555555555555
