1 0.2942708333333333 0.3458333333333333 0.013541666666666667 0.07685185185185185
1 0.5322916666666667 0.34953703703703703 0.0125 0.0712962962962963
1 0.784375 0.3726851851851852 0.017708333333333333 0.07685185185185185
1 0.40625 0.35833333333333334 0.015625 0.07407407407407407
1 0.7859375 0.8263888888888888 0.028125 0.10462962962962963
1 0.48125 0.5810185185185185 0.021875 0.09537037037037037
1 0.41067708333333336 0.6925925925925925 0.0203125 0.09444444444444444
1 0.19453125 0.7611111111111111 0.019270833333333334 0.1037037037037037
1 0.21171875 0.6263888888888889 0.0171875 0.08981481481481482
1 0.42265625 0.05277777777777778 0.0109375 0.046296296296296294
1 0.5109375 0.29907407407407405 0.015625 0.06481481481481481
1 0.24166666666666667 0.5027777777777778 0.014583333333333334 0.08333333333333333
1 0.3846354166666667 0.4689814814814815 0.015104166666666667 0.0824074074074074
1 0.553125 0.4041666666666667 0.017708333333333333 0.07685185185185185
1 0.4942708333333333 0.4439814814814815 0.013541666666666667 0.0787037037037037
1 0.24427083333333333 0.44814814814814813 0.019791666666666666 0.07777777777777778
1 0.33125 0.26666666666666666 0.015625 0.06666666666666667
1 0.37005208333333334 0.20092592592592592 0.0140625 0.05555555555555555
1 0.7380208333333333 0.4652777777777778 0.01875 0.08611111111111111
1 0.8268229166666666 0.5546296296296296 0.021354166666666667 0.09444444444444444
1 0.7572916666666667 0.23287037037037037 0.013541666666666667 0.06018518518518518
1 0.5294270833333333 0.37962962962962965 0.0140625 0.07407407407407407
