2 0.21276041666666667 0.36435185185185187 0.013020833333333334 0.0712962962962963
2 0.5278645833333333 0.38287037037037036 0.013020833333333334 0.0712962962962963
2 0.6989583333333333 0.324537037037037 0.0125 0.06574074074074074
2 0.3963541666666667 0.42916666666666664 0.016666666666666666 0.075
2 0.7973958333333333 0.7814814814814814 0.026041666666666668 0.0962962962962963
2 0.41692708333333334 0.5662037037037037 0.018229166666666668 0.08611111111111111
2 0.5239583333333333 0.7305555555555555 0.015625 0.09259259259259259
2 0.25078125 0.8064814814814815 0.024479166666666666 0.1037037037037037
2 0.2125 0.6814814814814815 0.016666666666666666 0.08703703703703704
2 0.2916666666666667 0.12916666666666668 0.013541666666666667 0.04351851851851852
2 0.4984375 0.3055555555555556 0.013541666666666667 0.06111111111111111
2 0.18229166666666666 0.45787037037037037 0.01875 0.06944444444444445
2 0.40208333333333335 0.5069444444444444 0.017708333333333333 0.07685185185185185
2 0.5427083333333333 0.3800925925925926 0.014583333333333334 0.06944444444444445
2 0.48776041666666664 0.46111111111111114 0.011979166666666667 0.07222222222222222
2 0.18255208333333334 0.5143518518518518 0.015104166666666667 0.07685185185185185
2 0.29140625 0.3425925925925926 0.021354166666666667 0.06481481481481481
2 0.32473958333333336 0.22083333333333333 0.0140625 0.05092592592592592
2 0.7520833333333333 0.47685185185185186 0.023958333333333335 0.07962962962962963
2 0.8098958333333334 0.5180555555555556 0.019791666666666666 0.0824074074074074
2 0.6984375 0.22268518518518518 0.009375 0.05462962962962963
2 0.5645833333333333 0.33564814814814814 0.013541666666666667 0.062037037037037036
