2 0.21171875 0.32916666666666666 0.015104166666666667 0.06388888888888888
2 0.49375 0.37175925925925923 0.010416666666666666 0.06574074074074074
2 0.6783854166666666 0.30092592592592593 0.013020833333333334 0.06111111111111111
2 0.42682291666666666 0.4013888888888889 0.0140625 0.0712962962962963
2 0.8138020833333334 0.7412037037037037 0.0203125 0.09166666666666666
2 0.42942708333333335 0.5310185185185186 0.016145833333333335 0.07685185185185185
2 0.6135416666666667 0.6981481481481482 0.029166666666666667 0.08888888888888889
2 0.32708333333333334 0.8004629629629629 0.019791666666666666 0.09907407407407408
2 0.25729166666666664 0.6819444444444445 0.019791666666666666 0.08611111111111111
2 0.2552083333333333 0.14629629629629629 0.011458333333333333 0.04259259259259259
2 0.5434895833333333 0.27546296296296297 0.015104166666666667 0.05462962962962963
2 0.18177083333333333 0.4310185185185185 0.014583333333333334 0.07314814814814814
2 0.42734375 0.47824074074074074 0.015104166666666667 0.05462962962962963
2 0.540625 0.3527777777777778 0.014583333333333334 0.06481481481481481
2 0.5080729166666667 0.4305555555555556 0.0140625 0.07037037037037037
2 0.15703125 0.5060185185185185 0.015104166666666667 0.08055555555555556
2 0.32265625 0.33425925925925926 0.0203125 0.06481481481481481
2 0.30078125 0.22083333333333333 0.0109375 0.049074074074074076
2 0.7744791666666667 0.4375 0.0125 0.075
2 0.8299479166666667 0.4888888888888889 0.0171875 0.07962962962962963
2 0.6841145833333333 0.21296296296296297 0.0109375 0.05
2 0.5984375 0.2986111111111111 0.0125 0.058333333333333334
