2 0.26536458333333335 0.37083333333333335 0.013020833333333334 0.07685185185185185
2 0.54609375 0.38333333333333336 0.009895833333333333 0.07407407407407407
2 0.7505208333333333 0.3527777777777778 0.015625 0.07222222222222222
2 0.3880208333333333 0.4074074074074074 0.013541666666666667 0.07407407407407407
2 0.7921875 0.8069444444444445 0.026041666666666668 0.09907407407407408
2 0.46979166666666666 0.549074074074074 0.017708333333333333 0.08333333333333333
2 0.4557291666666667 0.7291666666666666 0.01875 0.09537037037037037
2 0.20651041666666667 0.7972222222222223 0.018229166666666668 0.1037037037037037
2 0.20442708333333334 0.6597222222222222 0.016145833333333335 0.08981481481481482
2 0.37578125 0.08796296296296297 0.0109375 0.044444444444444446
2 0.5098958333333333 0.2967592592592593 0.0125 0.062037037037037036
2 0.19375 0.47175925925925927 0.0125 0.08055555555555556
2 0.3927083333333333 0.49212962962962964 0.0125 0.0787037037037037
2 0.5533854166666666 0.4 0.016145833333333335 0.07407407407407407
2 0.490625 0.45740740740740743 0.017708333333333333 0.07407407407407407
2 0.22135416666666666 0.4810185185185185 0.01875 0.08055555555555556
2 0.29375 0.3263888888888889 0.013541666666666667 0.06944444444444445
2 0.35703125 0.20925925925925926 0.0109375 0.053703703703703705
2 0.7325520833333333 0.4703703703703704 0.0140625 0.08333333333333333
2 0.8197916666666667 0.5370370370370371 0.020833333333333332 0.09074074074074075
2 0.7330729166666666 0.22916666666666666 0.0109375 0.058333333333333334
2 0.5330729166666667 0.3638888888888889 0.0140625 0.07222222222222222
