2 0.24869791666666666 0.3578703703703704 0.018229166666666668 0.075
2 0.5393229166666667 0.3509259259259259 0.0140625 0.07222222222222222
2 0.8565104166666667 0.42314814814814816 0.0234375 0.06481481481481481
2 0.37395833333333334 0.41712962962962963 0.016666666666666666 0.07685185185185185
2 0.7890625 0.7777777777777778 0.027083333333333334 0.1
2 0.54453125 0.5981481481481481 0.0234375 0.09259259259259259
2 0.34817708333333336 0.6606481481481481 0.024479166666666666 0.0824074074074074
2 0.23619791666666667 0.6398148148148148 0.015104166666666667 0.0962962962962963
2 0.14375 0.600925925925926 0.016666666666666666 0.09074074074074075
2 0.42083333333333334 0.07268518518518519 0.010416666666666666 0.04351851851851852
2 0.5065104166666666 0.32916666666666666 0.0171875 0.062037037037037036
2 0.39010416666666664 0.4898148148148148 0.014583333333333334 0.07962962962962963
2 0.5227604166666667 0.5087037037037037 0.029895833333333382 0.06370370370370367
2 0.63359375 0.4287037037037037 0.019270833333333334 0.07222222222222222
2 0.5202083333333333 0.5183333333333333 0.02624999999999999 0.057777777777777754
2 0.21744791666666666 0.4722222222222222 0.019270833333333334 0.07777777777777778
2 0.30572916666666666 0.27361111111111114 0.011458333333333333 0.06574074074074074
2 0.36744791666666665 0.23425925925925925 0.011979166666666667 0.05740740740740741
2 0.834375 0.5162037037037037 0.01875 0.0824074074074074
2 0.88359375 0.5453703703703704 0.0265625 0.08703703703703704
2 0.7828125 0.29814814814814816 0.015625 0.06666666666666667
2 0.6065104166666667 0.4305555555555556 0.0203125 0.07407407407407407
1 0.5216145833333333 0.2513888888888889 0.005729166666666666 0.012037037037037037
