2 0.17317708333333334 0.34305555555555556 0.013020833333333334 0.04537037037037037
2 0.4388020833333333 0.41805555555555557 0.0140625 0.05277777777777778
2 0.5552083333333333 0.3282407407407407 0.008333333333333333 0.04351851851851852
2 0.4432291666666667 0.3611111111111111 0.010416666666666666 0.040740740740740744
2 0.8216145833333334 0.6699074074074074 0.0171875 0.06759259259259259
2 0.2713541666666667 0.49212962962962964 0.0125 0.05648148148148148
2 0.6809895833333334 0.6365740740740741 0.013020833333333334 0.06944444444444445
2 0.26119791666666664 0.7138888888888889 0.018229166666666668 0.07037037037037037
2 0.21484375 0.6060185185185185 0.0140625 0.06759259259259259
2 0.16666666666666666 0.2726851851851852 0.010416666666666666 0.03425925925925926
2 0.5450520833333333 0.29583333333333334 0.009895833333333333 0.03611111111111111
2 0.13489583333333333 0.43333333333333335 0.0125 0.053703703703703705
2 0.949703125 0.34596296296296297 0.009375 0.044444444444444446
2 0.46015625 0.4162037037037037 0.0109375 0.049074074074074076
2 0.4674479166666667 0.3680555555555556 0.0109375 0.04537037037037037
2 0.49635416666666665 0.3763888888888889 0.009375 0.04351851851851852
2 0.090625 0.5 0.016666666666666666 0.06111111111111111
2 0.31276041666666665 0.37037037037037035 0.013020833333333334 0.04814814814814815
2 0.19348958333333333 0.30416666666666664 0.0078125 0.03796296296296296
2 0.6708333333333333 0.4212962962962963 0.009375 0.05555555555555555
2 0.71015625 0.44351851851851853 0.011979166666666667 0.053703703703703705
2 0.5494791666666666 0.27037037037037037 0.008333333333333333 0.03518518518518519
2 0.5208333333333334 0.33425925925925926 0.009375 0.04259259259259259
1 0.9489557291666666 0.33900925925925923 0.003661458333333319 0.006870370370370332
