2 0.17213541666666668 0.23425925925925925 0.013020833333333334 0.06666666666666667
2 0.37005208333333334 0.475 0.0328125 0.08703703703703704
2 0.8653645833333333 0.20185185185185187 0.013020833333333334 0.06296296296296296
2 0.32526041666666666 0.2550925925925926 0.011979166666666667 0.06574074074074074
2 0.8822916666666667 0.5560185185185185 0.016666666666666666 0.08425925925925926
2 0.53125 0.39861111111111114 0.010416666666666666 0.07685185185185185
2 0.45625 0.5523148148148148 0.015625 0.08425925925925926
2 0.5033854166666667 0.9291666666666667 0.024479166666666666 0.12129629629629629
2 0.07083333333333333 0.49212962962962964 0.019791666666666666 0.0824074074074074
2 0.2682291666666667 0.050462962962962966 0.009375 0.04537037037037037
2 0.42682291666666666 0.18888888888888888 0.009895833333333333 0.05555555555555555
2 0.48984375 0.27037037037037037 0.0109375 0.06666666666666667
2 0.3390625 0.33101851851851855 0.011458333333333333 0.06944444444444445
2 0.6013020833333333 0.20324074074074075 0.011979166666666667 0.058333333333333334
2 0.74296875 0.3 0.0140625 0.06666666666666667
2 0.11927083333333334 0.31712962962962965 0.014583333333333334 0.07314814814814814
2 0.20989583333333334 0.19398148148148148 0.013541666666666667 0.06018518518518518
2 0.503125 0.13333333333333333 0.010416666666666666 0.05185185185185185
2 0.4934895833333333 0.38981481481481484 0.019270833333333334 0.08333333333333333
2 0.925 0.35324074074074074 0.014583333333333334 0.075
2 0.7359375 0.09907407407407408 0.009375 0.04814814814814815
2 0.5005208333333333 0.19212962962962962 0.013541666666666667 0.05462962962962963
1 0.5033854166666667 0.29953703703703705 0.0067708333333333336 0.012037037037037037
