1 0.15234375 0.38287037037037036 0.008854166666666666 0.04537037037037037
1 0.43046875 0.4203703703703704 0.011979166666666667 0.05
1 0.5513020833333333 0.3416666666666667 0.008854166666666666 0.040740740740740744
1 0.45625 0.36435185185185187 0.009375 0.041666666666666664
1 0.8661458333333333 0.6898148148148148 0.013541666666666667 0.06666666666666667
1 0.21796875 0.48564814814814816 0.011979166666666667 0.049074074074074076
1 0.625 0.6180555555555556 0.014583333333333334 0.062037037037037036
1 0.2 0.662962962962963 0.013541666666666667 0.07037037037037037
1 0.1875 0.5773148148148148 0.0125 0.06018518518518518
1 0.15442708333333333 0.30694444444444446 0.0109375 0.03796296296296296
1 0.5442708333333334 0.3111111111111111 0.008333333333333333 0.03333333333333333
1 0.14635416666666667 0.4375 0.009375 0.049074074074074076
1 0.8705729166666667 0.3486111111111111 0.009895833333333333 0.03796296296296296
1 0.43515625 0.4222222222222222 0.0109375 0.04814814814814815
1 0.4510416666666667 0.3736111111111111 0.009375 0.041666666666666664
1 0.503125 0.3773148148148148 0.010416666666666666 0.03981481481481482
1 0.024739583333333332 0.5037037037037037 0.016145833333333335 0.05555555555555555
1 0.2671875 0.3787037037037037 0.010416666666666666 0.044444444444444446
1 0.17005208333333333 0.33240740740740743 0.0067708333333333336 0.03518518518518519
1 0.6640625 0.4166666666666667 0.0125 0.04814814814814815
1 0.6989583333333333 0.4351851851851852 0.010416666666666666 0.05
1 0.5369791666666667 0.2875 0.009375 0.032407407407407406
1 0.5268229166666667 0.34675925925925927 0.0078125 0.03981481481481482
