2 0.24270833333333333 0.3851851851851852 0.01875 0.07592592592592592
2 0.49973958333333335 0.38333333333333336 0.013020833333333334 0.07037037037037037
2 0.7354166666666667 0.4199074074074074 0.029166666666666667 0.06759259259259259
2 0.46119791666666665 0.41805555555555557 0.015104166666666667 0.0712962962962963
2 0.8122395833333333 0.6888888888888889 0.0203125 0.09444444444444444
2 0.5578125 0.6023148148148149 0.022916666666666665 0.08981481481481482
2 0.4622395833333333 0.7518518518518519 0.033854166666666664 0.09259259259259259
2 0.31979166666666664 0.6648148148148149 0.014583333333333334 0.09444444444444444
2 0.19869791666666667 0.6388888888888888 0.024479166666666666 0.08703703703703704
2 0.3533854166666667 0.13240740740740742 0.008854166666666666 0.040740740740740744
2 0.6190104166666667 0.3675925925925926 0.016145833333333335 0.06481481481481481
2 0.36692708333333335 0.49675925925925923 0.015104166666666667 0.0787037037037037
2 0.3807291666666667 0.5138888888888888 0.015625 0.07962962962962963
2 0.5880208333333333 0.43425925925925923 0.016666666666666666 0.07222222222222222
2 0.5651041666666666 0.4949074074074074 0.016666666666666666 0.075
2 0.15963541666666667 0.5060185185185185 0.015104166666666667 0.0824074074074074
2 0.29739583333333336 0.30092592592592593 0.0125 0.06296296296296296
2 0.3640625 0.26944444444444443 0.011458333333333333 0.053703703703703705
2 0.6158854166666666 0.5148148148148148 0.0203125 0.08703703703703704
2 0.6588541666666666 0.5254629629629629 0.022916666666666665 0.08055555555555556
2 0.7541666666666667 0.36527777777777776 0.0125 0.06388888888888888
2 0.7044270833333334 0.425 0.0234375 0.07037037037037037
