2 0.19036458333333334 0.21898148148148147 0.0171875 0.06574074074074074
2 0.3770833333333333 0.43333333333333335 0.015625 0.08333333333333333
2 0.87734375 0.18425925925925926 0.0140625 0.06111111111111111
2 0.35260416666666666 0.24027777777777778 0.017708333333333333 0.062037037037037036
2 0.9145833333333333 0.5467592592592593 0.017708333333333333 0.08796296296296297
2 0.5 0.3888888888888889 0.015625 0.07777777777777778
2 0.5065104166666666 0.5458333333333333 0.0265625 0.07685185185185185
2 0.47708333333333336 0.9449074074074074 0.030208333333333334 0.10833333333333334
2 0.07421875 0.4824074074074074 0.016145833333333335 0.08148148148148149
2 0.26796875 0.03657407407407407 0.0109375 0.04537037037037037
2 0.4510416666666667 0.16898148148148148 0.015625 0.05092592592592592
2 0.4588541666666667 0.2601851851851852 0.019791666666666666 0.05555555555555555
2 0.38229166666666664 0.31712962962962965 0.021875 0.062037037037037036
2 0.5875 0.1935185185185185 0.011458333333333333 0.05740740740740741
2 0.76328125 0.2916666666666667 0.018229166666666668 0.06851851851851852
2 0.1375 0.30648148148148147 0.017708333333333333 0.06851851851851852
2 0.24401041666666667 0.16296296296296298 0.016145833333333335 0.05925925925925926
2 0.48671875 0.1175925925925926 0.015104166666666667 0.04814814814814815
2 0.5604166666666667 0.34305555555555556 0.026041666666666668 0.06759259259259259
2 0.9416666666666667 0.3425925925925926 0.015625 0.07407407407407407
2 0.75546875 0.0912037037037037 0.0140625 0.05092592592592592
2 0.5716145833333334 0.19907407407407407 0.016145833333333335 0.053703703703703705
1 0.73046875 0.3106481481481482 0.0046875 0.010185185185185186
