2 0.2953125 0.35324074074074074 0.016666666666666666 0.0787037037037037
2 0.53984375 0.3587962962962963 0.013020833333333334 0.07314814814814814
2 0.7815104166666667 0.3712962962962963 0.016145833333333335 0.07407407407407407
2 0.40651041666666665 0.36712962962962964 0.013020833333333334 0.0712962962962963
2 0.7934895833333333 0.8268518518518518 0.03177083333333333 0.10740740740740741
2 0.47734375 0.5773148148148148 0.016145833333333335 0.09166666666666666
2 0.4234375 0.6981481481481482 0.022916666666666665 0.0962962962962963
2 0.19479166666666667 0.7712962962962963 0.016666666666666666 0.1037037037037037
2 0.21510416666666668 0.6337962962962963 0.01875 0.08796296296296297
2 0.41796875 0.06296296296296296 0.009895833333333333 0.04259259259259259
2 0.515625 0.30324074074074076 0.015625 0.06388888888888888
2 0.240625 0.49722222222222223 0.014583333333333334 0.08518518518518518
2 0.38697916666666665 0.4699074074074074 0.017708333333333333 0.0787037037037037
2 0.5546875 0.40694444444444444 0.016666666666666666 0.075
2 0.49713541666666666 0.4476851851851852 0.0171875 0.075
2 0.24791666666666667 0.45555555555555555 0.016666666666666666 0.07777777777777778
2 0.3302083333333333 0.2791666666666667 0.016666666666666666 0.06944444444444445
2 0.36953125 0.20555555555555555 0.0140625 0.05555555555555555
2 0.7388020833333333 0.4666666666666667 0.016145833333333335 0.08518518518518518
2 0.82734375 0.5546296296296296 0.0203125 0.09259259259259259
2 0.7559895833333333 0.23472222222222222 0.011979166666666667 0.058333333333333334
2 0.528125 0.3763888888888889 0.014583333333333334 0.0712962962962963
