2 0.17682291666666666 0.25416666666666665 0.015104166666666667 0.06759259259259259
2 0.3671875 0.49212962962962964 0.016666666666666666 0.08611111111111111
2 0.8619791666666666 0.2222222222222222 0.014583333333333334 0.06111111111111111
2 0.2986979166666667 0.2722222222222222 0.013020833333333334 0.06666666666666667
2 0.8526041666666667 0.5592592592592592 0.017708333333333333 0.08333333333333333
2 0.5364583333333334 0.41805555555555557 0.020833333333333332 0.07685185185185185
2 0.44479166666666664 0.5689814814814815 0.015625 0.08425925925925926
2 0.49453125 0.899074074074074 0.0203125 0.11666666666666667
2 0.07083333333333333 0.5078703703703704 0.013541666666666667 0.0787037037037037
2 0.2604166666666667 0.06805555555555555 0.011458333333333333 0.04537037037037037
2 0.425 0.21064814814814814 0.0125 0.05648148148148148
2 0.47890625 0.28703703703703703 0.0109375 0.06666666666666667
2 0.328125 0.35138888888888886 0.0125 0.06944444444444445
2 0.5903645833333333 0.21851851851851853 0.011979166666666667 0.05925925925925926
2 0.7135416666666666 0.31805555555555554 0.011458333333333333 0.06574074074074074
2 0.11119791666666666 0.33935185185185185 0.015104166666666667 0.07314814814814814
2 0.20546875 0.22685185185185186 0.011979166666666667 0.06296296296296296
2 0.4921875 0.14953703703703702 0.009375 0.05092592592592592
2 0.48411458333333335 0.4060185185185185 0.0171875 0.0824074074074074
2 0.9341145833333333 0.35648148148148145 0.0171875 0.07592592592592592
2 0.7075520833333333 0.1125 0.008854166666666666 0.04722222222222222
2 0.49609375 0.22962962962962963 0.011979166666666667 0.06296296296296296
1 0.49270833333333336 0.31574074074074077 0.007291666666666667 0.012962962962962963
