2 0.23932291666666666 0.38055555555555554 0.018229166666666668 0.07037037037037037
2 0.49661458333333336 0.3800925925925926 0.011979166666666667 0.0712962962962963
2 0.7299479166666667 0.4162037037037037 0.0203125 0.06759259259259259
2 0.4578125 0.41064814814814815 0.016666666666666666 0.075
2 0.8098958333333334 0.6861111111111111 0.021875 0.08888888888888889
2 0.5546875 0.5976851851851852 0.021875 0.08796296296296297
2 0.47213541666666664 0.7537037037037037 0.0234375 0.09074074074074075
2 0.3151041666666667 0.6671296296296296 0.014583333333333334 0.09351851851851851
2 0.1953125 0.638425925925926 0.022916666666666665 0.08796296296296297
2 0.34921875 0.13194444444444445 0.009895833333333333 0.041666666666666664
2 0.621875 0.36342592592592593 0.017708333333333333 0.062037037037037036
2 0.3606770833333333 0.49398148148148147 0.0171875 0.0787037037037037
2 0.3765625 0.5097222222222222 0.014583333333333334 0.07685185185185185
2 0.5859375 0.425462962962963 0.016666666666666666 0.06759259259259259
2 0.5606770833333333 0.48842592592592593 0.0171875 0.07685185185185185
2 0.15390625 0.5027777777777778 0.018229166666666668 0.07962962962962963
2 0.2947916666666667 0.29768518518518516 0.011458333333333333 0.062037037037037036
2 0.3609375 0.26851851851851855 0.011458333333333333 0.053703703703703705
2 0.6177083333333333 0.5120370370370371 0.021875 0.08333333333333333
2 0.66171875 0.5189814814814815 0.024479166666666666 0.0824074074074074
2 0.7533854166666667 0.3625 0.011979166666666667 0.06574074074074074
2 0.7059895833333333 0.41435185185185186 0.016145833333333335 0.06944444444444445
1 0.6872395833333333 0.3314814814814815 0.0046875 0.011111111111111112
