2 0.21510416666666668 0.36944444444444446 0.017708333333333333 0.07407407407407407
2 0.52890625 0.3819444444444444 0.013020833333333334 0.06944444444444445
2 0.6994791666666667 0.3296296296296296 0.016666666666666666 0.06666666666666667
2 0.39348958333333334 0.43194444444444446 0.013020833333333334 0.075
2 0.7971354166666667 0.7870370370370371 0.0203125 0.09814814814814815
2 0.41302083333333334 0.5657407407407408 0.016666666666666666 0.08333333333333333
2 0.5135416666666667 0.7351851851851852 0.03125 0.09259259259259259
2 0.24244791666666668 0.8101851851851852 0.025520833333333333 0.10555555555555556
2 0.21067708333333332 0.6810185185185185 0.021354166666666667 0.08796296296296297
2 0.2953125 0.12731481481481483 0.0125 0.04351851851851852
2 0.4953125 0.3060185185185185 0.013541666666666667 0.06018518518518518
2 0.18098958333333334 0.4587962962962963 0.016145833333333335 0.06574074074074074
2 0.3997395833333333 0.5064814814814815 0.0140625 0.07962962962962963
2 0.5416666666666666 0.3800925925925926 0.015625 0.06944444444444445
2 0.4861979166666667 0.462037037037037 0.018229166666666668 0.07037037037037037
2 0.18541666666666667 0.5199074074074074 0.017708333333333333 0.08055555555555556
2 0.2890625 0.3421296296296296 0.011458333333333333 0.06574074074074074
2 0.3265625 0.22175925925925927 0.0125 0.05092592592592592
2 0.7473958333333334 0.47638888888888886 0.016666666666666666 0.08055555555555556
2 0.8080729166666667 0.5203703703703704 0.0140625 0.08148148148148149
2 0.6984375 0.22453703703703703 0.013541666666666667 0.05277777777777778
2 0.5604166666666667 0.3402777777777778 0.0125 0.06388888888888888
