1 0.21041666666666667 0.32407407407407407 0.013541666666666667 0.06296296296296296
1 0.4908854166666667 0.37175925925925923 0.015104166666666667 0.06574074074074074
1 0.671875 0.2953703703703704 0.011458333333333333 0.05925925925925926
1 0.4270833333333333 0.3962962962962963 0.01875 0.07037037037037037
1 0.8151041666666666 0.737037037037037 0.01875 0.09259259259259259
1 0.42734375 0.5277777777777778 0.018229166666666668 0.07592592592592592
1 0.6200520833333333 0.6916666666666667 0.016145833333333335 0.08703703703703704
1 0.33229166666666665 0.7981481481481482 0.028125 0.1
1 0.25703125 0.6796296296296296 0.015104166666666667 0.08703703703703704
1 0.25104166666666666 0.14722222222222223 0.011458333333333333 0.044444444444444446
1 0.5450520833333333 0.27175925925925926 0.0109375 0.05462962962962963
1 0.18020833333333333 0.42824074074074076 0.015625 0.07314814814814814
1 0.4283854166666667 0.47638888888888886 0.015104166666666667 0.058333333333333334
1 0.5375 0.3486111111111111 0.014583333333333334 0.06388888888888888
1 0.51015625 0.42314814814814816 0.0140625 0.06666666666666667
1 0.15520833333333334 0.5027777777777778 0.016666666666666666 0.07777777777777778
1 0.32317708333333334 0.3300925925925926 0.009895833333333333 0.06388888888888888
1 0.29635416666666664 0.2199074074074074 0.011458333333333333 0.049074074074074076
1 0.7705729166666667 0.43287037037037035 0.0171875 0.075
1 0.8268229166666666 0.48333333333333334 0.019270833333333334 0.07962962962962963
1 0.6791666666666667 0.21203703703703702 0.010416666666666666 0.05
1 0.6005208333333333 0.29583333333333334 0.014583333333333334 0.05648148148148148
