2 0.22942708333333334 0.23842592592592593 0.011979166666666667 0.05092592592592592
2 0.45416666666666666 0.30416666666666664 0.020833333333333332 0.06388888888888888
2 0.86171875 0.30694444444444446 0.015104166666666667 0.06574074074074074
2 0.45286458333333335 0.24768518518518517 0.019270833333333334 0.05648148148148148
2 0.8013020833333333 0.6361111111111111 0.0203125 0.08333333333333333
2 0.5322916666666667 0.41759259259259257 0.026041666666666668 0.06851851851851852
2 0.72265625 0.7958333333333333 0.016145833333333335 0.09722222222222222
2 0.334375 0.49583333333333335 0.022916666666666665 0.075
2 0.228125 0.500462962962963 0.030208333333333334 0.07314814814814814
2 0.39071093749999997 0.08009259259259259 0.012671875000000022 0.03672222222222222
2 0.6864583333333333 0.2300925925925926 0.013541666666666667 0.05648148148148148
2 0.20026041666666666 0.30694444444444446 0.019270833333333334 0.06018518518518518
2 0.4354166666666667 0.3712962962962963 0.014583333333333334 0.06481481481481481
2 0.5565104166666667 0.2638888888888889 0.019270833333333334 0.05740740740740741
2 0.6552083333333333 0.36064814814814816 0.014583333333333334 0.06574074074074074
2 0.14765625 0.32314814814814813 0.019270833333333334 0.05740740740740741
2 0.38255208333333335 0.21203703703703702 0.019270833333333334 0.05740740740740741
2 0.4356770833333333 0.18935185185185185 0.011979166666666667 0.05092592592592592
2 0.82265625 0.40324074074074073 0.0171875 0.0787037037037037
2 0.8541666666666666 0.41944444444444445 0.019791666666666666 0.07037037037037037
2 0.76796875 0.23935185185185184 0.015104166666666667 0.05277777777777778
2 0.7671875 0.26990740740740743 0.014583333333333334 0.05462962962962963
1 0.12447916666666667 0.30833333333333335 0.005208333333333333 0.009259259259259259
