2 0.2296875 0.3638888888888889 0.019791666666666666 0.07222222222222222
2 0.5265625 0.35555555555555557 0.014583333333333334 0.07222222222222222
2 0.83671875 0.43194444444444446 0.019270833333333334 0.07685185185185185
2 0.37578125 0.4287037037037037 0.013020833333333334 0.07592592592592592
2 0.7940104166666667 0.7685185185185185 0.0234375 0.1
2 0.54609375 0.5944444444444444 0.019270833333333334 0.09074074074074075
2 0.35651041666666666 0.662962962962963 0.025520833333333333 0.09259259259259259
2 0.23619791666666667 0.6296296296296297 0.021354166666666667 0.09074074074074075
2 0.1421875 0.5921296296296297 0.027083333333333334 0.08611111111111111
2 0.40651041666666665 0.07824074074074074 0.009895833333333333 0.04351851851851852
2 0.5041666666666667 0.3347222222222222 0.013541666666666667 0.06759259259259259
2 0.36614583333333334 0.4828703703703704 0.019791666666666666 0.0787037037037037
2 0.5307291666666667 0.49953703703703706 0.0125 0.0712962962962963
2 0.6252604166666667 0.45231481481481484 0.027604166666666666 0.06759259259259259
2 0.5424479166666667 0.5189814814814815 0.0234375 0.06018518518518518
2 0.20598958333333334 0.4740740740740741 0.013020833333333334 0.08148148148148149
2 0.29401041666666666 0.2759259259259259 0.011979166666666667 0.06666666666666667
2 0.35963541666666665 0.23981481481481481 0.0140625 0.05740740740740741
2 0.82734375 0.5115740740740741 0.022395833333333334 0.08611111111111111
2 0.8674479166666667 0.5467592592592593 0.027604166666666666 0.08611111111111111
2 0.7794270833333333 0.3037037037037037 0.016145833333333335 0.06481481481481481
2 0.6028645833333334 0.43425925925925923 0.021354166666666667 0.07592592592592592
1 0.5205729166666667 0.17037037037037037 0.005729166666666666 0.012962962962962963
