1 0.171875 0.23842592592592593 0.015625 0.06574074074074074
1 0.37421875 0.47824074074074074 0.019270833333333334 0.08611111111111111
1 0.8606770833333334 0.20462962962962963 0.015104166666666667 0.06296296296296296
1 0.32109375 0.25833333333333336 0.0109375 0.06481481481481481
1 0.8770833333333333 0.5569444444444445 0.01875 0.08425925925925926
1 0.53359375 0.4046296296296296 0.0171875 0.07777777777777778
1 0.45338541666666665 0.5550925925925926 0.015104166666666667 0.08425925925925926
1 0.5033854166666667 0.9212962962962963 0.021354166666666667 0.12037037037037036
1 0.0703125 0.4935185185185185 0.015625 0.08333333333333333
1 0.26640625 0.05277777777777778 0.009895833333333333 0.046296296296296294
1 0.42578125 0.1925925925925926 0.0109375 0.05555555555555555
1 0.48802083333333335 0.2726851851851852 0.011458333333333333 0.06759259259259259
1 0.33645833333333336 0.33425925925925926 0.0125 0.07037037037037037
1 0.59921875 0.20555555555555555 0.011979166666666667 0.05925925925925926
1 0.7364583333333333 0.30324074074074076 0.0125 0.06574074074074074
1 0.11692708333333333 0.3199074074074074 0.015104166666666667 0.07314814814814814
1 0.20260416666666667 0.2 0.0125 0.06111111111111111
1 0.5010416666666667 0.13518518518518519 0.010416666666666666 0.05
1 0.49244791666666665 0.3925925925925926 0.018229166666666668 0.08333333333333333
1 0.9265625 0.35324074074074074 0.017708333333333333 0.07685185185185185
1 0.73125 0.1 0.010416666666666666 0.04814814814814815
1 0.4953125 0.2 0.013541666666666667 0.05740740740740741
1 0.5013020833333334 0.3023148148148148 0.0067708333333333336 0.012037037037037037
