2 0.7145833333333333 0.33611111111111114 0.010416666666666666 0.07222222222222222
2 0.4236979166666667 0.8430555555555556 0.034895833333333334 0.10092592592592593
2 0.8625 0.3824074074074074 0.017708333333333333 0.07777777777777778
2 0.040625 0.24074074074074073 0.013541666666666667 0.06666666666666667
2 0.4309895833333333 0.5268518518518519 0.0171875 0.09814814814814815
2 0.9015625 0.5152777777777777 0.022916666666666665 0.09351851851851851
2 0.6377604166666667 0.26805555555555555 0.013020833333333334 0.06388888888888888
2 0.24895833333333334 0.3490740740740741 0.0125 0.07962962962962963
2 0.7104166666666667 0.20601851851851852 0.010416666666666666 0.058333333333333334
2 0.5997395833333333 0.6527777777777778 0.022395833333333334 0.1
2 0.8033854166666666 0.26157407407407407 0.0109375 0.06759259259259259
2 0.40390625 0.18518518518518517 0.0078125 0.05740740740740741
2 0.41744791666666664 0.37407407407407406 0.009895833333333333 0.07777777777777778
2 0.49270833333333336 0.19212962962962962 0.011458333333333333 0.058333333333333334
2 0.5705729166666667 0.18333333333333332 0.009895833333333333 0.05185185185185185
2 0.44114583333333335 0.25601851851851853 0.011458333333333333 0.06574074074074074
2 0.44114583333333335 0.17916666666666667 0.009375 0.05462962962962963
2 0.5578125 0.38425925925925924 0.0125 0.08148148148148149
2 0.42265625 0.6967592592592593 0.028645833333333332 0.09537037037037037
2 0.28046875 0.2074074074074074 0.0078125 0.06296296296296296
2 0.41015625 0.34444444444444444 0.015104166666666667 0.07592592592592592
1 0.425 0.2796296296296296 0.00625 0.011111111111111112
2 0.17630208333333333 0.059722222222222225 0.008854166666666666 0.03981481481481482
