2 0.7109375 0.3365740740740741 0.010416666666666666 0.0712962962962963
2 0.4200520833333333 0.8435185185185186 0.034895833333333334 0.1
2 0.8677083333333333 0.38333333333333336 0.013541666666666667 0.07962962962962963
2 0.036458333333333336 0.24444444444444444 0.013541666666666667 0.06481481481481481
2 0.42604166666666665 0.5277777777777778 0.016666666666666666 0.1
2 0.90234375 0.5185185185185185 0.024479166666666666 0.09259259259259259
2 0.6309895833333333 0.2675925925925926 0.013020833333333334 0.06666666666666667
2 0.24114583333333334 0.35 0.019791666666666666 0.07777777777777778
2 0.7059895833333333 0.20601851851851852 0.0109375 0.058333333333333334
2 0.60078125 0.6560185185185186 0.0203125 0.10462962962962963
2 0.7979166666666667 0.25833333333333336 0.0125 0.06666666666666667
2 0.4002604166666667 0.1865740740740741 0.0078125 0.05648148148148148
2 0.41432291666666665 0.37546296296296294 0.009895833333333333 0.07685185185185185
2 0.48541666666666666 0.19398148148148148 0.011458333333333333 0.058333333333333334
2 0.5666666666666667 0.18425925925925926 0.009375 0.05185185185185185
2 0.4388020833333333 0.25601851851851853 0.013020833333333334 0.06759259259259259
2 0.4375 0.18009259259259258 0.009375 0.05462962962962963
2 0.5494791666666666 0.3824074074074074 0.01875 0.07777777777777778
2 0.4192708333333333 0.6972222222222222 0.028125 0.0962962962962963
2 0.2765625 0.20879629629629629 0.008333333333333333 0.062037037037037036
2 0.41041666666666665 0.3453703703703704 0.015625 0.07592592592592592
1 0.42161458333333335 0.2800925925925926 0.005729166666666666 0.012037037037037037
2 0.17265625 0.06111111111111111 0.008854166666666666 0.03888888888888889
