2 0.7083333333333334 0.337037037037037 0.010416666666666666 0.07222222222222222
2 0.41510416666666666 0.8435185185185186 0.034375 0.1037037037037037
2 0.86796875 0.38333333333333336 0.018229166666666668 0.07962962962962963
2 0.03333333333333333 0.2462962962962963 0.014583333333333334 0.06296296296296296
2 0.4234375 0.5296296296296297 0.016666666666666666 0.09814814814814815
2 0.9083333333333333 0.5194444444444445 0.019791666666666666 0.08888888888888889
2 0.625 0.2675925925925926 0.0125 0.06481481481481481
2 0.23463541666666668 0.3523148148148148 0.016145833333333335 0.075
2 0.7044270833333334 0.20694444444444443 0.0109375 0.058333333333333334
2 0.5973958333333333 0.663425925925926 0.019791666666666666 0.11203703703703703
2 0.7950520833333333 0.2574074074074074 0.0109375 0.06851851851851852
2 0.39765625 0.1865740740740741 0.0078125 0.05648148148148148
2 0.41171875 0.37592592592592594 0.009895833333333333 0.07777777777777778
2 0.47890625 0.19675925925925927 0.0109375 0.058333333333333334
2 0.5635416666666667 0.1837962962962963 0.009375 0.05277777777777778
2 0.43645833333333334 0.2569444444444444 0.013541666666666667 0.06574074074074074
2 0.43463541666666666 0.18055555555555555 0.008854166666666666 0.053703703703703705
2 0.5419270833333333 0.38564814814814813 0.015104166666666667 0.0787037037037037
2 0.4166666666666667 0.6986111111111111 0.027083333333333334 0.09537037037037037
2 0.27369791666666665 0.20879629629629629 0.008854166666666666 0.06388888888888888
2 0.4088541666666667 0.3458333333333333 0.015625 0.075
1 0.41901041666666666 0.28055555555555556 0.005729166666666666 0.011111111111111112
2 0.16953125 0.062037037037037036 0.008854166666666666 0.03888888888888889
