1 0.7057291666666666 0.3287037037037037 0.010416666666666666 0.07407407407407407
1 0.41067708333333336 0.8467592592592592 0.033854166666666664 0.10462962962962963
1 0.8578125 0.37592592592592594 0.021875 0.07962962962962963
1 0.01171875 0.23796296296296296 0.0171875 0.06666666666666667
1 0.41458333333333336 0.5226851851851851 0.026041666666666668 0.09537037037037037
1 0.89609375 0.5097222222222222 0.021354166666666667 0.09537037037037037
1 0.6294270833333333 0.26064814814814813 0.0109375 0.06574074074074074
1 0.23541666666666666 0.350462962962963 0.0125 0.0787037037037037
1 0.7015625 0.19722222222222222 0.009375 0.05925925925925926
1 0.5838541666666667 0.6513888888888889 0.01875 0.09907407407407408
1 0.79453125 0.2513888888888889 0.0109375 0.0712962962962963
1 0.3890625 0.17592592592592593 0.007291666666666667 0.05925925925925926
1 0.40078125 0.3699074074074074 0.016145833333333335 0.08055555555555556
1 0.4856770833333333 0.19027777777777777 0.0109375 0.058333333333333334
1 0.5578125 0.17407407407407408 0.009375 0.053703703703703705
1 0.42604166666666665 0.25046296296296294 0.0125 0.06574074074074074
1 0.421875 0.17222222222222222 0.015625 0.053703703703703705
1 0.546875 0.38425925925925924 0.011458333333333333 0.07962962962962963
1 0.40989583333333335 0.6995370370370371 0.029166666666666667 0.09537037037037037
1 0.2630208333333333 0.20046296296296295 0.008333333333333333 0.06574074074074074
1 0.4018802083333333 0.3328148148148148 0.0171875 0.07592592592592592
0 0.41119791666666666 0.27314814814814814 0.005729166666666666 0.011111111111111112
1 0.15546875 0.05 0.008854166666666666 0.040740740740740744
