2 0.64453125 0.31296296296296294 0.009895833333333333 0.07592592592592592
2 0.35390625 0.85 0.0328125 0.10740740740740741
2 0.796875 0.3560185185185185 0.014583333333333334 0.08055555555555556
2 0.34921875 0.5171296296296296 0.018229166666666668 0.10092592592592593
2 0.8458333333333333 0.4962962962962963 0.017708333333333333 0.09259259259259259
2 0.5677083333333334 0.24768518518518517 0.010416666666666666 0.06574074074074074
2 0.17552083333333332 0.3509259259259259 0.017708333333333333 0.08333333333333333
2 0.634375 0.18194444444444444 0.011458333333333333 0.058333333333333334
2 0.5276041666666667 0.6407407407407407 0.01875 0.1
2 0.7315104166666667 0.2337962962962963 0.0109375 0.06944444444444445
2 0.32369791666666664 0.16944444444444445 0.0078125 0.06111111111111111
2 0.33880208333333334 0.36712962962962964 0.015104166666666667 0.08055555555555556
2 0.4276041666666667 0.18472222222222223 0.013541666666666667 0.062037037037037036
2 0.49375 0.16203703703703703 0.009375 0.05555555555555555
2 0.3611979166666667 0.24444444444444444 0.0140625 0.06666666666666667
2 0.35130208333333335 0.16527777777777777 0.0109375 0.05462962962962963
2 0.4869791666666667 0.37592592592592594 0.011458333333333333 0.07962962962962963
2 0.35390625 0.7032407407407407 0.03177083333333333 0.09351851851851851
2 0.19322916666666667 0.19768518518518519 0.009375 0.06574074074074074
2 0.34479166666666666 0.33240740740740743 0.014583333333333334 0.07407407407407407
1 0.346875 0.2675925925925926 0.005208333333333333 0.011111111111111112
2 0.07864583333333333 0.04814814814814815 0.008333333333333333 0.03888888888888889
