2 0.7119791666666667 0.33611111111111114 0.010416666666666666 0.07222222222222222
2 0.42083333333333334 0.8439814814814814 0.035416666666666666 0.09907407407407408
2 0.8661458333333333 0.38287037037037036 0.015625 0.08055555555555556
2 0.037760416666666664 0.2439814814814815 0.0140625 0.06574074074074074
2 0.4276041666666667 0.5291666666666667 0.017708333333333333 0.09722222222222222
2 0.90234375 0.5175925925925926 0.022395833333333334 0.09444444444444444
2 0.6328125 0.2675925925925926 0.013541666666666667 0.06666666666666667
2 0.24244791666666668 0.3490740740740741 0.018229166666666668 0.07777777777777778
2 0.70703125 0.20601851851851852 0.0109375 0.058333333333333334
2 0.60078125 0.6546296296296297 0.0203125 0.10185185185185185
2 0.7989583333333333 0.2587962962962963 0.0125 0.06759259259259259
2 0.40130208333333334 0.18564814814814815 0.0078125 0.05648148148148148
2 0.41510416666666666 0.37546296296296294 0.009375 0.07685185185185185
2 0.48723958333333334 0.1935185185185185 0.009895833333333333 0.06111111111111111
2 0.5677083333333334 0.18425925925925926 0.009375 0.05185185185185185
2 0.4395833333333333 0.25555555555555554 0.0125 0.06666666666666667
2 0.43828125 0.18009259259259258 0.008854166666666666 0.05462962962962963
2 0.5505208333333333 0.3824074074074074 0.017708333333333333 0.07777777777777778
2 0.4203125 0.6972222222222222 0.028125 0.0962962962962963
2 0.27734375 0.20879629629629629 0.008854166666666666 0.062037037037037036
2 0.4109375 0.3449074074074074 0.015625 0.075
1 0.42213541666666665 0.2800925925925926 0.005729166666666666 0.012037037037037037
2 0.1734375 0.06111111111111111 0.008333333333333333 0.03888888888888889
