2 0.7098958333333333 0.337037037037037 0.010416666666666666 0.07222222222222222
2 0.41770833333333335 0.8444444444444444 0.034375 0.1
2 0.8684895833333334 0.3837962962962963 0.018229166666666668 0.08055555555555556
2 0.03463541666666667 0.24583333333333332 0.0140625 0.06388888888888888
2 0.425 0.5300925925925926 0.01875 0.09722222222222222
2 0.90625 0.5194444444444445 0.019791666666666666 0.09074074074074075
2 0.6286458333333333 0.2671296296296296 0.010416666666666666 0.06574074074074074
2 0.23880208333333333 0.35185185185185186 0.019270833333333334 0.07407407407407407
2 0.7052083333333333 0.20694444444444443 0.011458333333333333 0.058333333333333334
2 0.5979166666666667 0.6578703703703703 0.021875 0.10462962962962963
2 0.79609375 0.25787037037037036 0.011979166666666667 0.06759259259259259
2 0.39869791666666665 0.18611111111111112 0.0078125 0.05740740740740741
2 0.4127604166666667 0.37592592592592594 0.009895833333333333 0.07592592592592592
2 0.4817708333333333 0.19583333333333333 0.011458333333333333 0.058333333333333334
2 0.5651041666666666 0.1837962962962963 0.009375 0.05277777777777778
2 0.43776041666666665 0.2564814814814815 0.013020833333333334 0.06666666666666667
2 0.4359375 0.18009259259259258 0.009375 0.05462962962962963
2 0.5453125 0.3824074074074074 0.016666666666666666 0.07592592592592592
2 0.41796875 0.6981481481481482 0.027604166666666666 0.0962962962962963
2 0.275 0.20925925925925926 0.008333333333333333 0.06296296296296296
2 0.41015625 0.3453703703703704 0.016145833333333335 0.07407407407407407
1 0.4200520833333333 0.28055555555555556 0.005729166666666666 0.011111111111111112
2 0.17083333333333334 0.06157407407407407 0.008333333333333333 0.03981481481481482
