2 0.7130208333333333 0.3365740740740741 0.010416666666666666 0.0712962962962963
2 0.42213541666666665 0.8435185185185186 0.0359375 0.1
2 0.8619791666666666 0.3824074074074074 0.020833333333333332 0.07962962962962963
2 0.039322916666666666 0.24212962962962964 0.0140625 0.06574074074074074
2 0.42890625 0.5273148148148148 0.0171875 0.09907407407407408
2 0.9026041666666667 0.5162037037037037 0.019791666666666666 0.09351851851851851
2 0.63515625 0.26805555555555555 0.011979166666666667 0.06574074074074074
2 0.2453125 0.34814814814814815 0.015625 0.07777777777777778
2 0.70859375 0.20601851851851852 0.009895833333333333 0.058333333333333334
2 0.5994791666666667 0.6527777777777778 0.022916666666666665 0.1
2 0.80078125 0.26064814814814813 0.011979166666666667 0.06759259259259259
2 0.40234375 0.18518518518518517 0.0078125 0.05740740740740741
2 0.4161458333333333 0.37453703703703706 0.009375 0.07685185185185185
2 0.48932291666666666 0.19212962962962962 0.0109375 0.058333333333333334
2 0.56875 0.1837962962962963 0.009375 0.05092592592592592
2 0.440625 0.25555555555555554 0.0125 0.06666666666666667
2 0.4393229166666667 0.17916666666666667 0.008854166666666666 0.05462962962962963
2 0.5520833333333334 0.38287037037037036 0.01875 0.07685185185185185
2 0.42109375 0.6967592592592593 0.028645833333333332 0.09537037037037037
2 0.2786458333333333 0.20787037037037037 0.008333333333333333 0.062037037037037036
2 0.41041666666666665 0.3449074074074074 0.014583333333333334 0.07685185185185185
1 0.4234375 0.2796296296296296 0.00625 0.011111111111111112
2 0.175 0.06018518518518518 0.008333333333333333 0.03888888888888889
