2 0.6765625 0.3194444444444444 0.010416666666666666 0.07592592592592592
2 0.3828125 0.8453703703703703 0.03229166666666667 0.10925925925925926
2 0.8307291666666666 0.3648148148148148 0.017708333333333333 0.08148148148148149
2 0.38046875 0.5185185185185185 0.019270833333333334 0.09814814814814815
2 0.8703125 0.5046296296296297 0.022916666666666665 0.0962962962962963
2 0.5997395833333333 0.25277777777777777 0.0109375 0.06481481481481481
2 0.209375 0.35 0.019791666666666666 0.07962962962962963
2 0.6703125 0.1884259259259259 0.009375 0.06018518518518518
2 0.55703125 0.6444444444444445 0.0171875 0.1
2 0.7645833333333333 0.24166666666666667 0.011458333333333333 0.07037037037037037
2 0.3575520833333333 0.1712962962962963 0.0078125 0.06111111111111111
2 0.37083333333333335 0.3675925925925926 0.015625 0.07777777777777778
2 0.4583333333333333 0.1875 0.011458333333333333 0.062037037037037036
2 0.5268229166666667 0.16666666666666666 0.008854166666666666 0.05555555555555555
2 0.39505208333333336 0.24537037037037038 0.013020833333333334 0.06666666666666667
2 0.38776041666666666 0.1675925925925926 0.016145833333333335 0.053703703703703705
2 0.51796875 0.37824074074074077 0.011979166666666667 0.0787037037037037
2 0.3841145833333333 0.7018518518518518 0.0328125 0.09074074074074075
2 0.22942708333333334 0.19768518518518519 0.008854166666666666 0.06574074074074074
2 0.37604166666666666 0.3333333333333333 0.014583333333333334 0.07407407407407407
1 0.3802083333333333 0.26944444444444443 0.00625 0.011111111111111112
2 0.11848958333333333 0.046296296296296294 0.008854166666666666 0.04259259259259259
