2 0.69765625 0.32592592592592595 0.009895833333333333 0.07407407407407407
2 0.403125 0.8453703703703703 0.03229166666666667 0.10740740740740741
2 0.8515625 0.3726851851851852 0.019791666666666666 0.08055555555555556
2 0.003125 0.2375 0.00625 0.06759259259259259
2 0.40286458333333336 0.5208333333333334 0.0234375 0.09907407407407408
2 0.8901041666666667 0.5078703703703704 0.01875 0.09722222222222222
2 0.6213541666666667 0.25787037037037036 0.011458333333333333 0.06574074074074074
2 0.22916666666666666 0.350462962962963 0.016666666666666666 0.0787037037037037
2 0.69296875 0.19444444444444445 0.009895833333333333 0.05925925925925926
2 0.5768229166666666 0.6486111111111111 0.018229166666666668 0.09907407407407408
2 0.7861979166666667 0.24861111111111112 0.011979166666666667 0.0712962962962963
2 0.38046875 0.17407407407407408 0.0078125 0.06111111111111111
2 0.3924479166666667 0.36898148148148147 0.016145833333333335 0.08055555555555556
2 0.4783854166666667 0.18888888888888888 0.0109375 0.05925925925925926
2 0.5489583333333333 0.17175925925925925 0.009375 0.05277777777777778
2 0.41744791666666664 0.24861111111111112 0.013020833333333334 0.06574074074074074
2 0.4127604166666667 0.17037037037037037 0.016145833333333335 0.053703703703703705
2 0.5385416666666667 0.3824074074074074 0.0125 0.07962962962962963
2 0.403125 0.700462962962963 0.03125 0.09351851851851851
2 0.25364583333333335 0.19907407407407407 0.008333333333333333 0.06481481481481481
2 0.39348958333333334 0.3365740740740741 0.018229166666666668 0.075
1 0.40260416666666665 0.2712962962962963 0.005208333333333333 0.011111111111111112
2 0.1453125 0.04861111111111111 0.010416666666666666 0.03981481481481482
