2 0.709375 0.3365740740740741 0.010416666666666666 0.0712962962962963
2 0.4166666666666667 0.8435185185185186 0.034375 0.10185185185185185
2 0.8682291666666667 0.38287037037037036 0.01875 0.08055555555555556
2 0.034375 0.24583333333333332 0.014583333333333334 0.06388888888888888
2 0.4239583333333333 0.5287037037037037 0.016666666666666666 0.09814814814814815
2 0.9072916666666667 0.5194444444444445 0.01875 0.09074074074074075
2 0.6268229166666667 0.26666666666666666 0.011979166666666667 0.06481481481481481
2 0.23776041666666667 0.35185185185185186 0.018229166666666668 0.07407407407407407
2 0.7049479166666667 0.20694444444444443 0.0109375 0.058333333333333334
2 0.5971354166666667 0.6611111111111111 0.021354166666666667 0.10925925925925926
2 0.7955729166666666 0.2574074074074074 0.011979166666666667 0.06851851851851852
2 0.39817708333333335 0.18611111111111112 0.0078125 0.05740740740740741
2 0.4122395833333333 0.37592592592592594 0.009895833333333333 0.07592592592592592
2 0.48098958333333336 0.19583333333333333 0.0109375 0.058333333333333334
2 0.5643229166666667 0.1837962962962963 0.008854166666666666 0.05277777777777778
2 0.4375 0.2564814814814815 0.013541666666666667 0.06666666666666667
2 0.4356770833333333 0.18009259259259258 0.008854166666666666 0.05462962962962963
2 0.5440104166666667 0.3837962962962963 0.016145833333333335 0.07685185185185185
2 0.41770833333333335 0.6976851851851852 0.028125 0.09537037037037037
2 0.2747395833333333 0.20879629629629629 0.008854166666666666 0.06388888888888888
2 0.40963541666666664 0.3458333333333333 0.016145833333333335 0.075
1 0.4200520833333333 0.28055555555555556 0.005729166666666666 0.011111111111111112
2 0.17057291666666666 0.06157407407407407 0.008854166666666666 0.03981481481481482
