1 0.7145833333333333 0.33287037037037037 0.010416666666666666 0.07314814814814814
1 0.42083333333333334 0.8467592592592592 0.035416666666666666 0.09907407407407408
1 0.86484375 0.3800925925925926 0.0203125 0.0787037037037037
1 0.03046875 0.23981481481481481 0.018229166666666668 0.06666666666666667
1 0.43515625 0.5277777777777778 0.028645833333333332 0.09814814814814815
1 0.9026041666666667 0.513425925925926 0.021875 0.09537037037037037
1 0.6388020833333333 0.26435185185185184 0.0109375 0.06388888888888888
1 0.24635416666666668 0.35138888888888886 0.011458333333333333 0.0787037037037037
1 0.7111979166666667 0.20277777777777778 0.009895833333333333 0.05740740740740741
1 0.5932291666666667 0.6523148148148148 0.019791666666666666 0.09722222222222222
1 0.8028645833333333 0.2569444444444444 0.0109375 0.06944444444444445
1 0.4002604166666667 0.18009259259259258 0.0078125 0.058333333333333334
1 0.4140625 0.3726851851851852 0.011458333333333333 0.07685185185185185
1 0.4942708333333333 0.19166666666666668 0.011458333333333333 0.05740740740740741
1 0.5684895833333333 0.1787037037037037 0.008854166666666666 0.053703703703703705
1 0.43697916666666664 0.2537037037037037 0.011458333333333333 0.06481481481481481
1 0.4359375 0.17546296296296296 0.010416666666666666 0.05462962962962963
1 0.5565104166666667 0.38657407407407407 0.011979166666666667 0.0787037037037037
1 0.4197916666666667 0.6981481481481482 0.029166666666666667 0.0962962962962963
1 0.2755208333333333 0.20324074074074075 0.008333333333333333 0.06574074074074074
1 0.4109375 0.34120370370370373 0.015625 0.07685185185185185
0 0.42161458333333335 0.2759259259259259 0.005729166666666666 0.011111111111111112
1 0.17005208333333333 0.05324074074074074 0.008854166666666666 0.03796296296296296
