2 0.63046875 0.31203703703703706 0.009895833333333333 0.07592592592592592
2 0.34140625 0.8546296296296296 0.033854166666666664 0.1037037037037037
2 0.78203125 0.3537037037037037 0.0140625 0.07962962962962963
2 0.33671875 0.5199074074074074 0.0203125 0.10092592592592593
2 0.8424479166666666 0.49583333333333335 0.022395833333333334 0.09722222222222222
2 0.553125 0.2462962962962963 0.010416666666666666 0.06666666666666667
2 0.159375 0.35694444444444445 0.015625 0.0824074074074074
2 0.6096354166666667 0.18194444444444444 0.013020833333333334 0.05648148148148148
2 0.5151041666666667 0.6356481481481482 0.01875 0.10833333333333334
2 0.71640625 0.23148148148148148 0.0109375 0.07037037037037037
2 0.30755208333333334 0.16944444444444445 0.0078125 0.06111111111111111
2 0.32578125 0.3680555555555556 0.011979166666666667 0.0787037037037037
2 0.42473958333333334 0.18981481481481483 0.0203125 0.06296296296296296
2 0.4791666666666667 0.16157407407407406 0.008333333333333333 0.05648148148148148
2 0.3458333333333333 0.24444444444444444 0.014583333333333334 0.06666666666666667
2 0.3380208333333333 0.1638888888888889 0.010416666666666666 0.05555555555555555
2 0.47317708333333336 0.375 0.011979166666666667 0.07962962962962963
2 0.34088541666666666 0.7023148148148148 0.025520833333333333 0.10092592592592593
2 0.17708333333333334 0.19907407407407407 0.009375 0.06666666666666667
2 0.32864583333333336 0.3333333333333333 0.014583333333333334 0.07592592592592592
1 0.33177083333333335 0.26851851851851855 0.005208333333333333 0.011111111111111112
2 0.0609375 0.04722222222222222 0.009375 0.040740740740740744
