2 0.6294270833333333 0.31203703703703706 0.009895833333333333 0.07592592592592592
2 0.3411458333333333 0.8546296296296296 0.034375 0.1037037037037037
2 0.7809895833333333 0.3537037037037037 0.0140625 0.07962962962962963
2 0.334375 0.5171296296296296 0.01875 0.10092592592592593
2 0.84296875 0.49722222222222223 0.022395833333333334 0.09814814814814815
2 0.55234375 0.24675925925925926 0.009895833333333333 0.06574074074074074
2 0.1578125 0.3578703703703704 0.016666666666666666 0.08055555555555556
2 0.60859375 0.18333333333333332 0.011979166666666667 0.05925925925925926
2 0.5145833333333333 0.6324074074074074 0.01875 0.1037037037037037
2 0.7158854166666667 0.23148148148148148 0.0109375 0.07037037037037037
2 0.3067708333333333 0.16944444444444445 0.008333333333333333 0.06111111111111111
2 0.32473958333333336 0.3680555555555556 0.011979166666666667 0.0787037037037037
2 0.42473958333333334 0.19027777777777777 0.0203125 0.062037037037037036
2 0.4786458333333333 0.16111111111111112 0.008333333333333333 0.05740740740740741
2 0.3450520833333333 0.24444444444444444 0.015104166666666667 0.06666666666666667
2 0.33697916666666666 0.1638888888888889 0.009375 0.05555555555555555
2 0.47265625 0.375 0.011979166666666667 0.07962962962962963
2 0.33984375 0.7032407407407407 0.025520833333333333 0.09907407407407408
2 0.17630208333333333 0.19907407407407407 0.008854166666666666 0.06666666666666667
2 0.32578125 0.32314814814814813 0.0140625 0.05555555555555555
1 0.33098958333333334 0.26851851851851855 0.005729166666666666 0.011111111111111112
2 0.059895833333333336 0.04675925925925926 0.008333333333333333 0.03981481481481482
