2 0.65703125 0.3458333333333333 0.022395833333333334 0.07314814814814814
2 0.5231770833333333 0.7967592592592593 0.04635416666666667 0.11944444444444445
2 0.8255208333333334 0.3675925925925926 0.015625 0.08148148148148149
2 0.44869791666666664 0.5324074074074074 0.022395833333333334 0.09259259259259259
2 0.8807291666666667 0.5208333333333334 0.020833333333333332 0.09537037037037037
2 0.5328125 0.274537037037037 0.019791666666666666 0.062037037037037036
2 0.19973958333333333 0.39490740740740743 0.018229166666666668 0.06759259259259259
2 0.5984375 0.2013888888888889 0.017708333333333333 0.058333333333333334
2 0.5572916666666666 0.5689814814814815 0.03333333333333333 0.09166666666666666
2 0.7286458333333333 0.24074074074074073 0.017708333333333333 0.06481481481481481
2 0.2747395833333333 0.20972222222222223 0.0140625 0.058333333333333334
2 0.3143229166666667 0.3851851851851852 0.0234375 0.07222222222222222
2 0.4713541666666667 0.21898148148148147 0.014583333333333334 0.06759259259259259
2 0.465625 0.17731481481481481 0.011458333333333333 0.05092592592592592
2 0.3921875 0.25555555555555554 0.023958333333333335 0.06111111111111111
2 0.2171875 0.2263888888888889 0.028125 0.058333333333333334
2 0.51484375 0.3990740740740741 0.018229166666666668 0.08148148148148149
2 0.6229166666666667 0.6388888888888888 0.04895833333333333 0.09444444444444444
2 0.15234375 0.23148148148148148 0.018229166666666668 0.06481481481481481
2 0.45598958333333334 0.3287037037037037 0.024479166666666666 0.07037037037037037
2 0.0359375 0.058333333333333334 0.008333333333333333 0.040740740740740744
