1 0.6346354166666667 0.31851851851851853 0.015104166666666667 0.07222222222222222
1 0.39114583333333336 0.8347222222222223 0.053125 0.11018518518518519
1 0.7919270833333333 0.35509259259259257 0.018229166666666668 0.08055555555555556
1 0.38619791666666664 0.524537037037037 0.019270833333333334 0.09907407407407408
1 0.8432291666666667 0.5018518518518519 0.027083333333333334 0.09074074074074075
1 0.5447916666666667 0.24861111111111112 0.011458333333333333 0.06574074074074074
1 0.16510416666666666 0.36018518518518516 0.017708333333333333 0.07777777777777778
1 0.6013020833333333 0.1875 0.009895833333333333 0.058333333333333334
1 0.49270833333333336 0.6106481481481482 0.026041666666666668 0.08981481481481482
1 0.7166666666666667 0.2310185185185185 0.014583333333333334 0.06759259259259259
1 0.3 0.17824074074074073 0.016666666666666666 0.058333333333333334
1 0.32317708333333334 0.36666666666666664 0.009895833333333333 0.08148148148148149
1 0.4471354166666667 0.19537037037037036 0.013020833333333334 0.06296296296296296
1 0.47708333333333336 0.16157407407407406 0.008333333333333333 0.05648148148148148
1 0.3502604166666667 0.2412037037037037 0.0140625 0.06759259259259259
1 0.3151041666666667 0.18287037037037038 0.017708333333333333 0.04722222222222222
1 0.47942708333333334 0.3787037037037037 0.018229166666666668 0.07777777777777778
1 0.43359375 0.6787037037037037 0.044270833333333336 0.09074074074074075
1 0.17890625 0.20185185185185187 0.011979166666666667 0.06111111111111111
1 0.3606770833333333 0.3347222222222222 0.0234375 0.06574074074074074
0 0.09401041666666667 0.2708333333333333 0.0078125 0.010185185185185186
1 0.05859375 0.04722222222222222 0.008854166666666666 0.040740740740740744
