2 0.63203125 0.3175925925925926 0.0140625 0.07037037037037037
2 0.37526041666666665 0.8402777777777778 0.0484375 0.10833333333333334
2 0.7861979166666667 0.35138888888888886 0.019270833333333334 0.08055555555555556
2 0.3723958333333333 0.524074074074074 0.023958333333333335 0.1
2 0.84140625 0.500462962962963 0.022395833333333334 0.09351851851851851
2 0.5473958333333333 0.24675925925925926 0.0125 0.06574074074074074
2 0.16145833333333334 0.35694444444444445 0.0125 0.08055555555555556
2 0.6018229166666667 0.18703703703703703 0.009895833333333333 0.05925925925925926
2 0.49505208333333334 0.6175925925925926 0.0234375 0.10555555555555556
2 0.7153645833333333 0.23055555555555557 0.013020833333333334 0.07037037037037037
2 0.30390625 0.17592592592592593 0.0109375 0.05925925925925926
2 0.3234375 0.36666666666666664 0.010416666666666666 0.08333333333333333
2 0.44114583333333335 0.19305555555555556 0.013541666666666667 0.06018518518518518
2 0.47734375 0.16111111111111112 0.0078125 0.05555555555555555
2 0.33984375 0.24259259259259258 0.019270833333333334 0.06296296296296296
2 0.31796875 0.1736111111111111 0.016145833333333335 0.041666666666666664
2 0.47708333333333336 0.37407407407407406 0.0125 0.07962962962962963
2 0.40390625 0.6828703703703703 0.0328125 0.08981481481481482
2 0.17786458333333333 0.19953703703703704 0.0109375 0.06574074074074074
2 0.34609375 0.33240740740740743 0.0296875 0.06111111111111111
1 0.15286458333333333 0.26851851851851855 0.0067708333333333336 0.009259259259259259
2 0.05859375 0.04675925925925926 0.008854166666666666 0.041666666666666664
