2 0.6302083333333334 0.31157407407407406 0.010416666666666666 0.075
2 0.3411458333333333 0.8546296296296296 0.034375 0.1037037037037037
2 0.7817708333333333 0.3537037037037037 0.013541666666666667 0.07962962962962963
2 0.33515625 0.5189814814814815 0.018229166666666668 0.10092592592592593
2 0.8434895833333333 0.49675925925925923 0.022395833333333334 0.09907407407407408
2 0.5528645833333333 0.2462962962962963 0.0109375 0.06666666666666667
2 0.15833333333333333 0.3574074074074074 0.016666666666666666 0.08148148148148149
2 0.609375 0.1824074074074074 0.0125 0.05740740740740741
2 0.5151041666666667 0.6337962962962963 0.01875 0.10648148148148148
2 0.71640625 0.23148148148148148 0.0109375 0.07037037037037037
2 0.3072916666666667 0.16944444444444445 0.008333333333333333 0.06111111111111111
2 0.32526041666666666 0.3685185185185185 0.011979166666666667 0.07962962962962963
2 0.4244791666666667 0.19027777777777777 0.020833333333333332 0.062037037037037036
2 0.4791666666666667 0.16111111111111112 0.008333333333333333 0.05740740740740741
2 0.3453125 0.24444444444444444 0.014583333333333334 0.06666666666666667
2 0.3375 0.1638888888888889 0.010416666666666666 0.05555555555555555
2 0.47317708333333336 0.375 0.011979166666666667 0.07962962962962963
2 0.340625 0.7023148148148148 0.026041666666666668 0.10092592592592593
2 0.1765625 0.19907407407407407 0.009375 0.06666666666666667
2 0.3268229166666667 0.31712962962962965 0.0140625 0.04351851851851852
1 0.33151041666666664 0.26851851851851855 0.005729166666666666 0.011111111111111112
2 0.06015625 0.04675925925925926 0.008854166666666666 0.03981481481481482
