2 0.6296875 0.3125 0.011458333333333333 0.075
2 0.34661458333333334 0.850462962962963 0.034895833333333334 0.11203703703703703
2 0.7809895833333333 0.3527777777777778 0.016145833333333335 0.07962962962962963
2 0.3489583333333333 0.5199074074074074 0.017708333333333333 0.10277777777777777
2 0.8401041666666667 0.4986111111111111 0.019791666666666666 0.09537037037037037
2 0.55078125 0.2462962962962963 0.009895833333333333 0.06481481481481481
2 0.15703125 0.3578703703703704 0.015104166666666667 0.08055555555555556
2 0.603125 0.18472222222222223 0.013541666666666667 0.06018518518518518
2 0.5065104166666666 0.6273148148148148 0.022395833333333334 0.10277777777777777
2 0.7140625 0.23148148148148148 0.0125 0.07037037037037037
2 0.30520833333333336 0.1699074074074074 0.009375 0.062037037037037036
2 0.32395833333333335 0.3685185185185185 0.0125 0.07962962962962963
2 0.42942708333333335 0.19074074074074074 0.018229166666666668 0.06111111111111111
2 0.47760416666666666 0.16064814814814815 0.008333333333333333 0.05648148148148148
2 0.33307291666666666 0.24537037037037038 0.018229166666666668 0.06296296296296296
2 0.33567708333333335 0.16712962962962963 0.018229166666666668 0.049074074074074076
2 0.47239583333333335 0.37453703703703706 0.0125 0.08055555555555556
2 0.3455729166666667 0.7013888888888888 0.04010416666666667 0.09907407407407408
2 0.17552083333333332 0.2 0.008333333333333333 0.06666666666666667
2 0.32578125 0.3337962962962963 0.015104166666666667 0.075
1 0.30911458333333336 0.2657407407407407 0.0067708333333333336 0.009259259259259259
2 0.05859375 0.04722222222222222 0.008854166666666666 0.040740740740740744
