2 0.6484375 0.3388888888888889 0.020833333333333332 0.07222222222222222
2 0.49114583333333334 0.8097222222222222 0.05 0.11574074074074074
2 0.8158854166666667 0.36203703703703705 0.0234375 0.07777777777777778
2 0.4356770833333333 0.5287037037037037 0.0296875 0.09259259259259259
2 0.8640625 0.5157407407407407 0.036458333333333336 0.09074074074074075
2 0.5372395833333333 0.26296296296296295 0.016145833333333335 0.06296296296296296
2 0.19088541666666667 0.37916666666666665 0.024479166666666666 0.06574074074074074
2 0.6015625 0.1935185185185185 0.0125 0.05740740740740741
2 0.5364583333333334 0.5768518518518518 0.03333333333333333 0.09259259259259259
2 0.7260416666666667 0.23287037037037037 0.015625 0.06574074074074074
2 0.28515625 0.1962962962962963 0.0140625 0.05925925925925926
2 0.31927083333333334 0.37546296296296294 0.011458333333333333 0.0787037037037037
2 0.46875 0.21435185185185185 0.016666666666666666 0.062037037037037036
2 0.47421875 0.16805555555555557 0.009895833333333333 0.05277777777777778
2 0.38177083333333334 0.24861111111111112 0.022916666666666665 0.06018518518518518
2 0.2598958333333333 0.21203703703703702 0.023958333333333335 0.053703703703703705
2 0.5052083333333334 0.38796296296296295 0.015625 0.07962962962962963
2 0.57265625 0.6407407407407407 0.044270833333333336 0.0962962962962963
2 0.16692708333333334 0.21944444444444444 0.015104166666666667 0.06111111111111111
2 0.4315104166666667 0.3287037037037037 0.025520833333333333 0.06851851851851852
2 0.04869791666666667 0.053703703703703705 0.008854166666666666 0.040740740740740744
