2 0.6479166666666667 0.3421296296296296 0.023958333333333335 0.07314814814814814
2 0.5046875 0.8097222222222222 0.04479166666666667 0.1175925925925926
2 0.8203125 0.36157407407407405 0.017708333333333333 0.08055555555555556
2 0.4375 0.5287037037037037 0.03229166666666667 0.0962962962962963
2 0.8677083333333333 0.5162037037037037 0.03333333333333333 0.09166666666666666
2 0.5356770833333333 0.2662037037037037 0.0171875 0.062037037037037036
2 0.19244791666666666 0.3800925925925926 0.027604166666666666 0.06574074074074074
2 0.60078125 0.19583333333333333 0.0140625 0.05648148148148148
2 0.5440104166666667 0.5731481481481482 0.0265625 0.08703703703703704
2 0.7268229166666667 0.23472222222222222 0.0171875 0.06388888888888888
2 0.2830729166666667 0.1986111111111111 0.013020833333333334 0.062037037037037036
2 0.31796875 0.3763888888888889 0.013020833333333334 0.0787037037037037
2 0.46848958333333335 0.21666666666666667 0.019270833333333334 0.06296296296296296
2 0.47265625 0.1685185185185185 0.009895833333333333 0.05185185185185185
2 0.38359375 0.25 0.021354166666666667 0.05925925925925926
2 0.2526041666666667 0.21574074074074073 0.027083333333333334 0.05740740740740741
2 0.5078125 0.38796296296296295 0.014583333333333334 0.08148148148148149
2 0.58671875 0.6430555555555556 0.0359375 0.09907407407407408
2 0.1640625 0.22083333333333333 0.015625 0.062037037037037036
2 0.4390625 0.3287037037037037 0.020833333333333332 0.06851851851851852
2 0.04609375 0.05416666666666667 0.0078125 0.03981481481481482
