1 0.6299479166666667 0.31342592592592594 0.011979166666666667 0.075
1 0.34791666666666665 0.85 0.0375 0.11296296296296296
1 0.7815104166666667 0.3527777777777778 0.0171875 0.07962962962962963
1 0.3541666666666667 0.5236111111111111 0.022916666666666665 0.10092592592592593
1 0.8401041666666667 0.4986111111111111 0.019791666666666666 0.09537037037037037
1 0.5502604166666667 0.2462962962962963 0.0109375 0.06481481481481481
1 0.15729166666666666 0.3578703703703704 0.014583333333333334 0.08055555555555556
1 0.6028645833333334 0.18472222222222223 0.013020833333333334 0.06018518518518518
1 0.50546875 0.625462962962963 0.021354166666666667 0.10092592592592593
1 0.7140625 0.23148148148148148 0.0125 0.07037037037037037
1 0.30520833333333336 0.17083333333333334 0.009375 0.06018518518518518
1 0.32369791666666664 0.3680555555555556 0.011979166666666667 0.08055555555555556
1 0.4315104166666667 0.1925925925925926 0.015104166666666667 0.05925925925925926
1 0.47760416666666666 0.16111111111111112 0.008333333333333333 0.05555555555555555
1 0.33098958333333334 0.2449074074074074 0.024479166666666666 0.06388888888888888
1 0.334375 0.16805555555555557 0.016666666666666666 0.04722222222222222
1 0.47265625 0.37453703703703706 0.013020833333333334 0.08055555555555556
1 0.35651041666666666 0.6976851851851852 0.0328125 0.09722222222222222
1 0.17552083333333332 0.19907407407407407 0.008333333333333333 0.06851851851851852
1 0.328125 0.3337962962962963 0.015625 0.07314814814814814
1 0.2842838541666667 0.26418055555555553 0.008161458333333312 0.010490740740740778
1 0.05859375 0.04722222222222222 0.008854166666666666 0.040740740740740744
