2 0.6294270833333333 0.31157407407407406 0.009895833333333333 0.075
2 0.34140625 0.8546296296296296 0.033854166666666664 0.1037037037037037
2 0.78046875 0.35324074074074074 0.0140625 0.0787037037037037
2 0.33359375 0.5194444444444445 0.0234375 0.09814814814814815
2 0.8421875 0.49722222222222223 0.021875 0.09814814814814815
2 0.5520833333333334 0.24583333333333332 0.010416666666666666 0.06574074074074074
2 0.15703125 0.3578703703703704 0.0171875 0.08055555555555556
2 0.6078125 0.1837962962962963 0.011458333333333333 0.058333333333333334
2 0.5135416666666667 0.6300925925925925 0.017708333333333333 0.10092592592592593
2 0.715625 0.2310185185185185 0.010416666666666666 0.06944444444444445
2 0.30625 0.16944444444444445 0.008333333333333333 0.06111111111111111
2 0.32447916666666665 0.36898148148148147 0.0125 0.0787037037037037
2 0.42552083333333335 0.19027777777777777 0.020833333333333332 0.062037037037037036
2 0.478125 0.16111111111111112 0.008333333333333333 0.05740740740740741
2 0.34479166666666666 0.2449074074074074 0.015625 0.06574074074074074
2 0.33671875 0.16342592592592592 0.009895833333333333 0.05648148148148148
2 0.47213541666666664 0.375 0.011979166666666667 0.07962962962962963
2 0.33958333333333335 0.7032407407407407 0.026041666666666668 0.09907407407407408
2 0.17578125 0.19953703703703704 0.008854166666666666 0.06574074074074074
2 0.32421875 0.31666666666666665 0.0140625 0.044444444444444446
1 0.33046875 0.26851851851851855 0.005729166666666666 0.011111111111111112
2 0.05911458333333333 0.046296296296296294 0.008854166666666666 0.040740740740740744
