1 0.6356770833333333 0.31203703703703706 0.009895833333333333 0.07592592592592592
1 0.3455729166666667 0.8527777777777777 0.033854166666666664 0.10555555555555556
1 0.7872395833333333 0.3541666666666667 0.0140625 0.08055555555555556
1 0.33958333333333335 0.5180555555555556 0.020833333333333332 0.10092592592592593
1 0.8390625 0.49398148148148147 0.020833333333333332 0.09166666666666666
1 0.55859375 0.24675925925925926 0.009895833333333333 0.06574074074074074
1 0.16588541666666667 0.35185185185185186 0.016145833333333335 0.08333333333333333
1 0.62265625 0.1814814814814815 0.0140625 0.05740740740740741
1 0.5197916666666667 0.6398148148148148 0.017708333333333333 0.10185185185185185
1 0.7221354166666667 0.23148148148148148 0.0109375 0.07037037037037037
1 0.31354166666666666 0.16944444444444445 0.008333333333333333 0.06111111111111111
1 0.3296875 0.36712962962962964 0.014583333333333334 0.08055555555555556
1 0.4236979166666667 0.18472222222222223 0.016145833333333335 0.062037037037037036
1 0.484375 0.16111111111111112 0.009375 0.05555555555555555
1 0.35130208333333335 0.2439814814814815 0.0140625 0.06759259259259259
1 0.34322916666666664 0.1648148148148148 0.010416666666666666 0.05555555555555555
1 0.4778645833333333 0.375 0.011979166666666667 0.07962962962962963
1 0.3450520833333333 0.7037037037037037 0.03177083333333333 0.09444444444444444
1 0.1828125 0.19814814814814816 0.009375 0.06666666666666667
1 0.33541666666666664 0.33287037037037037 0.014583333333333334 0.075
0 0.3375 0.2675925925925926 0.005208333333333333 0.011111111111111112
1 0.06666666666666667 0.0450462962962963 0.009375 0.043240740740740746
