2 0.63671875 0.3277777777777778 0.019270833333333334 0.07222222222222222
2 0.4197916666666667 0.8328703703703704 0.046875 0.1175925925925926
2 0.7989583333333333 0.35833333333333334 0.023958333333333335 0.07962962962962963
2 0.39427083333333335 0.5287037037037037 0.03229166666666667 0.09259259259259259
2 0.8463541666666666 0.5060185185185185 0.03333333333333333 0.08981481481481482
2 0.54296875 0.2513888888888889 0.013020833333333334 0.06574074074074074
2 0.17109375 0.3625 0.0171875 0.07685185185185185
2 0.6020833333333333 0.1884259259259259 0.011458333333333333 0.058333333333333334
2 0.50234375 0.5990740740740741 0.024479166666666666 0.08703703703703704
2 0.7197916666666667 0.23194444444444445 0.014583333333333334 0.06759259259259259
2 0.29635416666666664 0.18518518518518517 0.016666666666666666 0.05925925925925926
2 0.32369791666666664 0.3675925925925926 0.009895833333333333 0.08148148148148149
2 0.45416666666666666 0.20277777777777778 0.016666666666666666 0.05925925925925926
2 0.4778645833333333 0.1625 0.008854166666666666 0.05462962962962963
2 0.3575520833333333 0.2439814814814815 0.021354166666666667 0.06388888888888888
2 0.30859375 0.19305555555555556 0.015104166666666667 0.04351851851851852
2 0.48541666666666666 0.37962962962962965 0.015625 0.07777777777777778
2 0.4708333333333333 0.6666666666666666 0.04479166666666667 0.08703703703703704
2 0.17838541666666666 0.2023148148148148 0.011979166666666667 0.062037037037037036
2 0.37942708333333336 0.3347222222222222 0.0265625 0.06944444444444445
1 0.03203125 0.274537037037037 0.0067708333333333336 0.010185185185185186
2 0.05807291666666667 0.047685185185185185 0.008854166666666666 0.041666666666666664
