1 0.6296875 0.31296296296296294 0.011458333333333333 0.07407407407407407
1 0.34713541666666664 0.85 0.0359375 0.11296296296296296
1 0.78125 0.3527777777777778 0.016666666666666666 0.07962962962962963
1 0.35130208333333335 0.5212962962962963 0.019270833333333334 0.10185185185185185
1 0.8401041666666667 0.4986111111111111 0.019791666666666666 0.09537037037037037
1 0.5505208333333333 0.2462962962962963 0.010416666666666666 0.06481481481481481
1 0.15703125 0.3578703703703704 0.015104166666666667 0.08055555555555556
1 0.603125 0.18472222222222223 0.013541666666666667 0.06018518518518518
1 0.50625 0.6273148148148148 0.021875 0.10277777777777777
1 0.7138020833333333 0.23148148148148148 0.013020833333333334 0.07037037037037037
1 0.30520833333333336 0.17037037037037037 0.009375 0.06111111111111111
1 0.32395833333333335 0.3680555555555556 0.0125 0.08055555555555556
1 0.43020833333333336 0.19166666666666668 0.016666666666666666 0.06111111111111111
1 0.47760416666666666 0.16064814814814815 0.008333333333333333 0.05648148148148148
1 0.33177083333333335 0.24537037037037038 0.020833333333333332 0.06296296296296296
1 0.33541666666666664 0.1675925925925926 0.017708333333333333 0.04814814814814815
1 0.47239583333333335 0.37453703703703706 0.0125 0.08055555555555556
1 0.3533854166666667 0.6990740740740741 0.030729166666666665 0.0962962962962963
1 0.17552083333333332 0.2 0.008333333333333333 0.06666666666666667
1 0.3268229166666667 0.3333333333333333 0.015104166666666667 0.07407407407407407
0 0.296875 0.26481481481481484 0.008333333333333333 0.011111111111111112
1 0.05859375 0.04722222222222222 0.008854166666666666 0.040740740740740744
