2 0.62890625 0.3111111111111111 0.009895833333333333 0.07592592592592592
2 0.34140625 0.8537037037037037 0.033854166666666664 0.10555555555555556
2 0.7802083333333333 0.3527777777777778 0.013541666666666667 0.07962962962962963
2 0.33359375 0.5231481481481481 0.0265625 0.09444444444444444
2 0.8411458333333334 0.4976851851851852 0.020833333333333332 0.09722222222222222
2 0.5515625 0.24675925925925926 0.010416666666666666 0.06574074074074074
2 0.15651041666666668 0.3578703703703704 0.0171875 0.08055555555555556
2 0.60703125 0.18333333333333332 0.0109375 0.05925925925925926
2 0.51171875 0.6291666666666667 0.019270833333333334 0.10092592592592593
2 0.7151041666666667 0.23148148148148148 0.010416666666666666 0.07037037037037037
2 0.3059895833333333 0.16944444444444445 0.0078125 0.06111111111111111
2 0.32395833333333335 0.36898148148148147 0.0125 0.0787037037037037
2 0.42552083333333335 0.19074074074074074 0.020833333333333332 0.06111111111111111
2 0.47760416666666666 0.16157407407407406 0.008333333333333333 0.05648148148148148
2 0.34453125 0.24583333333333332 0.0171875 0.06574074074074074
2 0.33619791666666665 0.1638888888888889 0.009895833333333333 0.05555555555555555
2 0.47161458333333334 0.375 0.011979166666666667 0.07962962962962963
2 0.3390625 0.7032407407407407 0.026041666666666668 0.09907407407407408
2 0.17526041666666667 0.2 0.008854166666666666 0.06481481481481481
2 0.32294270833333333 0.3205601851851852 0.012916666666666703 0.05426851851851853
1 0.3302083333333333 0.2689814814814815 0.005208333333333333 0.010185185185185186
2 0.05911458333333333 0.04675925925925926 0.008854166666666666 0.03981481481481482
