2 0.6466145833333333 0.33194444444444443 0.018229166666666668 0.07314814814814814
2 0.4703125 0.812037037037037 0.04791666666666667 0.11851851851851852
2 0.81328125 0.362962962962963 0.027604166666666666 0.07777777777777778
2 0.421875 0.5259259259259259 0.03125 0.0962962962962963
2 0.8622395833333333 0.5138888888888888 0.0296875 0.09074074074074075
2 0.5403645833333334 0.2587962962962963 0.0140625 0.062037037037037036
2 0.18125 0.375 0.027083333333333334 0.06851851851851852
2 0.60234375 0.19166666666666668 0.013020833333333334 0.05740740740740741
2 0.5278645833333333 0.5856481481481481 0.027604166666666666 0.08981481481481482
2 0.7252604166666666 0.2324074074074074 0.016145833333333335 0.06666666666666667
2 0.2877604166666667 0.19444444444444445 0.018229166666666668 0.06111111111111111
2 0.321875 0.37222222222222223 0.011458333333333333 0.07962962962962963
2 0.4661458333333333 0.2064814814814815 0.013541666666666667 0.06666666666666667
2 0.47552083333333334 0.16944444444444445 0.009375 0.05185185185185185
2 0.37916666666666665 0.24722222222222223 0.014583333333333334 0.06111111111111111
2 0.2752604166666667 0.20787037037037037 0.021354166666666667 0.05462962962962963
2 0.50078125 0.3875 0.024479166666666666 0.0787037037037037
2 0.5489583333333333 0.6509259259259259 0.036458333333333336 0.1
2 0.17239583333333333 0.2162037037037037 0.015625 0.062037037037037036
2 0.41796875 0.3287037037037037 0.027604166666666666 0.06851851851851852
2 0.05286458333333333 0.05185185185185185 0.008854166666666666 0.040740740740740744
