2 0.62890625 0.31157407407407406 0.009895833333333333 0.075
2 0.34140625 0.8532407407407407 0.033854166666666664 0.10462962962962963
2 0.7799479166666666 0.3537037037037037 0.0140625 0.07962962962962963
2 0.33359375 0.5217592592592593 0.025520833333333333 0.09537037037037037
2 0.8408854166666667 0.4976851851851852 0.021354166666666667 0.09722222222222222
2 0.5515625 0.24675925925925926 0.010416666666666666 0.06574074074074074
2 0.15703125 0.3578703703703704 0.0171875 0.08055555555555556
2 0.60703125 0.1837962962962963 0.0109375 0.058333333333333334
2 0.5125 0.6296296296296297 0.017708333333333333 0.1
2 0.7151041666666667 0.23148148148148148 0.010416666666666666 0.07037037037037037
2 0.30625 0.16944444444444445 0.008333333333333333 0.06111111111111111
2 0.32395833333333335 0.3685185185185185 0.0125 0.07962962962962963
2 0.42552083333333335 0.19074074074074074 0.020833333333333332 0.06111111111111111
2 0.47760416666666666 0.16157407407407406 0.008333333333333333 0.05648148148148148
2 0.34479166666666666 0.24583333333333332 0.016666666666666666 0.06574074074074074
2 0.33619791666666665 0.16342592592592592 0.009895833333333333 0.05648148148148148
2 0.47161458333333334 0.375 0.011979166666666667 0.07962962962962963
2 0.3390625 0.7032407407407407 0.026041666666666668 0.09907407407407408
2 0.17552083333333332 0.2 0.009375 0.06481481481481481
2 0.3234375 0.31666666666666665 0.014583333333333334 0.044444444444444446
1 0.33046875 0.26851851851851855 0.005729166666666666 0.011111111111111112
2 0.059375 0.04675925925925926 0.008333333333333333 0.03981481481481482
