2 0.7247395833333333 0.3787037037037037 0.025520833333333333 0.07037037037037037
2 0.66640625 0.7314814814814815 0.04114583333333333 0.10925925925925926
2 0.8669270833333333 0.37777777777777777 0.0234375 0.07222222222222222
2 0.55234375 0.5217592592592593 0.0265625 0.08981481481481482
2 0.9518229166666666 0.538425925925926 0.024479166666666666 0.08981481481481482
2 0.5846354166666666 0.32314814814814813 0.018229166666666668 0.05740740740740741
2 0.30390625 0.4476851851851852 0.021354166666666667 0.0824074074074074
2 0.63203125 0.2375 0.0203125 0.05648148148148148
2 0.6744791666666666 0.5513888888888889 0.021875 0.0824074074074074
2 0.77109375 0.2652777777777778 0.015104166666666667 0.062037037037037036
2 0.32473958333333336 0.26481481481481484 0.0203125 0.05555555555555555
2 0.3729166666666667 0.43657407407407406 0.023958333333333335 0.075
2 0.5221354166666666 0.2587962962962963 0.015104166666666667 0.06574074074074074
2 0.4864583333333333 0.21666666666666667 0.016666666666666666 0.05185185185185185
2 0.49322916666666666 0.27824074074074073 0.019791666666666666 0.058333333333333334
2 0.06640625 0.2898148148148148 0.019270833333333334 0.05185185185185185
2 0.5825520833333333 0.4361111111111111 0.0265625 0.07962962962962963
2 0.8231770833333333 0.6175925925925926 0.043229166666666666 0.09444444444444444
2 0.10911458333333333 0.2777777777777778 0.0171875 0.06296296296296296
2 0.5841145833333333 0.33611111111111114 0.021354166666666667 0.07037037037037037
2 0.061197916666666664 0.10046296296296296 0.008854166666666666 0.03611111111111111
