1 0.7841145833333333 0.45555555555555555 0.0171875 0.046296296296296294
1 0.73359375 0.6564814814814814 0.0234375 0.07962962962962963
1 0.98046875 0.3087962962962963 0.011979166666666667 0.041666666666666664
1 0.8833333333333333 0.4462962962962963 0.025 0.05
1 0.10729166666666666 0.39537037037037037 0.013541666666666667 0.04814814814814815
1 0.64453125 0.5439814814814815 0.0203125 0.06574074074074074
1 0.96953125 0.5745370370370371 0.0203125 0.062037037037037036
1 0.66484375 0.4083333333333333 0.019270833333333334 0.05185185185185185
1 0.4473958333333333 0.5166666666666667 0.023958333333333335 0.05925925925925926
1 0.66796875 0.3263888888888889 0.0109375 0.04351851851851852
1 0.7669270833333334 0.5851851851851851 0.0171875 0.06851851851851852
1 0.7947916666666667 0.36342592592592593 0.015625 0.03981481481481482
1 0.4703125 0.3458333333333333 0.010416666666666666 0.04722222222222222
1 0.5299479166666666 0.4930555555555556 0.022395833333333334 0.06018518518518518
1 0.5799479166666667 0.3574074074074074 0.013020833333333334 0.044444444444444446
1 0.5377604166666666 0.3212962962962963 0.008854166666666666 0.03333333333333333
1 0.6088541666666667 0.3648148148148148 0.019791666666666666 0.04814814814814815
1 0.0671875 0.44212962962962965 0.015625 0.05462962962962963
1 0.6658854166666667 0.49074074074074076 0.019270833333333334 0.05555555555555555
1 0.9184895833333333 0.600925925925926 0.019270833333333334 0.07592592592592592
1 0.21875 0.37407407407407406 0.013541666666666667 0.04814814814814815
1 0.6966145833333334 0.39861111111111114 0.0203125 0.049074074074074076
1 0.4800833333333333 0.19028703703703703 0.004562499999999995 0.006851851851851857
1 0.18840625 0.22238425925925928 0.010499999999999983 0.03091666666666668
