2 0.7265625 0.37916666666666665 0.026041666666666668 0.06944444444444445
2 0.6697916666666667 0.7305555555555555 0.040625 0.10925925925925926
2 0.86953125 0.37824074074074077 0.021354166666666667 0.07314814814814814
2 0.55390625 0.5212962962962963 0.0265625 0.09074074074074075
2 0.9536458333333333 0.5398148148148149 0.025 0.08888888888888889
2 0.5859375 0.324537037037037 0.01875 0.058333333333333334
2 0.30546875 0.44722222222222224 0.022395833333333334 0.08333333333333333
2 0.63359375 0.23842592592592593 0.0203125 0.05648148148148148
2 0.6768229166666667 0.5518518518518518 0.022395833333333334 0.08333333333333333
2 0.7723958333333333 0.2657407407407407 0.014583333333333334 0.06111111111111111
2 0.3268229166666667 0.26435185185185184 0.019270833333333334 0.05648148148148148
2 0.37552083333333336 0.43703703703703706 0.023958333333333335 0.07407407407407407
2 0.5234375 0.25833333333333336 0.014583333333333334 0.06666666666666667
2 0.4869791666666667 0.21666666666666667 0.016666666666666666 0.05185185185185185
2 0.49505208333333334 0.2777777777777778 0.021354166666666667 0.05925925925925926
2 0.06328125 0.29074074074074074 0.0203125 0.05185185185185185
2 0.58359375 0.43657407407407406 0.027604166666666666 0.0787037037037037
2 0.82734375 0.6175925925925926 0.044270833333333336 0.09444444444444444
2 0.10807291666666667 0.27685185185185185 0.016145833333333335 0.06296296296296296
2 0.58671875 0.3375 0.0203125 0.06759259259259259
2 0.06145833333333333 0.09953703703703703 0.008333333333333333 0.03611111111111111
