2 0.7333333333333333 0.3819444444444444 0.020833333333333332 0.06759259259259259
2 0.67734375 0.7212962962962963 0.027604166666666666 0.11851851851851852
2 0.8684895833333334 0.38055555555555554 0.019270833333333334 0.06851851851851852
2 0.5598958333333334 0.5231481481481481 0.027083333333333334 0.08518518518518518
2 0.9515625 0.5407407407407407 0.03125 0.08888888888888889
2 0.5864583333333333 0.33194444444444443 0.023958333333333335 0.058333333333333334
2 0.31953125 0.45555555555555555 0.021354166666666667 0.07962962962962963
2 0.6364583333333333 0.24583333333333332 0.015625 0.05648148148148148
2 0.6846354166666667 0.5532407407407407 0.0171875 0.07685185185185185
2 0.7700520833333333 0.274537037037037 0.022395833333333334 0.058333333333333334
2 0.33489583333333334 0.2726851851851852 0.021875 0.05648148148148148
2 0.38567708333333334 0.44212962962962965 0.0265625 0.0712962962962963
2 0.52578125 0.26666666666666666 0.0140625 0.06296296296296296
2 0.4903645833333333 0.2212962962962963 0.011979166666666667 0.053703703703703705
2 0.5033854166666667 0.2865740740740741 0.018229166666666668 0.05648148148148148
2 0.04635416666666667 0.3077314814814815 0.022916666666666665 0.05805555555555555
2 0.5908854166666667 0.4398148148148148 0.015104166666666667 0.07777777777777778
2 0.8447916666666667 0.6185185185185185 0.030208333333333334 0.09444444444444444
2 0.10703125 0.28379629629629627 0.015104166666666667 0.062037037037037036
2 0.5971354166666667 0.34120370370370373 0.024479166666666666 0.06759259259259259
2 0.06380208333333333 0.1111111111111111 0.008854166666666666 0.03518518518518519
