2 0.765625 0.43425925925925923 0.016666666666666666 0.053703703703703705
2 0.7122395833333334 0.674074074074074 0.0234375 0.08518518518518518
2 0.8739583333333333 0.4273148148148148 0.023958333333333335 0.05462962962962963
2 0.05182291666666667 0.3768518518518518 0.013020833333333334 0.04814814814814815
2 0.6192708333333333 0.537962962962963 0.023958333333333335 0.07592592592592592
2 0.9638020833333333 0.5638888888888889 0.0171875 0.06851851851851852
2 0.6411458333333333 0.3888888888888889 0.017708333333333333 0.05185185185185185
2 0.4078125 0.500462962962963 0.01875 0.06944444444444445
2 0.6565104166666667 0.30787037037037035 0.0140625 0.04537037037037037
2 0.7416666666666667 0.5736111111111111 0.017708333333333333 0.06759259259259259
2 0.7809895833333333 0.33935185185185185 0.019270833333333334 0.03981481481481482
2 0.4278645833333333 0.3300925925925926 0.016145833333333335 0.05092592592592592
2 0.48333333333333334 0.48194444444444445 0.020833333333333332 0.06388888888888888
2 0.56328125 0.3333333333333333 0.0140625 0.046296296296296294
2 0.5182291666666666 0.2967592592592593 0.014583333333333334 0.03981481481481482
2 0.5776041666666667 0.34675925925925927 0.0125 0.04722222222222222
2 0.041666666666666664 0.41064814814814815 0.017708333333333333 0.058333333333333334
2 0.6359375 0.48564814814814816 0.020833333333333332 0.062037037037037036
2 0.9049479166666666 0.6097222222222223 0.028645833333333332 0.075
2 0.17421875 0.35 0.0140625 0.044444444444444446
2 0.6674479166666667 0.387037037037037 0.019270833333333334 0.053703703703703705
1 0.32705989583333334 0.20217592592592593 0.007671875000000009 0.010518518518518531
2 0.14679427083333335 0.19471296296296298 0.009598958333333336 0.02937037037037037
