2 0.7330729166666666 0.3837962962962963 0.019270833333333334 0.06759259259259259
2 0.6768229166666667 0.7199074074074074 0.028645833333333332 0.1175925925925926
2 0.86640625 0.3824074074074074 0.019270833333333334 0.06666666666666667
2 0.5609375 0.524537037037037 0.026041666666666668 0.08425925925925926
2 0.9505208333333334 0.5425925925925926 0.027083333333333334 0.08888888888888889
2 0.58671875 0.33287037037037037 0.024479166666666666 0.05648148148148148
2 0.32135416666666666 0.45925925925925926 0.017708333333333333 0.08148148148148149
2 0.6354166666666666 0.24814814814814815 0.015625 0.05740740740740741
2 0.684375 0.5532407407407407 0.020833333333333332 0.07685185185185185
2 0.7684895833333333 0.27685185185185185 0.024479166666666666 0.05925925925925926
2 0.3359375 0.275 0.022916666666666665 0.05555555555555555
2 0.38645833333333335 0.44537037037037036 0.027083333333333334 0.06851851851851852
2 0.52578125 0.26990740740740743 0.015104166666666667 0.062037037037037036
2 0.48984375 0.22407407407407406 0.011979166666666667 0.053703703703703705
2 0.5052083333333334 0.28935185185185186 0.015625 0.05648148148148148
2 0.04479166666666667 0.3101851851851852 0.01875 0.05555555555555555
2 0.5911458333333334 0.44074074074074077 0.014583333333333334 0.07777777777777778
2 0.8450520833333334 0.6180555555555556 0.03177083333333333 0.09537037037037037
2 0.10703125 0.28703703703703703 0.015104166666666667 0.06111111111111111
2 0.5989583333333334 0.34305555555555556 0.023958333333333335 0.06574074074074074
2 0.0640625 0.11527777777777778 0.008333333333333333 0.03425925925925926
