2 0.7190104166666667 0.36898148148148147 0.0203125 0.07314814814814814
2 0.6502604166666667 0.7472222222222222 0.030729166666666665 0.11851851851851852
2 0.8643229166666667 0.37546296296296294 0.025520833333333333 0.07314814814814814
2 0.5354166666666667 0.5222222222222223 0.03229166666666667 0.09074074074074075
2 0.9440104166666666 0.5351851851851852 0.0296875 0.09259259259259259
2 0.5755208333333334 0.30787037037037035 0.015625 0.05462962962962963
2 0.2859375 0.43472222222222223 0.028125 0.08425925925925926
2 0.6307291666666667 0.22777777777777777 0.015625 0.05555555555555555
2 0.6609375 0.5509259259259259 0.022916666666666665 0.08148148148148149
2 0.7666666666666667 0.25787037037037036 0.020833333333333332 0.062037037037037036
2 0.3104166666666667 0.25277777777777777 0.019791666666666666 0.053703703703703705
2 0.35625 0.425462962962963 0.020833333333333332 0.075
2 0.515625 0.2537037037037037 0.021875 0.06296296296296296
2 0.4861979166666667 0.2037037037037037 0.011979166666666667 0.053703703703703705
2 0.4752604166666667 0.2689814814814815 0.024479166666666666 0.06018518518518518
2 0.09270833333333334 0.26805555555555555 0.01875 0.04722222222222222
2 0.5739583333333333 0.4236111111111111 0.014583333333333334 0.0824074074074074
2 0.8 0.6240740740740741 0.034375 0.0962962962962963
2 0.11380208333333333 0.2671296296296296 0.021354166666666667 0.06574074074074074
2 0.569359375 0.3333333333333333 0.0203125 0.06851851851851852
2 0.05416666666666667 0.08611111111111111 0.011458333333333333 0.040740740740740744
