2 0.75234375 0.41759259259259257 0.022395833333333334 0.05740740740740741
2 0.70078125 0.6888888888888889 0.0265625 0.09259259259259259
2 0.86328125 0.4125 0.0234375 0.05648148148148148
2 0.005729166666666666 0.35987962962962966 0.011458333333333333 0.05185185185185185
2 0.59921875 0.5337962962962963 0.024479166666666666 0.07685185185185185
2 0.9557291666666666 0.5560185185185185 0.016666666666666666 0.075
2 0.6203125 0.3736111111111111 0.022916666666666665 0.05462962962962963
2 0.37604166666666666 0.4888888888888889 0.027083333333333334 0.07592592592592592
2 0.6455729166666667 0.2902777777777778 0.011979166666666667 0.05092592592592592
2 0.7205729166666667 0.5685185185185185 0.025520833333333333 0.07407407407407407
2 0.7700520833333333 0.31805555555555554 0.0203125 0.04537037037037037
2 0.39557291666666666 0.3138888888888889 0.0203125 0.05185185185185185
2 0.44895833333333335 0.47175925925925927 0.027083333333333334 0.06574074074074074
2 0.546875 0.3125 0.011458333333333333 0.04722222222222222
2 0.5046875 0.2740740740740741 0.0125 0.046296296296296294
2 0.55078125 0.3296296296296296 0.0140625 0.05
2 0.025 0.38287037037037036 0.019791666666666666 0.05648148148148148
2 0.6197916666666666 0.4675925925925926 0.015625 0.07222222222222222
2 0.8880208333333334 0.6125 0.025 0.08796296296296297
2 0.14166666666666666 0.3351851851851852 0.015625 0.05185185185185185
2 0.6447916666666667 0.37453703703703706 0.017708333333333333 0.058333333333333334
1 0.21119791666666668 0.2310185185185185 0.0078125 0.012037037037037037
2 0.11363020833333334 0.17452314814814815 0.008770833333333335 0.033861111111111133
