2 0.73203125 0.3814814814814815 0.021354166666666667 0.06851851851851852
2 0.6760416666666667 0.7245370370370371 0.029166666666666667 0.11574074074074074
2 0.8684895833333334 0.37916666666666665 0.019270833333333334 0.0712962962962963
2 0.5578125 0.5212962962962963 0.029166666666666667 0.08518518518518518
2 0.9513020833333333 0.538425925925926 0.0328125 0.08796296296296297
2 0.5856770833333333 0.3314814814814815 0.021354166666666667 0.06111111111111111
2 0.31302083333333336 0.4550925925925926 0.029166666666666667 0.0824074074074074
2 0.6361979166666667 0.24351851851851852 0.016145833333333335 0.05555555555555555
2 0.6830729166666667 0.5546296296296296 0.015104166666666667 0.08148148148148149
2 0.7713541666666667 0.2722222222222222 0.019791666666666666 0.05925925925925926
2 0.33255208333333336 0.27037037037037037 0.018229166666666668 0.05555555555555555
2 0.38359375 0.44074074074074077 0.024479166666666666 0.07222222222222222
2 0.5247395833333334 0.2638888888888889 0.0140625 0.06481481481481481
2 0.4890625 0.22037037037037038 0.013541666666666667 0.053703703703703705
2 0.5 0.28379629629629627 0.022916666666666665 0.058333333333333334
2 0.0515625 0.30185185185185187 0.023958333333333335 0.05555555555555555
2 0.5875 0.4393518518518518 0.019791666666666666 0.0787037037037037
2 0.8380208333333333 0.6185185185185185 0.035416666666666666 0.09259259259259259
2 0.1078125 0.2824074074074074 0.015625 0.06296296296296296
2 0.5932291666666667 0.3402777777777778 0.021875 0.06759259259259259
2 0.06354166666666666 0.1087962962962963 0.008333333333333333 0.03611111111111111
