2 0.7453125 0.40925925925925927 0.015625 0.06296296296296296
2 0.6888020833333334 0.6916666666666667 0.030729166666666665 0.0962962962962963
2 0.8606770833333334 0.4046296296296296 0.022395833333333334 0.06111111111111111
2 0.5903645833333333 0.5324074074074074 0.024479166666666666 0.08148148148148149
2 0.94921875 0.5518518518518518 0.025520833333333333 0.07777777777777778
2 0.6109375 0.3675925925925926 0.016666666666666666 0.05740740740740741
2 0.36015625 0.48518518518518516 0.0171875 0.07407407407407407
2 0.63984375 0.28194444444444444 0.019270833333333334 0.05092592592592592
2 0.7114583333333333 0.5638888888888889 0.013541666666666667 0.07407407407407407
2 0.7658854166666667 0.30694444444444446 0.019270833333333334 0.049074074074074076
2 0.37994791666666666 0.30833333333333335 0.0140625 0.04814814814814815
2 0.43255208333333334 0.4699074074074074 0.0203125 0.06759259259259259
2 0.5393229166666667 0.29074074074074074 0.011979166666666667 0.03333333333333333
2 0.4981770833333333 0.26342592592592595 0.011979166666666667 0.04537037037037037
2 0.5361979166666667 0.32037037037037036 0.021354166666666667 0.05185185185185185
2 0.021614583333333333 0.3662037037037037 0.019270833333333334 0.05648148148148148
2 0.6091145833333333 0.4634259259259259 0.021354166666666667 0.07314814814814814
2 0.87578125 0.6125 0.0328125 0.08611111111111111
2 0.1265625 0.325 0.013541666666666667 0.05
2 0.6315104166666666 0.3675925925925926 0.018229166666666668 0.06111111111111111
1 0.15572916666666667 0.24953703703703703 0.008333333333333333 0.012037037037037037
2 0.09785416666666666 0.15956944444444446 0.008770833333333335 0.033861111111111106
