2 0.7588541666666667 0.42777777777777776 0.020833333333333332 0.05185185185185185
2 0.70625 0.6810185185185185 0.029166666666666667 0.09722222222222222
2 0.8677083333333333 0.4236111111111111 0.026041666666666668 0.05092592592592592
2 0.03229166666666667 0.37050925925925926 0.013541666666666667 0.04657407407407409
2 0.6127604166666667 0.537962962962963 0.0171875 0.07222222222222222
2 0.95859375 0.5583333333333333 0.022395833333333334 0.07222222222222222
2 0.6341145833333334 0.3851851851851852 0.0140625 0.05
2 0.39427083333333335 0.4981481481481482 0.017708333333333333 0.06851851851851852
2 0.65234375 0.29953703703703705 0.009895833333333333 0.049074074074074076
2 0.73359375 0.5722222222222222 0.013020833333333334 0.06851851851851852
2 0.7752604166666667 0.3296296296296296 0.021354166666666667 0.046296296296296294
2 0.41383854166666667 0.3269814814814815 0.0171875 0.05185185185185185
2 0.46927083333333336 0.47962962962962963 0.016666666666666666 0.06481481481481481
2 0.5541666666666667 0.3277777777777778 0.01875 0.044444444444444446
2 0.5127604166666667 0.28888888888888886 0.0109375 0.03888888888888889
2 0.56875 0.33796296296296297 0.016666666666666666 0.04814814814814815
2 0.0328125 0.3962962962962963 0.020833333333333332 0.05740740740740741
2 0.6299479166666667 0.4791666666666667 0.0203125 0.06574074074074074
2 0.8981770833333333 0.6106481481481482 0.024479166666666666 0.07685185185185185
2 0.1609375 0.3449074074074074 0.014583333333333334 0.05092592592592592
2 0.6578125 0.3819444444444444 0.019791666666666666 0.05462962962962963
1 0.2770286458333333 0.21299074074074073 0.007671875000000009 0.010518518518518531
2 0.13234375 0.18724074074074074 0.00877083333333332 0.03235185185185185
