2 0.66875 0.3523148148148148 0.026041666666666668 0.0712962962962963
2 0.56328125 0.7819444444444444 0.0421875 0.12129629629629629
2 0.8333333333333334 0.3662037037037037 0.017708333333333333 0.0787037037037037
2 0.47291666666666665 0.5263888888888889 0.036458333333333336 0.09537037037037037
2 0.88984375 0.5217592592592593 0.033854166666666664 0.08981481481481482
2 0.5416666666666666 0.2828703703703704 0.016666666666666666 0.062037037037037036
2 0.2234375 0.4027777777777778 0.028125 0.07962962962962963
2 0.6065104166666667 0.2050925925925926 0.011979166666666667 0.05648148148148148
2 0.5880208333333333 0.5601851851851852 0.028125 0.09259259259259259
2 0.7377604166666667 0.24351851851851852 0.019270833333333334 0.05925925925925926
2 0.27838541666666666 0.2212962962962963 0.015104166666666667 0.05925925925925926
2 0.31953125 0.3939814814814815 0.0203125 0.06944444444444445
2 0.4830729166666667 0.22870370370370371 0.016145833333333335 0.06111111111111111
2 0.46848958333333335 0.18194444444444444 0.013020833333333334 0.058333333333333334
2 0.41380208333333335 0.25925925925925924 0.022395833333333334 0.06111111111111111
2 0.184375 0.23935185185185184 0.027083333333333334 0.06018518518518518
2 0.52734375 0.4023148148148148 0.016145833333333335 0.08055555555555556
2 0.6747395833333333 0.6277777777777778 0.043229166666666666 0.09259259259259259
2 0.14765625 0.2449074074074074 0.025520833333333333 0.06759259259259259
2 0.48723958333333334 0.3277777777777778 0.0234375 0.06666666666666667
2 0.039322916666666666 0.06759259259259259 0.008854166666666666 0.03888888888888889
