2 0.79140625 0.4740740740740741 0.013020833333333334 0.04814814814814815
2 0.7411458333333333 0.65 0.020833333333333332 0.07222222222222222
2 0.9588541666666667 0.32037037037037036 0.011458333333333333 0.03888888888888889
2 0.8911458333333333 0.45787037037037037 0.017708333333333333 0.05462962962962963
2 0.12994791666666666 0.41388888888888886 0.0140625 0.04814814814814815
2 0.65390625 0.5541666666666667 0.025520833333333333 0.06759259259259259
2 0.9552083333333333 0.5856481481481481 0.016666666666666666 0.06574074074074074
2 0.6731770833333334 0.4217592592592593 0.0171875 0.05092592592592592
2 0.46510416666666665 0.5319444444444444 0.020833333333333332 0.05648148148148148
2 0.6690104166666667 0.33796296296296297 0.0109375 0.04259259259259259
2 0.7747395833333334 0.600925925925926 0.0265625 0.06851851851851852
2 0.7997395833333333 0.38287037037037036 0.011979166666666667 0.03981481481481482
2 0.48125 0.3587962962962963 0.017708333333333333 0.04537037037037037
2 0.5515625 0.5027777777777778 0.021875 0.05740740740740741
2 0.5856770833333333 0.37453703703703706 0.013020833333333334 0.04722222222222222
2 0.5434895833333333 0.3365740740740741 0.008854166666666666 0.03796296296296296
2 0.6229166666666667 0.3787037037037037 0.019791666666666666 0.046296296296296294
2 0.07630208333333334 0.4689814814814815 0.013020833333333334 0.05462962962962963
2 0.6799479166666667 0.5023148148148148 0.0203125 0.05277777777777778
2 0.9153645833333334 0.600462962962963 0.016145833333333335 0.06944444444444445
2 0.23697916666666666 0.3921296296296296 0.011458333333333333 0.04722222222222222
2 0.7109375 0.4101851851851852 0.020833333333333332 0.044444444444444446
2 0.20410937499999998 0.2388287037037037 0.010500000000000013 0.030916666666666655
