1 0.78984375 0.5273148148148148 0.0140625 0.058333333333333334
1 0.76796875 0.6564814814814814 0.0203125 0.07592592592592592
1 0.8786458333333333 0.3402777777777778 0.009375 0.03611111111111111
1 0.8734375 0.4824074074074074 0.022916666666666665 0.046296296296296294
1 0.1625 0.49953703703703706 0.015625 0.05462962962962963
1 0.6809895833333334 0.5875 0.011979166666666667 0.06759259259259259
1 0.8635416666666667 0.5944444444444444 0.026041666666666668 0.053703703703703705
1 0.678125 0.46111111111111114 0.015625 0.05
1 0.49244791666666665 0.6189814814814815 0.016145833333333335 0.06944444444444445
1 0.6703125 0.37916666666666665 0.011458333333333333 0.03796296296296296
1 0.8078125 0.6319444444444444 0.019791666666666666 0.06944444444444445
1 0.8018229166666667 0.43425925925925923 0.013020833333333334 0.05
1 0.4981770833333333 0.39351851851851855 0.0140625 0.046296296296296294
1 0.5934895833333333 0.5421296296296296 0.0203125 0.06018518518518518
1 0.5833333333333334 0.4236111111111111 0.0125 0.049074074074074076
1 0.5385416666666667 0.37962962962962965 0.009375 0.04259259259259259
1 0.6611979166666667 0.4162037037037037 0.013020833333333334 0.04537037037037037
1 0.09765625 0.5537037037037037 0.0140625 0.06111111111111111
1 0.7171875 0.549537037037037 0.011458333333333333 0.05648148148148148
1 0.8546875 0.5861111111111111 0.015625 0.06296296296296296
1 0.25833333333333336 0.4550925925925926 0.010416666666666666 0.05092592592592592
1 0.7859375 0.4625 0.015625 0.04351851851851852
0 0.8697916666666666 0.5402777777777777 0.007291666666666667 0.010185185185185186
1 0.20428125000000003 0.27941203703703704 0.009739583333333328 0.02637962962962964
