2 0.7625 0.475462962962963 0.011458333333333333 0.05462962962962963
2 0.76796875 0.6046296296296296 0.018229166666666668 0.07037037037037037
2 0.8018229166666667 0.2972222222222222 0.0078125 0.037037037037037035
2 0.859375 0.44212962962962965 0.015625 0.04351851851851852
2 0.18098958333333334 0.5212962962962963 0.015104166666666667 0.05925925925925926
2 0.6690104166666667 0.5597222222222222 0.021354166666666667 0.06574074074074074
2 0.8721354166666667 0.5328703703703703 0.025520833333333333 0.05277777777777778
2 0.6638020833333333 0.42453703703703705 0.0109375 0.04351851851851852
2 0.5270833333333333 0.6314814814814815 0.020833333333333332 0.06666666666666667
2 0.6671875 0.34814814814814815 0.008333333333333333 0.037037037037037035
2 0.8013020833333333 0.5824074074074074 0.0234375 0.06296296296296296
2 0.7932291666666667 0.40324074074074073 0.011458333333333333 0.049074074074074076
2 0.48411458333333335 0.36203703703703705 0.008854166666666666 0.044444444444444446
2 0.6002604166666666 0.5023148148148148 0.0171875 0.058333333333333334
2 0.57109375 0.40879629629629627 0.008854166666666666 0.049074074074074076
2 0.5166666666666667 0.35462962962962963 0.011458333333333333 0.040740740740740744
2 0.6669270833333333 0.3837962962962963 0.0109375 0.04537037037037037
2 0.14817708333333332 0.5421296296296296 0.021354166666666667 0.058333333333333334
2 0.70390625 0.5236111111111111 0.0171875 0.06018518518518518
2 0.8294270833333334 0.5189814814814815 0.0234375 0.05648148148148148
2 0.2518229166666667 0.45555555555555555 0.0140625 0.053703703703703705
2 0.8908854166666667 0.4912037037037037 0.021354166666666667 0.049074074074074076
2 0.17708333333333334 0.25972222222222224 0.00625 0.028703703703703703
