2 0.6744791666666666 0.42268518518518516 0.0125 0.04722222222222222
2 0.6911458333333333 0.5740740740740741 0.015625 0.06666666666666667
2 0.6895833333333333 0.2662037037037037 0.007291666666666667 0.03611111111111111
2 0.7861979166666667 0.3976851851851852 0.011979166666666667 0.04351851851851852
2 0.1109375 0.5560185185185185 0.021875 0.06388888888888888
2 0.5950520833333334 0.5263888888888889 0.0140625 0.06388888888888888
2 0.84140625 0.4888888888888889 0.024479166666666666 0.05555555555555555
2 0.5950520833333334 0.38796296296296295 0.013020833333333334 0.044444444444444446
2 0.503125 0.6226851851851852 0.014583333333333334 0.07314814814814814
2 0.596875 0.3199074074074074 0.009375 0.03796296296296296
2 0.7221354166666667 0.5458333333333333 0.021354166666666667 0.06018518518518518
2 0.7127604166666667 0.35555555555555557 0.009895833333333333 0.046296296296296294
2 0.390625 0.3472222222222222 0.007291666666666667 0.044444444444444446
2 0.5330729166666667 0.47824074074074074 0.0171875 0.05648148148148148
2 0.49661458333333336 0.3962962962962963 0.011979166666666667 0.05
2 0.4322916666666667 0.3384259259259259 0.011458333333333333 0.03981481481481482
2 0.5934895833333333 0.3541666666666667 0.0109375 0.04537037037037037
2 0.09427083333333333 0.5634259259259259 0.020833333333333332 0.06018518518518518
2 0.6307291666666667 0.4898148148148148 0.014583333333333334 0.05740740740740741
2 0.76171875 0.4666666666666667 0.0140625 0.05740740740740741
2 0.159375 0.47129629629629627 0.014583333333333334 0.05740740740740741
2 0.9184895833333333 0.49583333333333335 0.021354166666666667 0.058333333333333334
1 0.97421875 0.5282407407407408 0.005729166666666666 0.008333333333333333
2 0.06643489583333334 0.25443055555555555 0.009130208333333327 0.027009259259259275
