1 0.7916666666666666 0.5263888888888889 0.0125 0.05648148148148148
1 0.77109375 0.6550925925925926 0.018229166666666668 0.075
1 0.8770833333333333 0.3388888888888889 0.009375 0.037037037037037035
1 0.8752604166666667 0.4810185185185185 0.021354166666666667 0.04537037037037037
1 0.16328125 0.5 0.0140625 0.053703703703703705
1 0.68203125 0.587037037037037 0.011979166666666667 0.06851851851851852
1 0.8658854166666666 0.5939814814814814 0.025520833333333333 0.05277777777777778
1 0.6794270833333333 0.4601851851851852 0.0140625 0.05
1 0.49375 0.6212962962962963 0.01875 0.07222222222222222
1 0.6713541666666667 0.3787037037037037 0.013541666666666667 0.03888888888888889
1 0.8091145833333333 0.6310185185185185 0.018229166666666668 0.06944444444444445
1 0.8028645833333333 0.43333333333333335 0.011979166666666667 0.05
1 0.49947916666666664 0.3925925925925926 0.015625 0.044444444444444446
1 0.5955729166666667 0.5421296296296296 0.016145833333333335 0.06018518518518518
1 0.5833333333333334 0.425 0.0125 0.05
1 0.5388020833333333 0.37962962962962965 0.0109375 0.04259259259259259
1 0.6638020833333333 0.4152777777777778 0.0109375 0.04537037037037037
1 0.09947916666666666 0.5532407407407407 0.016666666666666666 0.062037037037037036
1 0.7190104166666667 0.5486111111111112 0.0140625 0.05648148148148148
1 0.8549479166666667 0.5842592592592593 0.0171875 0.06296296296296296
1 0.2598958333333333 0.4550925925925926 0.013541666666666667 0.05277777777777778
1 0.78984375 0.4615740740740741 0.018229166666666668 0.041666666666666664
0 0.8841145833333334 0.5638888888888889 0.0078125 0.012962962962962963
1 0.20453645833333337 0.2787268518518518 0.009739583333333328 0.02637962962962964
