2 0.7880208333333333 0.5055555555555555 0.016666666666666666 0.05740740740740741
2 0.7825520833333334 0.6305555555555555 0.022395833333333334 0.06851851851851852
2 0.8450520833333334 0.31574074074074077 0.0109375 0.037037037037037035
2 0.8776041666666666 0.4587962962962963 0.020833333333333332 0.04537037037037037
2 0.18229166666666666 0.5101851851851852 0.015625 0.05925925925925926
2 0.6888020833333334 0.5805555555555556 0.019270833333333334 0.07037037037037037
2 0.8731770833333333 0.5615740740740741 0.0265625 0.05462962962962963
2 0.68125 0.4425925925925926 0.014583333333333334 0.04814814814814815
2 0.5171875 0.6296296296296297 0.022916666666666665 0.07222222222222222
2 0.6791666666666667 0.36342592592592593 0.013541666666666667 0.03611111111111111
2 0.8190104166666666 0.6078703703703704 0.019270833333333334 0.06388888888888888
2 0.8067708333333333 0.4217592592592593 0.01875 0.05092592592592592
2 0.5049479166666667 0.37592592592592594 0.015104166666666667 0.044444444444444446
2 0.6104166666666667 0.5226851851851851 0.015625 0.058333333333333334
2 0.5838541666666667 0.41759259259259257 0.014583333333333334 0.05185185185185185
2 0.5361979166666667 0.3680555555555556 0.009895833333333333 0.041666666666666664
2 0.68046875 0.39861111111111114 0.011979166666666667 0.04537037037037037
2 0.13515625 0.5453703703703704 0.016145833333333335 0.06111111111111111
2 0.7190104166666667 0.5393518518518519 0.0203125 0.062037037037037036
2 0.8510416666666667 0.5509259259259259 0.022916666666666665 0.05925925925925926
2 0.2669270833333333 0.45416666666666666 0.0140625 0.05462962962962963
2 0.8541666666666666 0.475 0.022916666666666665 0.044444444444444446
1 0.9942708333333333 0.5351851851851852 0.007291666666666667 0.009259259259259259
2 0.19821875000000003 0.26565277777777774 0.009739583333333328 0.026379629629629586
