2 0.7854166666666667 0.5259259259259259 0.016666666666666666 0.05925925925925926
2 0.7598958333333333 0.6583333333333333 0.020833333333333332 0.07407407407407407
2 0.8809895833333333 0.3435185185185185 0.009895833333333333 0.037037037037037035
2 0.8705729166666667 0.4837962962962963 0.016145833333333335 0.04722222222222222
2 0.15182291666666667 0.4930555555555556 0.0140625 0.05462962962962963
2 0.6729166666666667 0.5902777777777778 0.022916666666666665 0.06574074074074074
2 0.86953125 0.5949074074074074 0.0203125 0.06574074074074074
2 0.6723958333333333 0.4625 0.0125 0.049074074074074076
2 0.484375 0.6171296296296296 0.017708333333333333 0.0712962962962963
2 0.6635416666666667 0.37824074074074077 0.013541666666666667 0.03981481481481482
2 0.8026041666666667 0.6305555555555555 0.014583333333333334 0.06666666666666667
2 0.7950520833333333 0.4305555555555556 0.0140625 0.05
2 0.49270833333333336 0.3958333333333333 0.0125 0.04537037037037037
2 0.584375 0.5425925925925926 0.014583333333333334 0.06111111111111111
2 0.5799479166666667 0.42314814814814816 0.008854166666666666 0.044444444444444446
2 0.5338541666666666 0.38055555555555554 0.010416666666666666 0.040740740740740744
2 0.6505208333333333 0.4166666666666667 0.013541666666666667 0.046296296296296294
2 0.08385416666666666 0.5518518518518518 0.022916666666666665 0.06296296296296296
2 0.7098958333333333 0.5476851851851852 0.016666666666666666 0.06018518518518518
2 0.8494791666666667 0.5921296296296297 0.019791666666666666 0.05648148148148148
2 0.2526041666666667 0.4532407407407407 0.015625 0.05277777777777778
2 0.76640625 0.45694444444444443 0.018229166666666668 0.03981481481481482
1 0.83125 0.4842592592592593 0.007291666666666667 0.009259259259259259
2 0.19976562499999997 0.28147685185185184 0.009739583333333328 0.02637962962962964
