1 0.77890625 0.5157407407407407 0.0140625 0.05555555555555555
1 0.7401041666666667 0.6574074074074074 0.020833333333333332 0.06851851851851852
1 0.896875 0.34074074074074073 0.0125 0.04259259259259259
1 0.8692708333333333 0.4824074074074074 0.020833333333333332 0.05185185185185185
1 0.13697916666666668 0.47129629629629627 0.016666666666666666 0.05185185185185185
1 0.6559895833333333 0.5800925925925926 0.0203125 0.06759259259259259
1 0.8848958333333333 0.5907407407407408 0.0125 0.06851851851851852
1 0.6630208333333333 0.45555555555555555 0.015625 0.05185185185185185
1 0.46875 0.5884259259259259 0.016666666666666666 0.06574074074074074
1 0.6536458333333334 0.36898148148148147 0.015625 0.03611111111111111
1 0.7830729166666667 0.6259259259259259 0.0171875 0.06851851851851852
1 0.7864583333333334 0.41898148148148145 0.010416666666666666 0.041666666666666664
1 0.48151041666666666 0.3907407407407407 0.015104166666666667 0.044444444444444446
1 0.56484375 0.5356481481481481 0.0203125 0.058333333333333334
1 0.5721354166666667 0.41388888888888886 0.015104166666666667 0.04814814814814815
1 0.5296875 0.37407407407407406 0.008333333333333333 0.037037037037037035
1 0.6302083333333334 0.41203703703703703 0.016666666666666666 0.046296296296296294
1 0.06692708333333333 0.5351851851851852 0.015104166666666667 0.05925925925925926
1 0.6890625 0.5356481481481481 0.014583333333333334 0.05462962962962963
1 0.8783854166666667 0.5967592592592592 0.013020833333333334 0.06018518518518518
1 0.23958333333333334 0.4375 0.0125 0.049074074074074076
1 0.7283854166666667 0.44305555555555554 0.0171875 0.03981481481481482
0 0.7161458333333334 0.34444444444444444 0.007291666666666667 0.011111111111111112
1 0.1968177083333333 0.2784861111111111 0.010500000000000013 0.02637962962962964
