2 0.7533854166666667 0.4671296296296296 0.013020833333333334 0.05277777777777778
2 0.7598958333333333 0.6 0.019791666666666666 0.07037037037037037
2 0.78984375 0.29212962962962963 0.0078125 0.03611111111111111
2 0.8528645833333334 0.43287037037037035 0.016145833333333335 0.04537037037037037
2 0.17734375 0.5208333333333334 0.0171875 0.06018518518518518
2 0.66015625 0.5555555555555556 0.021354166666666667 0.06481481481481481
2 0.8716145833333333 0.5259259259259259 0.0234375 0.05
2 0.6559895833333333 0.4203703703703704 0.013020833333333334 0.040740740740740744
2 0.5270833333333333 0.6259259259259259 0.01875 0.06666666666666667
2 0.659375 0.3449074074074074 0.010416666666666666 0.03981481481481482
2 0.7932291666666667 0.5777777777777777 0.021875 0.06296296296296296
2 0.7856770833333333 0.3962962962962963 0.011979166666666667 0.04259259259259259
2 0.475 0.3574074074074074 0.008333333333333333 0.044444444444444446
2 0.5940104166666667 0.49907407407407406 0.0140625 0.05740740740740741
2 0.5645833333333333 0.40370370370370373 0.009375 0.04814814814814815
2 0.5078125 0.35185185185185186 0.010416666666666666 0.040740740740740744
2 0.6623984375 0.3799722222222222 0.008744791666666647 0.04044444444444445
2 0.14661458333333333 0.5421296296296296 0.0140625 0.058333333333333334
2 0.6963541666666667 0.5175925925925926 0.016666666666666666 0.05925925925925926
2 0.82265625 0.5111111111111111 0.021354166666666667 0.05740740740740741
2 0.2453125 0.45416666666666666 0.013541666666666667 0.05277777777777778
2 0.8942708333333333 0.4898148148148148 0.022916666666666665 0.05
2 0.16848958333333333 0.25787037037037036 0.0067708333333333336 0.026851851851851852
