2 0.67421875 0.4152777777777778 0.0109375 0.04722222222222222
2 0.6809895833333334 0.6208333333333333 0.016145833333333335 0.07685185185185185
2 0.6401041666666667 0.2722222222222222 0.010416666666666666 0.03518518518518519
2 0.8278645833333333 0.40046296296296297 0.011979166666666667 0.041666666666666664
2 0.08151041666666667 0.6194444444444445 0.021354166666666667 0.05740740740740741
2 0.5986979166666667 0.5282407407407408 0.013020833333333334 0.06574074074074074
2 0.9744817708333334 0.5390972222222222 0.018265624999999966 0.05117592592592591
2 0.5739583333333333 0.3912037037037037 0.010416666666666666 0.04722222222222222
2 0.48515625 0.649537037037037 0.027604166666666666 0.08055555555555556
2 0.5791666666666667 0.31712962962962965 0.010416666666666666 0.03796296296296296
2 0.7015625 0.5962962962962963 0.014583333333333334 0.06481481481481481
2 0.6783854166666666 0.3388888888888889 0.008854166666666666 0.044444444444444446
2 0.359375 0.3587962962962963 0.010416666666666666 0.04722222222222222
2 0.5427083333333333 0.48703703703703705 0.017708333333333333 0.06111111111111111
2 0.4973958333333333 0.4236111111111111 0.010416666666666666 0.05277777777777778
2 0.40859375 0.3490740740740741 0.008854166666666666 0.044444444444444446
2 0.5903645833333333 0.3625 0.013020833333333334 0.04537037037037037
2 0.08098958333333334 0.6444444444444445 0.019270833333333334 0.07222222222222222
2 0.6294270833333333 0.49212962962962964 0.011979166666666667 0.058333333333333334
2 0.9934895833333334 0.49444444444444446 0.013020833333333334 0.05925925925925926
2 0.7877604166666666 0.47453703703703703 0.013020833333333334 0.05648148148148148
2 0.10911458333333333 0.525 0.018229166666666668 0.06851851851851852
