1 0.6559895833333333 0.4152777777777778 0.013020833333333334 0.04537037037037037
1 0.6752604166666667 0.6064814814814815 0.015104166666666667 0.07222222222222222
1 0.6354166666666666 0.27546296296296297 0.010416666666666666 0.032407407407407406
1 0.7921875 0.3962962962962963 0.014583333333333334 0.04259259259259259
1 0.08333333333333333 0.612037037037037 0.022916666666666665 0.06851851851851852
1 0.5807291666666666 0.5268518518518519 0.014583333333333334 0.06111111111111111
1 0.9205729166666666 0.5138888888888888 0.018229166666666668 0.05555555555555555
1 0.57265625 0.38981481481481484 0.013020833333333334 0.044444444444444446
1 0.48671875 0.6407407407407407 0.0265625 0.08518518518518518
1 0.5765625 0.32222222222222224 0.009375 0.03888888888888889
1 0.6947916666666667 0.5796296296296296 0.014583333333333334 0.06481481481481481
1 0.6705729166666666 0.3435185185185185 0.0078125 0.04259259259259259
1 0.35442708333333334 0.35833333333333334 0.008854166666666666 0.046296296296296294
1 0.5268229166666667 0.4837962962962963 0.0203125 0.062037037037037036
1 0.48489583333333336 0.41712962962962963 0.0125 0.05092592592592592
1 0.4044270833333333 0.35 0.008854166666666666 0.040740740740740744
1 0.5765625 0.3625 0.007291666666666667 0.04351851851851852
1 0.07473958333333333 0.6291666666666667 0.019270833333333334 0.0712962962962963
1 0.61640625 0.49166666666666664 0.008854166666666666 0.05740740740740741
1 0.9770833333333333 0.48657407407407405 0.011458333333333333 0.05648148148148148
1 0.7640625 0.462037037037037 0.013541666666666667 0.05185185185185185
1 0.1171875 0.5111111111111111 0.015625 0.06296296296296296
1 0.0036458333333333334 0.2800925925925926 0.007291666666666667 0.030555555555555555
