2 0.6502604166666667 0.4152777777777778 0.008854166666666666 0.04722222222222222
2 0.6705729166666666 0.5995370370370371 0.016145833333333335 0.06944444444444445
2 0.6372395833333333 0.2740740740740741 0.0078125 0.03333333333333333
2 0.77734375 0.39490740740740743 0.013020833333333334 0.03981481481481482
2 0.07864583333333333 0.6083333333333333 0.019791666666666666 0.07037037037037037
2 0.5768229166666666 0.5277777777777778 0.015104166666666667 0.06296296296296296
2 0.89140625 0.5050925925925925 0.021354166666666667 0.05462962962962963
2 0.5716145833333334 0.3888425925925926 0.008854166666666666 0.048240740740740765
2 0.49505208333333334 0.6412037037037037 0.0234375 0.08055555555555556
2 0.57578125 0.3226851851851852 0.0078125 0.03981481481481482
2 0.6947916666666667 0.5694444444444444 0.015625 0.06296296296296296
2 0.6713541666666667 0.34629629629629627 0.008333333333333333 0.04259259259259259
2 0.353125 0.3592592592592593 0.010416666666666666 0.046296296296296294
2 0.5223958333333333 0.4824074074074074 0.016666666666666666 0.06111111111111111
2 0.4796875 0.41435185185185186 0.009375 0.05092592592592592
2 0.40078125 0.35 0.0109375 0.040740740740740744
2 0.5705729166666667 0.3597222222222222 0.0067708333333333336 0.041666666666666664
2 0.06744791666666666 0.6203703703703703 0.018229166666666668 0.07222222222222222
2 0.6109375 0.49444444444444446 0.010416666666666666 0.05925925925925926
2 0.9724999999999999 0.4866898148148148 0.014156250000000033 0.056712962962962965
2 0.75078125 0.4597222222222222 0.0171875 0.05277777777777778
2 0.11901041666666666 0.5037037037037037 0.018229166666666668 0.05925925925925926
2 0.9955729166666667 0.5097222222222222 0.009895833333333333 0.049074074074074076
2 0.00546875 0.2777777777777778 0.0109375 0.03148148148148148
