2 0.6401041666666667 0.4162037037037037 0.011458333333333333 0.04351851851851852
2 0.6611979166666667 0.5861111111111111 0.019270833333333334 0.07222222222222222
2 0.63984375 0.26990740740740743 0.008854166666666666 0.03425925925925926
2 0.759375 0.3912037037037037 0.013541666666666667 0.041666666666666664
2 0.075 0.5939814814814814 0.022916666666666665 0.06574074074074074
2 0.5684895833333333 0.5268518518518519 0.0171875 0.06481481481481481
2 0.8473958333333333 0.487962962962963 0.021875 0.053703703703703705
2 0.56875 0.3861111111111111 0.0125 0.04259259259259259
2 0.4901041666666667 0.6393518518518518 0.022916666666666665 0.06944444444444445
2 0.5692708333333333 0.3212962962962963 0.007291666666666667 0.03518518518518519
2 0.68984375 0.5504629629629629 0.011979166666666667 0.05648148148148148
2 0.671875 0.34814814814814815 0.007291666666666667 0.044444444444444446
2 0.3489583333333333 0.35555555555555557 0.011458333333333333 0.044444444444444446
2 0.5114583333333333 0.47962962962962963 0.016666666666666666 0.05740740740740741
2 0.46953125 0.4078703703703704 0.0078125 0.05092592592592592
2 0.39609375 0.34629629629629627 0.008854166666666666 0.040740740740740744
2 0.5638020833333334 0.3584722222222222 0.0078125 0.04287037037037038
2 0.059375 0.6064814814814815 0.019791666666666666 0.06481481481481481
2 0.6018229166666667 0.4912037037037037 0.015104166666666667 0.05648148148148148
2 0.9610677083333333 0.4898148148148148 0.01953125 0.05925925925925926
2 0.7364583333333333 0.45787037037037037 0.013541666666666667 0.05462962962962963
2 0.11614583333333334 0.4976851851851852 0.019791666666666666 0.06018518518518518
2 0.9515625 0.5032407407407408 0.017708333333333333 0.058333333333333334
1 0.9700520833333334 0.5287037037037037 0.005729166666666666 0.009259259259259259
2 0.009677083333333333 0.275300925925926 0.009916666666666666 0.03745370370370369
