2 0.64609375 0.4162037037037037 0.009895833333333333 0.04722222222222222
2 0.6669270833333333 0.5953703703703703 0.015104166666666667 0.06851851851851852
2 0.6377604166666667 0.27314814814814814 0.0078125 0.03518518518518519
2 0.77109375 0.3939814814814815 0.013020833333333334 0.041666666666666664
2 0.07630208333333334 0.6037037037037037 0.019270833333333334 0.07037037037037037
2 0.5721354166666667 0.5268518518518519 0.0109375 0.06296296296296296
2 0.875 0.49907407407407406 0.022916666666666665 0.05555555555555555
2 0.5705729166666667 0.3888888888888889 0.0109375 0.046296296296296294
2 0.4940104166666667 0.6398148148148148 0.0203125 0.07777777777777778
2 0.5744791666666667 0.324537037037037 0.008333333333333333 0.03796296296296296
2 0.6934895833333333 0.5634259259259259 0.015104166666666667 0.062037037037037036
2 0.671875 0.34814814814814815 0.008333333333333333 0.04259259259259259
2 0.35104166666666664 0.3578703703703704 0.008333333333333333 0.04537037037037037
2 0.5166666666666667 0.48194444444444445 0.019791666666666666 0.058333333333333334
2 0.47552083333333334 0.4134259259259259 0.013541666666666667 0.05092592592592592
2 0.39921875 0.3490740740740741 0.0109375 0.040740740740740744
2 0.5671875 0.3611111111111111 0.008333333333333333 0.04259259259259259
2 0.06666666666666667 0.6148148148148148 0.019791666666666666 0.06666666666666667
2 0.6078125 0.4935185185185185 0.0125 0.05740740740740741
2 0.9682734375000001 0.4875 0.01647395833333339 0.058333333333333334
2 0.7463541666666667 0.4597222222222222 0.013541666666666667 0.05277777777777778
2 0.1171875 0.5018518518518519 0.015625 0.05925925925925926
2 0.9817708333333334 0.5115740740740741 0.015625 0.05277777777777778
2 0.00625 0.27685185185185185 0.011458333333333333 0.03148148148148148
