2 0.7177083333333333 0.4166666666666667 0.021875 0.046296296296296294
2 0.6729166666666667 0.6375 0.017708333333333333 0.0787037037037037
2 0.6486979166666667 0.26666666666666666 0.0109375 0.040740740740740744
2 0.8888020833333333 0.4083333333333333 0.0140625 0.05
2 0.08098958333333334 0.6611111111111111 0.025520833333333333 0.08148148148148149
2 0.6171875 0.5185185185185185 0.015625 0.06666666666666667
2 0.9877604166666667 0.5388888888888889 0.016145833333333335 0.06296296296296296
2 0.559375 0.39490740740740743 0.011458333333333333 0.049074074074074076
2 0.4596354166666667 0.674074074074074 0.0203125 0.08703703703703704
2 0.55703125 0.29953703703703705 0.0109375 0.03611111111111111
2 0.68984375 0.6212962962962963 0.0109375 0.07407407407407407
2 0.6799479166666667 0.32731481481481484 0.0109375 0.04537037037037037
2 0.35859375 0.35694444444444445 0.011979166666666667 0.049074074074074076
2 0.5546875 0.49537037037037035 0.010416666666666666 0.06481481481481481
2 0.5140625 0.43287037037037035 0.009375 0.058333333333333334
2 0.4005208333333333 0.3458333333333333 0.008333333333333333 0.04351851851851852
2 0.6151041666666667 0.3625 0.017708333333333333 0.04722222222222222
2 0.10729166666666666 0.6680555555555555 0.025 0.0787037037037037
2 0.6177083333333333 0.4824074074074074 0.013541666666666667 0.03518518518518519
2 0.8221354166666667 0.4976851851851852 0.0171875 0.062037037037037036
2 0.0796875 0.5560185185185185 0.020833333333333332 0.0712962962962963
1 0.9830364583333332 0.5265185185185185 0.006072916666666709 0.010925925925925884
