2 0.640625 0.4152777777777778 0.010416666666666666 0.04537037037037037
2 0.6625 0.5791666666666667 0.016666666666666666 0.06759259259259259
2 0.64296875 0.26805555555555555 0.008854166666666666 0.03425925925925926
2 0.7588541666666667 0.3875 0.009375 0.041666666666666664
2 0.07291666666666667 0.5898148148148148 0.019791666666666666 0.06481481481481481
2 0.5674479166666667 0.5254629629629629 0.013020833333333334 0.06388888888888888
2 0.8393229166666667 0.4861111111111111 0.0171875 0.05185185185185185
2 0.5690104166666666 0.3875 0.009895833333333333 0.04537037037037037
2 0.490625 0.6324074074074074 0.019791666666666666 0.07407407407407407
2 0.56796875 0.32175925925925924 0.008854166666666666 0.03796296296296296
2 0.68984375 0.5472222222222223 0.011979166666666667 0.05740740740740741
2 0.6744791666666666 0.3472222222222222 0.007291666666666667 0.044444444444444446
2 0.35130208333333335 0.3541666666666667 0.011979166666666667 0.04537037037037037
2 0.50703125 0.48009259259259257 0.0203125 0.058333333333333334
2 0.4674479166666667 0.4041666666666667 0.011979166666666667 0.049074074074074076
2 0.39765625 0.3453703703703704 0.0109375 0.03888888888888889
2 0.5630208333333333 0.3574074074074074 0.010416666666666666 0.040740740740740744
2 0.058854166666666666 0.5990740740740741 0.022916666666666665 0.06851851851851852
2 0.6020833333333333 0.4888888888888889 0.0125 0.05740740740740741
2 0.9610416666666667 0.49398148148148147 0.022708333333333285 0.06018518518518518
2 0.73359375 0.4583333333333333 0.016145833333333335 0.05185185185185185
2 0.11614583333333334 0.49444444444444446 0.015625 0.06296296296296296
2 0.9348958333333334 0.4986111111111111 0.014583333333333334 0.05648148148148148
1 0.9597395833333333 0.5254907407407408 0.005208333333333333 0.007407407407407408
2 0.012856770833333335 0.2695694444444444 0.009130208333333334 0.027009259259259275
