1 0.7135416666666666 0.4162037037037037 0.019791666666666666 0.04537037037037037
1 0.6752604166666667 0.6370370370370371 0.016145833333333335 0.07962962962962963
1 0.6484375 0.26666666666666666 0.010416666666666666 0.040740740740740744
1 0.8856770833333333 0.40879629629629627 0.0109375 0.049074074074074076
1 0.07942708333333333 0.6564814814814814 0.024479166666666666 0.08333333333333333
1 0.6174479166666667 0.5175925925925926 0.016145833333333335 0.06851851851851852
1 0.9927083333333333 0.538425925925926 0.013541666666666667 0.062037037037037036
1 0.5638020833333334 0.39444444444444443 0.011979166666666667 0.04814814814814815
1 0.4625 0.6699074074074074 0.014583333333333334 0.08425925925925926
1 0.5606770833333333 0.300462962962963 0.0140625 0.03796296296296296
1 0.6934895833333333 0.6208333333333333 0.016145833333333335 0.0712962962962963
1 0.6817708333333333 0.32731481481481484 0.009375 0.04537037037037037
1 0.35911458333333335 0.35555555555555557 0.0109375 0.05
1 0.5549479166666667 0.49537037037037035 0.008854166666666666 0.06481481481481481
1 0.5130208333333334 0.4324074074074074 0.009375 0.05925925925925926
1 0.403125 0.3458333333333333 0.010416666666666666 0.04351851851851852
1 0.61328125 0.3625 0.0171875 0.04722222222222222
1 0.10286458333333333 0.6652777777777777 0.022395833333333334 0.08055555555555556
1 0.6208333333333333 0.4837962962962963 0.013541666666666667 0.041666666666666664
1 0.8197916666666667 0.49537037037037035 0.013541666666666667 0.06296296296296296
1 0.08385416666666666 0.5546296296296296 0.023958333333333335 0.07407407407407407
0 0.9898828124999999 0.5316759259259259 0.006296874999999957 0.011111111111111112
