2 0.6549479166666666 0.41574074074074074 0.0140625 0.046296296296296294
2 0.6752604166666667 0.6050925925925926 0.015104166666666667 0.06944444444444445
2 0.6354166666666666 0.275 0.010416666666666666 0.03333333333333333
2 0.78984375 0.3958333333333333 0.015104166666666667 0.041666666666666664
2 0.08177083333333333 0.612037037037037 0.020833333333333332 0.06851851851851852
2 0.5796875 0.5268518518518519 0.015625 0.06111111111111111
2 0.915625 0.5125 0.021875 0.05648148148148148
2 0.5734375 0.3888888888888889 0.0125 0.046296296296296294
2 0.4875 0.6412037037037037 0.027083333333333334 0.08611111111111111
2 0.5768229166666666 0.3226851851851852 0.008854166666666666 0.03981481481481482
2 0.6947916666666667 0.5777777777777777 0.014583333333333334 0.06481481481481481
2 0.6705729166666666 0.3449074074074074 0.0078125 0.04351851851851852
2 0.35390625 0.3587962962962963 0.0078125 0.04537037037037037
2 0.52578125 0.4842592592592593 0.0203125 0.06111111111111111
2 0.484375 0.41712962962962963 0.013541666666666667 0.05092592592592592
2 0.40390625 0.35 0.0078125 0.040740740740740744
2 0.5760416666666667 0.3625 0.008333333333333333 0.04351851851851852
2 0.07395833333333333 0.6291666666666667 0.019791666666666666 0.0712962962962963
2 0.615625 0.49212962962962964 0.009375 0.058333333333333334
2 0.9763020833333333 0.48657407407407405 0.011979166666666667 0.05648148148148148
2 0.7627604166666667 0.4615740740740741 0.013020833333333334 0.05277777777777778
2 0.11770833333333333 0.5101851851851852 0.015625 0.06296296296296296
2 0.004166666666666667 0.2796296296296296 0.008333333333333333 0.03148148148148148
