2 0.7078125 0.4148148148148148 0.016666666666666666 0.046296296296296294
2 0.6765625 0.6365740740740741 0.016666666666666666 0.08055555555555556
2 0.6481770833333333 0.26666666666666666 0.009895833333333333 0.040740740740740744
2 0.8825520833333333 0.4078703703703704 0.011979166666666667 0.049074074074074076
2 0.07890625 0.6523148148148148 0.021354166666666667 0.08055555555555556
2 0.6182291666666667 0.5171296296296296 0.017708333333333333 0.0712962962962963
2 0.9940104166666667 0.5398148148148149 0.0109375 0.05925925925925926
2 0.565625 0.39444444444444443 0.015625 0.04814814814814815
2 0.46484375 0.6662037037037037 0.0140625 0.08055555555555556
2 0.5627604166666667 0.300462962962963 0.011979166666666667 0.03796296296296296
2 0.69453125 0.6194444444444445 0.0171875 0.06851851851851852
2 0.6828125 0.32731481481481484 0.009375 0.04537037037037037
2 0.359375 0.35555555555555557 0.011458333333333333 0.05
2 0.5552083333333333 0.4949074074074074 0.008333333333333333 0.06574074074074074
2 0.5125 0.43194444444444446 0.009375 0.06018518518518518
2 0.40520833333333334 0.3458333333333333 0.0125 0.04351851851851852
2 0.6127604166666667 0.36157407407407405 0.016145833333333335 0.04722222222222222
2 0.09921875 0.6625 0.019270833333333334 0.07685185185185185
2 0.6229166666666667 0.4925925925925926 0.013541666666666667 0.05925925925925926
2 0.8205729166666667 0.4912037037037037 0.015104166666666667 0.062037037037037036
2 0.08515625 0.5513888888888889 0.021354166666666667 0.07314814814814814
1 0.9923984375 0.5344259259259259 0.006296875000000076 0.011111111111111112
