1 0.6653645833333334 0.4152777777777778 0.009895833333333333 0.04722222222222222
1 0.6786458333333333 0.6152777777777778 0.016666666666666666 0.075
1 0.6369791666666667 0.27361111111111114 0.007291666666666667 0.032407407407407406
1 0.8083333333333333 0.39537037037037037 0.015625 0.04259259259259259
1 0.08177083333333333 0.6189814814814815 0.021875 0.06944444444444445
1 0.5888020833333333 0.5277777777777778 0.013020833333333334 0.06481481481481481
1 0.9515625 0.524537037037037 0.015625 0.058333333333333334
1 0.57265625 0.3902777777777778 0.013020833333333334 0.04351851851851852
1 0.48463541666666665 0.6416666666666667 0.0265625 0.08148148148148149
1 0.5763020833333333 0.31666666666666665 0.0078125 0.03888888888888889
1 0.6979166666666666 0.5851851851851851 0.013541666666666667 0.06111111111111111
1 0.6729166666666667 0.34074074074074073 0.008333333333333333 0.04259259259259259
1 0.35651041666666666 0.35833333333333334 0.013020833333333334 0.046296296296296294
1 0.5346354166666667 0.48333333333333334 0.013020833333333334 0.06296296296296296
1 0.49140625 0.4199074074074074 0.009895833333333333 0.05277777777777778
1 0.40546875 0.3490740740740741 0.008854166666666666 0.04259259259259259
1 0.58203125 0.36157407407407405 0.0078125 0.04537037037037037
1 0.07942708333333333 0.6361111111111111 0.022395833333333334 0.07037037037037037
1 0.62265625 0.49212962962962964 0.011979166666666667 0.058333333333333334
1 0.982171875 0.4886898148148149 0.01885416666666657 0.05960185185185186
1 0.7763020833333333 0.46435185185185185 0.009895833333333333 0.05462962962962963
1 0.1125 0.5166666666666667 0.019791666666666666 0.06666666666666667
