2 0.7057291666666666 0.4152777777777778 0.016666666666666666 0.04722222222222222
2 0.6770833333333334 0.6361111111111111 0.017708333333333333 0.08148148148148149
2 0.64765625 0.26666666666666666 0.009895833333333333 0.040740740740740744
2 0.8796875 0.40694444444444444 0.013541666666666667 0.049074074074074076
2 0.07760416666666667 0.65 0.01875 0.07777777777777778
2 0.6177083333333333 0.5175925925925926 0.016666666666666666 0.07222222222222222
2 0.9950520833333333 0.5412037037037037 0.008854166666666666 0.05648148148148148
2 0.56640625 0.39444444444444443 0.016145833333333335 0.04814814814814815
2 0.46770833333333334 0.6648148148148149 0.017708333333333333 0.07962962962962963
2 0.5651041666666666 0.300462962962963 0.008333333333333333 0.03796296296296296
2 0.6963541666666667 0.6171296296296296 0.017708333333333333 0.06759259259259259
2 0.6830729166666667 0.32916666666666666 0.009895833333333333 0.04722222222222222
2 0.35989583333333336 0.3560185185185185 0.011458333333333333 0.05092592592592592
2 0.5552083333333333 0.4935185185185185 0.008333333333333333 0.06666666666666667
2 0.5122395833333333 0.4305555555555556 0.008854166666666666 0.05925925925925926
2 0.40598958333333335 0.3458333333333333 0.013020833333333334 0.04351851851851852
2 0.6122395833333333 0.36157407407407405 0.015104166666666667 0.04722222222222222
2 0.0984375 0.6615740740740741 0.021875 0.07685185185185185
2 0.6255208333333333 0.49166666666666664 0.015625 0.05740740740740741
2 0.8184895833333333 0.48842592592592593 0.013020833333333334 0.06018518518518518
2 0.08645833333333333 0.5472222222222223 0.019791666666666666 0.07222222222222222
1 0.9956875000000001 0.5371759259259259 0.006302083333333286 0.011111111111111112
