2 0.6796875 0.4148148148148148 0.009375 0.046296296296296294
2 0.6822916666666666 0.6236111111111111 0.016666666666666666 0.07685185185185185
2 0.6424479166666667 0.2722222222222222 0.0109375 0.037037037037037035
2 0.83515625 0.40185185185185185 0.0140625 0.04259259259259259
2 0.08177083333333333 0.6199074074074075 0.021875 0.049074074074074076
2 0.6036458333333333 0.5277777777777778 0.0125 0.06481481481481481
2 0.9822421875 0.5420462962962963 0.01811979166666665 0.04887037037037034
2 0.5744791666666667 0.3925925925925926 0.009375 0.04814814814814815
2 0.4856770833333333 0.6527777777777778 0.027604166666666666 0.07962962962962963
2 0.58046875 0.31574074074074077 0.011979166666666667 0.03888888888888889
2 0.7044270833333334 0.6013888888888889 0.0140625 0.06574074074074074
2 0.6809895833333334 0.33935185185185185 0.008854166666666666 0.04537037037037037
2 0.3609375 0.3597222222222222 0.009375 0.04722222222222222
2 0.5463541666666667 0.4888888888888889 0.01875 0.06111111111111111
2 0.50078125 0.425 0.009895833333333333 0.053703703703703705
2 0.40989583333333335 0.3490740740740741 0.009375 0.044444444444444446
2 0.5950520833333334 0.362962962962963 0.013020833333333334 0.046296296296296294
2 0.08203125 0.649074074074074 0.019270833333333334 0.07592592592592592
2 0.6317708333333333 0.49398148148148147 0.0125 0.06018518518518518
2 0.9966145833333333 0.500462962962963 0.008854166666666666 0.05648148148148148
2 0.7940104166666667 0.47824074074074074 0.015104166666666667 0.05648148148148148
2 0.10833333333333334 0.5282407407407408 0.01875 0.06759259259259259
