1 0.8291666666666667 0.44305555555555554 0.017708333333333333 0.04537037037037037
1 0.6291666666666667 0.6277777777777778 0.027083333333333334 0.07962962962962963
1 0.6596354166666667 0.2773148148148148 0.008854166666666666 0.03611111111111111
1 0.8963541666666667 0.4041666666666667 0.014583333333333334 0.049074074074074076
1 0.1390625 0.6833333333333333 0.01875 0.08148148148148149
1 0.5934895833333333 0.5277777777777778 0.0140625 0.06666666666666667
1 0.9567708333333333 0.5407407407407407 0.019791666666666666 0.06666666666666667
1 0.5348958333333333 0.3962962962962963 0.009375 0.05
1 0.4153645833333333 0.6837962962962963 0.028645833333333332 0.08611111111111111
1 0.5106770833333333 0.2833333333333333 0.0109375 0.04259259259259259
1 0.632734375 0.6202824074074074 0.021718750000000023 0.07741666666666668
1 0.6536458333333334 0.32175925925925924 0.013541666666666667 0.04351851851851852
1 0.30859375 0.36342592592592593 0.0140625 0.049074074074074076
1 0.5104166666666666 0.4648148148148148 0.016666666666666666 0.05925925925925926
1 0.5018229166666667 0.4324074074074074 0.0109375 0.05555555555555555
1 0.3497395833333333 0.3398148148148148 0.009895833333333333 0.04259259259259259
1 0.6096354166666667 0.3625 0.008854166666666666 0.04722222222222222
1 0.184375 0.6856481481481481 0.019791666666666666 0.0787037037037037
1 0.5765625 0.5199074074074074 0.011458333333333333 0.06018518518518518
1 0.7856770833333333 0.49953703703703706 0.0234375 0.058333333333333334
1 0.06536458333333334 0.5796296296296296 0.0140625 0.07592592592592592
1 0.9338541666666667 0.44027777777777777 0.015625 0.05277777777777778
0 0.8190104166666666 0.4601851851851852 0.0046875 0.007407407407407408
