1 0.8286458333333333 0.44166666666666665 0.017708333333333333 0.05
1 0.6345572916666666 0.6298611111111111 0.01911458333333336 0.07731481481481481
1 0.6596354166666667 0.2773148148148148 0.009895833333333333 0.03611111111111111
1 0.89921875 0.40555555555555556 0.013020833333333334 0.046296296296296294
1 0.13463541666666667 0.6833333333333333 0.0234375 0.08148148148148149
1 0.5981770833333333 0.5324074074074074 0.016145833333333335 0.06666666666666667
1 0.9611979166666667 0.5407407407407407 0.0234375 0.06666666666666667
1 0.53828125 0.3972222222222222 0.0078125 0.05
1 0.42135416666666664 0.6884259259259259 0.022916666666666665 0.08425925925925926
1 0.51640625 0.2865740740740741 0.013020833333333334 0.04351851851851852
1 0.6411744791666667 0.6144768518518519 0.01910937500000003 0.08136111111111112
1 0.6596354166666667 0.32222222222222224 0.009895833333333333 0.046296296296296294
1 0.3203125 0.36342592592592593 0.015625 0.049074074074074076
1 0.5197916666666667 0.46944444444444444 0.015625 0.05925925925925926
1 0.5075520833333333 0.4337962962962963 0.013020833333333334 0.05277777777777778
1 0.35911458333333335 0.3416666666666667 0.009895833333333333 0.04259259259259259
1 0.61953125 0.36527777777777776 0.0140625 0.04722222222222222
1 0.18255208333333334 0.6842592592592592 0.022395833333333334 0.07962962962962963
1 0.5828125 0.5189814814814815 0.015625 0.062037037037037036
1 0.7940104166666667 0.5009259259259259 0.018229166666666668 0.05555555555555555
1 0.06875 0.5893518518518519 0.013541666666666667 0.07685185185185185
1 0.9541666666666667 0.4476851851851852 0.015625 0.05648148148148148
0 0.8219791666666667 0.46305555555555555 0.004999999999999952 0.008518518518518509
