2 0.8255208333333334 0.44027777777777777 0.014583333333333334 0.05092592592592592
2 0.6402526041666666 0.6299120370370371 0.020088541666666633 0.07852777777777784
2 0.659375 0.2773148148148148 0.010416666666666666 0.03611111111111111
2 0.9010416666666666 0.4050925925925926 0.010416666666666666 0.049074074074074076
2 0.13229166666666667 0.6810185185185185 0.020833333333333332 0.0824074074074074
2 0.6 0.5319444444444444 0.015625 0.06574074074074074
2 0.9619791666666667 0.5407407407407407 0.021875 0.06666666666666667
2 0.5408854166666667 0.3972222222222222 0.0109375 0.05
2 0.42421875 0.6856481481481481 0.018229166666666668 0.08611111111111111
2 0.5184895833333333 0.28888888888888886 0.0109375 0.040740740740740744
2 0.6436197916666667 0.614736111111111 0.012656250000000095 0.07867592592592595
2 0.66171875 0.325 0.009895833333333333 0.044444444444444446
2 0.32421875 0.362962962962963 0.013020833333333334 0.04814814814814815
2 0.5247395833333334 0.4703703703703704 0.0171875 0.05925925925925926
2 0.5098958333333333 0.4356481481481482 0.011458333333333333 0.05648148148148148
2 0.3640625 0.34120370370370373 0.011458333333333333 0.04351851851851852
2 0.6216145833333333 0.3662037037037037 0.013020833333333334 0.04722222222222222
2 0.17890625 0.6833333333333333 0.019270833333333334 0.08333333333333333
2 0.58359375 0.5185185185185185 0.016145833333333335 0.06111111111111111
2 0.7997395833333333 0.5027777777777778 0.016145833333333335 0.05555555555555555
2 0.07005208333333333 0.5879629629629629 0.013020833333333334 0.07592592592592592
2 0.9635416666666666 0.45231481481481484 0.013541666666666667 0.05462962962962963
1 0.82234375 0.45871296296296293 0.006979166666666595 0.008722222222222237
