2 0.78125 0.43425925925925923 0.016666666666666666 0.046296296296296294
2 0.6575520833333334 0.6402777777777777 0.021354166666666667 0.08055555555555556
2 0.6557291666666667 0.27361111111111114 0.008333333333333333 0.03796296296296296
2 0.9 0.41435185185185186 0.014583333333333334 0.049074074074074076
2 0.10364583333333334 0.6712962962962963 0.020833333333333332 0.08148148148148149
2 0.6078125 0.5263888888888889 0.015625 0.06574074074074074
2 0.9721354166666667 0.5435185185185185 0.0171875 0.06666666666666667
2 0.5520833333333334 0.40185185185185185 0.013541666666666667 0.05185185185185185
2 0.4440104166666667 0.6800925925925926 0.025520833333333333 0.08425925925925926
2 0.5375 0.2962962962962963 0.007291666666666667 0.040740740740740744
2 0.6723958333333333 0.6194444444444445 0.014583333333333334 0.07037037037037037
2 0.6755208333333333 0.325 0.009375 0.044444444444444446
2 0.35208333333333336 0.3597222222222222 0.0125 0.049074074074074076
2 0.5432291666666667 0.49212962962962964 0.015625 0.062037037037037036
2 0.5208333333333334 0.4361111111111111 0.010416666666666666 0.05740740740740741
2 0.39296875 0.34675925925925927 0.013020833333333334 0.04351851851851852
2 0.6322916666666667 0.37083333333333335 0.014583333333333334 0.04722222222222222
2 0.14322916666666666 0.6787037037037037 0.020833333333333332 0.08148148148148149
2 0.6036458333333333 0.5060185185185185 0.0125 0.06018518518518518
2 0.821875 0.5111111111111111 0.01875 0.06481481481481481
2 0.07265625 0.5824074074074074 0.019270833333333334 0.07592592592592592
1 0.925 0.49166666666666664 0.00625 0.009259259259259259
