2 0.8252604166666667 0.4393518518518518 0.0140625 0.04722222222222222
2 0.6236979166666666 0.624537037037037 0.0171875 0.0787037037037037
2 0.66015625 0.2773148148148148 0.008854166666666666 0.03611111111111111
2 0.8893229166666666 0.399537037037037 0.013020833333333334 0.04722222222222222
2 0.14557291666666666 0.6847222222222222 0.024479166666666666 0.08055555555555556
2 0.5880208333333333 0.5282407407407408 0.015625 0.06574074074074074
2 0.9567708333333333 0.5416666666666666 0.017708333333333333 0.06666666666666667
2 0.5317708333333333 0.39305555555555555 0.008333333333333333 0.05092592592592592
2 0.40130208333333334 0.674074074074074 0.0203125 0.08333333333333333
2 0.5067708333333333 0.28055555555555556 0.0125 0.04259259259259259
2 0.63125 0.6236111111111111 0.0125 0.075
2 0.6473958333333333 0.3199074074074074 0.011458333333333333 0.03981481481481482
2 0.2984375 0.36435185185185187 0.014583333333333334 0.04722222222222222
2 0.5065104166666666 0.45601851851851855 0.015104166666666667 0.05648148148148148
2 0.49583333333333335 0.43287037037037035 0.011458333333333333 0.05462962962962963
2 0.34296875 0.33796296296296297 0.011979166666666667 0.040740740740740744
2 0.6036458333333333 0.36203703703703705 0.014583333333333334 0.044444444444444446
2 0.18515625 0.687037037037037 0.0203125 0.07962962962962963
2 0.57265625 0.5254629629629629 0.0140625 0.06388888888888888
2 0.7822916666666667 0.49675925925925923 0.017708333333333333 0.058333333333333334
2 0.06328125 0.5763888888888888 0.015104166666666667 0.075
2 0.9182291666666667 0.4324074074074074 0.015625 0.05185185185185185
1 0.8184895833333333 0.4587962962962963 0.0046875 0.008333333333333333
