1 0.79140625 0.4375 0.009895833333333333 0.04722222222222222
1 0.65625 0.6407407407407407 0.022916666666666665 0.08148148148148149
1 0.6572916666666667 0.274537037037037 0.008333333333333333 0.03611111111111111
1 0.9015625 0.4148148148148148 0.014583333333333334 0.05
1 0.10807291666666667 0.6722222222222223 0.022395833333333334 0.07962962962962963
1 0.60625 0.5259259259259259 0.014583333333333334 0.06481481481481481
1 0.9729166666666667 0.5439814814814815 0.015625 0.06759259259259259
1 0.5520833333333334 0.40185185185185185 0.0125 0.05185185185185185
1 0.44036458333333334 0.6800925925925926 0.021354166666666667 0.08611111111111111
1 0.5369791666666667 0.2953703703703704 0.007291666666666667 0.040740740740740744
1 0.6708333333333333 0.6189814814814815 0.0125 0.0712962962962963
1 0.67421875 0.32546296296296295 0.0109375 0.04351851851851852
1 0.35130208333333335 0.3597222222222222 0.0109375 0.049074074074074076
1 0.5401041666666667 0.49212962962962964 0.015625 0.06388888888888888
1 0.5216145833333333 0.43657407407407406 0.011979166666666667 0.058333333333333334
1 0.38958333333333334 0.34675925925925927 0.009375 0.04537037037037037
1 0.634375 0.37222222222222223 0.014583333333333334 0.046296296296296294
1 0.14973958333333334 0.6787037037037037 0.025520833333333333 0.07777777777777778
1 0.6028645833333334 0.5097222222222222 0.011979166666666667 0.062037037037037036
1 0.8205729166666667 0.5115740740740741 0.021354166666666667 0.06574074074074074
1 0.075 0.5824074074074074 0.019791666666666666 0.07592592592592592
0 0.9080729166666667 0.49212962962962964 0.005729166666666666 0.008333333333333333
