2 0.7375 0.4203703703703704 0.016666666666666666 0.04259259259259259
2 0.665625 0.6388888888888888 0.022916666666666665 0.07777777777777778
2 0.6505208333333333 0.26851851851851855 0.009375 0.040740740740740744
2 0.8934895833333333 0.4111111111111111 0.016145833333333335 0.05
2 0.08854166666666667 0.663425925925926 0.021875 0.0787037037037037
2 0.6166666666666667 0.5226851851851851 0.014583333333333334 0.06388888888888888
2 0.9739583333333334 0.5365740740740741 0.020833333333333332 0.0712962962962963
2 0.5557291666666667 0.399537037037037 0.014583333333333334 0.05092592592592592
2 0.4518229166666667 0.6768518518518518 0.025520833333333333 0.08518518518518518
2 0.54765625 0.29768518518518516 0.009895833333333333 0.03796296296296296
2 0.6815104166666667 0.6208333333333333 0.0171875 0.07314814814814814
2 0.6768229166666667 0.324537037037037 0.008854166666666666 0.04351851851851852
2 0.3567708333333333 0.3578703703703704 0.0125 0.049074074074074076
2 0.5505208333333333 0.49722222222222223 0.016666666666666666 0.06296296296296296
2 0.51640625 0.4337962962962963 0.0109375 0.05648148148148148
2 0.39765625 0.3458333333333333 0.0109375 0.04351851851851852
2 0.6203125 0.36666666666666664 0.016666666666666666 0.04814814814814815
2 0.11822916666666666 0.6717592592592593 0.01875 0.0787037037037037
2 0.6125 0.4981481481481482 0.015625 0.06111111111111111
2 0.8213541666666667 0.5013888888888889 0.013541666666666667 0.06388888888888888
2 0.07421875 0.5671296296296297 0.018229166666666668 0.075
1 0.9820572916666668 0.5036759259259259 0.00557291666666669 0.009166666666666646
