2 0.8088541666666667 0.4439814814814815 0.011458333333333333 0.049074074074074076
2 0.65234375 0.6407407407407407 0.0203125 0.08333333333333333
2 0.6596354166666667 0.27546296296296297 0.0078125 0.03796296296296296
2 0.9044270833333333 0.4148148148148148 0.016145833333333335 0.05185185185185185
2 0.115625 0.674537037037037 0.01875 0.0787037037037037
2 0.6033854166666667 0.5337962962962963 0.018229166666666668 0.06759259259259259
2 0.9744791666666667 0.5430555555555555 0.010416666666666666 0.0712962962962963
2 0.5510416666666667 0.40185185185185185 0.011458333333333333 0.05185185185185185
2 0.4361979166666667 0.6828703703703703 0.0203125 0.08611111111111111
2 0.53359375 0.2962962962962963 0.0109375 0.03888888888888889
2 0.66640625 0.6203703703703703 0.013020833333333334 0.07222222222222222
2 0.67265625 0.32546296296296295 0.011979166666666667 0.04351851851851852
2 0.34765625 0.3611111111111111 0.011979166666666667 0.04814814814814815
2 0.53828125 0.48518518518518516 0.011979166666666667 0.06296296296296296
2 0.5213541666666667 0.4361111111111111 0.0125 0.05740740740740741
2 0.38515625 0.34675925925925927 0.008854166666666666 0.04351851851851852
2 0.6361979166666667 0.37407407407407406 0.015104166666666667 0.044444444444444446
2 0.159375 0.6810185185185185 0.017708333333333333 0.08055555555555556
2 0.60078125 0.5111111111111111 0.013020833333333334 0.06111111111111111
2 0.8177083333333334 0.5125 0.023958333333333335 0.06388888888888888
2 0.08151041666666667 0.5833333333333334 0.024479166666666666 0.07407407407407407
1 0.8700520833333333 0.4912037037037037 0.0046875 0.008333333333333333
