2 0.8213541666666667 0.4425925925925926 0.015625 0.04814814814814815
2 0.6138020833333333 0.6287037037037037 0.024479166666666666 0.07962962962962963
2 0.6630208333333333 0.2773148148148148 0.008333333333333333 0.03796296296296296
2 0.8830729166666667 0.3990740740740741 0.009895833333333333 0.044444444444444446
2 0.14791666666666667 0.6884259259259259 0.023958333333333335 0.08425925925925926
2 0.58203125 0.5268518518518519 0.015104166666666667 0.06666666666666667
2 0.9567708333333333 0.5476851851851852 0.01875 0.06388888888888888
2 0.5296875 0.39444444444444443 0.008333333333333333 0.05
2 0.39114583333333336 0.6763888888888889 0.026041666666666668 0.0787037037037037
2 0.5036458333333333 0.27824074074074073 0.0125 0.03981481481481482
2 0.6307291666666667 0.6217592592592592 0.013541666666666667 0.0712962962962963
2 0.6421875 0.3162037037037037 0.011458333333333333 0.041666666666666664
2 0.2864583333333333 0.36527777777777776 0.015625 0.049074074074074076
2 0.5 0.4532407407407407 0.019791666666666666 0.05277777777777778
2 0.49296875 0.4310185185185185 0.008854166666666666 0.05092592592592592
2 0.3341145833333333 0.3375 0.013020833333333334 0.041666666666666664
2 0.5955729166666667 0.3597222222222222 0.009895833333333333 0.04722222222222222
2 0.18463541666666666 0.6921296296296297 0.024479166666666666 0.0787037037037037
2 0.56796875 0.5282407407407408 0.013020833333333334 0.06388888888888888
2 0.7736979166666667 0.4986111111111111 0.022395833333333334 0.05648148148148148
2 0.06197916666666667 0.5731481481481482 0.016666666666666666 0.07592592592592592
2 0.9 0.425462962962963 0.021875 0.04722222222222222
1 0.8193854166666666 0.46344444444444444 0.005208333333333333 0.007407407407407408
