1 0.7890625 0.43703703703703706 0.009375 0.046296296296296294
1 0.6567708333333333 0.6402777777777777 0.022916666666666665 0.08055555555555556
1 0.6567708333333333 0.2740740740740741 0.008333333333333333 0.037037037037037035
1 0.9010416666666666 0.4148148148148148 0.014583333333333334 0.05
1 0.10703125 0.6722222222222223 0.022395833333333334 0.07962962962962963
1 0.60625 0.5263888888888889 0.014583333333333334 0.06574074074074074
1 0.97265625 0.5439814814814815 0.016145833333333335 0.06759259259259259
1 0.5518229166666667 0.40185185185185185 0.013020833333333334 0.05185185185185185
1 0.44088541666666664 0.6800925925925926 0.022395833333333334 0.08611111111111111
1 0.5369791666666667 0.2953703703703704 0.007291666666666667 0.040740740740740744
1 0.67109375 0.6194444444444445 0.013020833333333334 0.07037037037037037
1 0.6744791666666666 0.325 0.010416666666666666 0.044444444444444446
1 0.3515625 0.3597222222222222 0.011458333333333333 0.049074074074074076
1 0.540625 0.49212962962962964 0.015625 0.06388888888888888
1 0.5213541666666667 0.4361111111111111 0.011458333333333333 0.05740740740740741
1 0.39010416666666664 0.34675925925925927 0.010416666666666666 0.04351851851851852
1 0.63359375 0.37175925925925923 0.0140625 0.04722222222222222
1 0.14817708333333332 0.6787037037037037 0.024479166666666666 0.07777777777777778
1 0.6028645833333334 0.5087962962962963 0.011979166666666667 0.062037037037037036
1 0.82109375 0.5111111111111111 0.021354166666666667 0.06481481481481481
1 0.07395833333333333 0.5824074074074074 0.01875 0.07592592592592592
0 0.91328125 0.49212962962962964 0.005729166666666666 0.008333333333333333
