1 0.8263020833333333 0.44074074074074077 0.015104166666666667 0.046296296296296294
1 0.62734375 0.6273148148148148 0.024479166666666666 0.0787037037037037
1 0.6596354166666667 0.2773148148148148 0.008854166666666666 0.03611111111111111
1 0.8927083333333333 0.4023148148148148 0.014583333333333334 0.04722222222222222
1 0.14322916666666666 0.6842592592592592 0.023958333333333335 0.08148148148148149
1 0.590625 0.5273148148148148 0.013541666666666667 0.06574074074074074
1 0.95703125 0.5407407407407407 0.018229166666666668 0.06666666666666667
1 0.53359375 0.39537037037037037 0.008854166666666666 0.05
1 0.4078125 0.6791666666666667 0.025 0.08611111111111111
1 0.5088541666666667 0.28194444444444444 0.011458333333333333 0.04351851851851852
1 0.632515625 0.6252685185185185 0.017708333333333333 0.07777777777777778
1 0.6513020833333333 0.3212962962962963 0.0140625 0.040740740740740744
1 0.30234375 0.3638888888888889 0.0109375 0.04814814814814815
1 0.5088541666666667 0.46064814814814814 0.014583333333333334 0.058333333333333334
1 0.4984375 0.43287037037037035 0.011458333333333333 0.05462962962962963
1 0.34713541666666664 0.3384259259259259 0.0109375 0.041666666666666664
1 0.6059895833333333 0.3625 0.0109375 0.04537037037037037
1 0.18463541666666666 0.6856481481481481 0.019270833333333334 0.0787037037037037
1 0.5739583333333333 0.5231481481481481 0.013541666666666667 0.06296296296296296
1 0.7846354166666667 0.4986111111111111 0.022395833333333334 0.058333333333333334
1 0.06354166666666666 0.575925925925926 0.013541666666666667 0.07592592592592592
1 0.9263020833333333 0.43703703703703706 0.018229166666666668 0.05555555555555555
0 0.8184895833333333 0.45925925925925926 0.0046875 0.007407407407407408
