2 0.8838541666666667 0.5050925925925925 0.015625 0.058333333333333334
2 0.6442708333333333 0.6958333333333333 0.013541666666666667 0.08055555555555556
2 0.7244791666666667 0.29074074074074074 0.009375 0.04259259259259259
2 0.9049479166666666 0.42268518518518516 0.0171875 0.049074074074074076
2 0.1484375 0.7189814814814814 0.025 0.08796296296296297
2 0.6015625 0.5634259259259259 0.013541666666666667 0.07314814814814814
2 0.54765625 0.3990740740740741 0.0140625 0.04814814814814815
2 0.3671875 0.7203703703703703 0.019791666666666666 0.08703703703703704
2 0.5197916666666667 0.2791666666666667 0.009375 0.03611111111111111
2 0.67890625 0.712037037037037 0.019270833333333334 0.06851851851851852
2 0.6591145833333333 0.31574074074074077 0.0109375 0.044444444444444446
2 0.25416666666666665 0.37592592592592594 0.014583333333333334 0.05
2 0.5140625 0.45694444444444443 0.015625 0.05648148148148148
2 0.5026041666666666 0.44074074074074077 0.011458333333333333 0.05555555555555555
2 0.3143229166666667 0.3384259259259259 0.0140625 0.04351851851851852
2 0.5908854166666667 0.37546296296296294 0.0171875 0.049074074074074076
2 0.18046875 0.7472222222222222 0.028645833333333332 0.08703703703703704
2 0.57421875 0.5763888888888888 0.018229166666666668 0.0712962962962963
2 0.8494791666666667 0.5472222222222223 0.025 0.06111111111111111
2 0.07526041666666666 0.5513888888888889 0.0140625 0.0712962962962963
2 0.8799479166666667 0.4361111111111111 0.019270833333333334 0.053703703703703705
1 0.878046875 0.5192592592592592 0.005052083333333357 0.010370370370370308
2 0.025520833333333333 0.2759259259259259 0.010416666666666666 0.037037037037037035
