2 0.92109375 0.4388888888888889 0.016145833333333335 0.053703703703703705
2 0.6 0.6976851851851852 0.03333333333333333 0.09537037037037037
2 0.7755208333333333 0.23703703703703705 0.011458333333333333 0.04259259259259259
2 0.9622395833333334 0.3787037037037037 0.0140625 0.05
2 0.14140625 0.6527777777777778 0.0203125 0.08888888888888889
2 0.5986979166666667 0.49722222222222223 0.019270833333333334 0.06851851851851852
2 0.5697916666666667 0.3337962962962963 0.016666666666666666 0.03796296296296296
2 0.3575520833333333 0.7171296296296297 0.0171875 0.09537037037037037
2 0.51953125 0.20555555555555555 0.0078125 0.03148148148148148
2 0.6013020833333333 0.7731481481481481 0.0234375 0.09259259259259259
2 0.6716145833333333 0.23564814814814813 0.008854166666666666 0.03981481481481482
2 0.21875 0.30694444444444446 0.011458333333333333 0.049074074074074076
2 0.5325520833333334 0.37453703703703706 0.016145833333333335 0.05462962962962963
2 0.5046875 0.3773148148148148 0.015625 0.05648148148148148
2 0.27838541666666666 0.26851851851851855 0.0109375 0.03888888888888889
2 0.5848958333333333 0.29259259259259257 0.011458333333333333 0.04814814814814815
2 0.17395833333333333 0.6472222222222223 0.016666666666666666 0.08888888888888889
2 0.5950520833333334 0.5523148148148148 0.024479166666666666 0.06574074074074074
2 0.9255208333333333 0.4597222222222222 0.023958333333333335 0.05648148148148148
2 0.0921875 0.4648148148148148 0.011458333333333333 0.06851851851851852
2 0.8799479166666667 0.37175925925925923 0.022395833333333334 0.04722222222222222
1 0.9515625 0.42083333333333334 0.005208333333333333 0.010185185185185186
2 0.06796875 0.2074074074074074 0.009895833333333333 0.03518518518518519
