2 0.8471354166666667 0.36342592592592593 0.019270833333333334 0.05277777777777778
2 0.5606770833333333 0.6342592592592593 0.033854166666666664 0.08518518518518518
2 0.7588541666666667 0.1865740740740741 0.009375 0.04351851851851852
2 0.9473958333333333 0.34120370370370373 0.01875 0.05462962962962963
2 0.13046875 0.5902777777777778 0.030729166666666665 0.08611111111111111
2 0.6065104166666667 0.45416666666666666 0.021354166666666667 0.06574074074074074
2 0.5484375 0.2726851851851852 0.013541666666666667 0.04722222222222222
2 0.30520833333333336 0.7162037037037037 0.028125 0.10277777777777777
2 0.48359375 0.1476851851851852 0.0067708333333333336 0.032407407407407406
2 0.5114583333333333 0.7490740740740741 0.023958333333333335 0.09074074074074075
2 0.64140625 0.1763888888888889 0.013020833333333334 0.03611111111111111
2 0.17630208333333333 0.2513888888888889 0.009895833333333333 0.049074074074074076
2 0.5325520833333334 0.31527777777777777 0.015104166666666667 0.04722222222222222
2 0.4947916666666667 0.3337962962962963 0.011458333333333333 0.058333333333333334
2 0.22526041666666666 0.2152777777777778 0.008854166666666666 0.03981481481481482
2 0.5690104166666666 0.22870370370370371 0.0078125 0.040740740740740744
2 0.16145833333333334 0.562037037037037 0.015625 0.08518518518518518
2 0.6268229166666667 0.5018518518518519 0.022395833333333334 0.07037037037037037
2 0.9184895833333333 0.41435185185185186 0.019270833333333334 0.058333333333333334
2 0.071875 0.4152777777777778 0.01875 0.062037037037037036
2 0.9018229166666667 0.32731481481481484 0.016145833333333335 0.049074074074074076
1 0.9505208333333334 0.3648148148148148 0.005208333333333333 0.009259259259259259
2 0.03854166666666667 0.16064814814814815 0.010416666666666666 0.03611111111111111
