2 0.8908854166666667 0.40694444444444444 0.0171875 0.05277777777777778
2 0.5755208333333334 0.6773148148148148 0.03125 0.09537037037037037
2 0.7697916666666667 0.21574074074074073 0.013541666666666667 0.04259259259259259
2 0.95703125 0.36018518518518516 0.016145833333333335 0.05555555555555555
2 0.13567708333333334 0.625462962962963 0.0234375 0.08796296296296297
2 0.59296875 0.47638888888888886 0.028645833333333332 0.062037037037037036
2 0.56640625 0.3050925925925926 0.009895833333333333 0.04722222222222222
2 0.33125 0.7129629629629629 0.021875 0.09259259259259259
2 0.5041666666666667 0.17916666666666667 0.007291666666666667 0.03611111111111111
2 0.5520833333333334 0.763425925925926 0.021875 0.09537037037037037
2 0.6604166666666667 0.20833333333333334 0.009375 0.03888888888888889
2 0.19817708333333334 0.28379629629629627 0.009895833333333333 0.049074074074074076
2 0.5317708333333333 0.3449074074074074 0.017708333333333333 0.04722222222222222
2 0.5036458333333333 0.35694444444444445 0.011458333333333333 0.05648148148148148
2 0.25364583333333335 0.24444444444444444 0.009375 0.04259259259259259
2 0.5760416666666667 0.26481481481481484 0.011458333333333333 0.044444444444444446
2 0.16796875 0.6060185185185185 0.018229166666666668 0.08981481481481482
2 0.6109375 0.5287037037037037 0.027083333333333334 0.07222222222222222
2 0.9213541666666667 0.4388888888888889 0.028125 0.05555555555555555
2 0.08203125 0.4393518518518518 0.0140625 0.06388888888888888
2 0.890625 0.3523148148148148 0.01875 0.04351851851851852
1 0.9560026041666667 0.38558796296296294 0.004557291666666667 0.006731481481481465
2 0.057291666666666664 0.18703703703703703 0.010416666666666666 0.03518518518518519
