1 0.9151041666666667 0.48935185185185187 0.01875 0.06388888888888888
1 0.6294270833333333 0.7171296296296297 0.021354166666666667 0.09166666666666666
1 0.7572916666666667 0.27685185185185185 0.0125 0.04259259259259259
1 0.9291666666666667 0.4148148148148148 0.017708333333333333 0.05185185185185185
1 0.13958333333333334 0.700925925925926 0.016666666666666666 0.08703703703703704
1 0.59453125 0.5527777777777778 0.021354166666666667 0.07592592592592592
1 0.5533854166666666 0.3773148148148148 0.008854166666666666 0.049074074074074076
1 0.38828125 0.7555555555555555 0.0265625 0.09814814814814815
1 0.521875 0.2537037037037037 0.008333333333333333 0.03888888888888889
1 0.6619791666666667 0.7671296296296296 0.017708333333333333 0.08611111111111111
1 0.6669270833333333 0.287962962962963 0.011979166666666667 0.040740740740740744
1 0.23359375 0.35462962962962963 0.008854166666666666 0.05
1 0.5244791666666667 0.4305555555555556 0.014583333333333334 0.05740740740740741
1 0.49973958333333335 0.4222222222222222 0.0140625 0.05740740740740741
1 0.2984375 0.31342592592592594 0.0125 0.041666666666666664
1 0.5848958333333333 0.3365740740740741 0.011458333333333333 0.028703703703703703
1 0.16927083333333334 0.7314814814814815 0.020833333333333332 0.0962962962962963
1 0.57265625 0.575462962962963 0.019270833333333334 0.06944444444444445
1 0.8942708333333333 0.5180555555555556 0.020833333333333332 0.05462962962962963
1 0.08255208333333333 0.5171296296296296 0.0140625 0.0712962962962963
1 0.8736979166666666 0.41805555555555557 0.021354166666666667 0.05462962962962963
0 0.9164244791666666 0.5044259259259259 0.005796874999999938 0.009407407407407378
1 0.05130208333333333 0.25324074074074077 0.009895833333333333 0.03425925925925926
