2 0.9002604166666667 0.41388888888888886 0.0140625 0.05185185185185185
2 0.5807291666666666 0.6796296296296296 0.03125 0.09814814814814815
2 0.7716145833333333 0.22175925925925927 0.013020833333333334 0.041666666666666664
2 0.9578125 0.3648148148148148 0.017708333333333333 0.053703703703703705
2 0.13854166666666667 0.6314814814814815 0.025 0.08703703703703704
2 0.5934895833333333 0.48333333333333334 0.027604166666666666 0.06111111111111111
2 0.5690104166666666 0.31342592592592594 0.009895833333333333 0.04722222222222222
2 0.33567708333333335 0.7171296296296297 0.024479166666666666 0.09537037037037037
2 0.5080729166666667 0.1865740740740741 0.0078125 0.03611111111111111
2 0.5625 0.7699074074074074 0.01875 0.09537037037037037
2 0.6630208333333333 0.2152777777777778 0.010416666666666666 0.03981481481481482
2 0.20338541666666668 0.2898148148148148 0.009895833333333333 0.05
2 0.5307291666666667 0.3509259259259259 0.019791666666666666 0.046296296296296294
2 0.5041666666666667 0.3625 0.011458333333333333 0.05648148148148148
2 0.26015625 0.2513888888888889 0.008854166666666666 0.041666666666666664
2 0.5778645833333333 0.2726851851851852 0.011979166666666667 0.04351851851851852
2 0.1703125 0.6166666666666667 0.017708333333333333 0.08888888888888889
2 0.6096354166666667 0.5361111111111111 0.0265625 0.07222222222222222
2 0.9216145833333333 0.44305555555555554 0.0234375 0.05648148148148148
2 0.08411458333333334 0.44305555555555554 0.011979166666666667 0.06574074074074074
2 0.8880208333333334 0.35694444444444445 0.021875 0.04537037037037037
1 0.9562708333333333 0.38855092592592594 0.0043333333333333 0.008768518518518544
2 0.06067708333333333 0.1935185185185185 0.009895833333333333 0.03333333333333333
