1 0.8763020833333334 0.49583333333333335 0.0171875 0.058333333333333334
1 0.6440104166666667 0.6898148148148148 0.019270833333333334 0.08333333333333333
1 0.7169270833333333 0.29074074074074074 0.009895833333333333 0.04259259259259259
1 0.9026041666666667 0.41944444444444445 0.0125 0.04814814814814815
1 0.14713541666666666 0.7162037037037037 0.021354166666666667 0.08796296296296297
1 0.6018229166666667 0.5634259259259259 0.019270833333333334 0.0712962962962963
1 0.5473958333333333 0.39814814814814814 0.009375 0.04814814814814815
1 0.36302083333333335 0.7185185185185186 0.020833333333333332 0.08703703703703704
1 0.5184895833333333 0.2796296296296296 0.0109375 0.03518518518518519
1 0.6713541666666667 0.6986111111111111 0.021875 0.06388888888888888
1 0.6578125 0.3189814814814815 0.013541666666666667 0.03981481481481482
1 0.25807291666666665 0.3763888888888889 0.013020833333333334 0.05092592592592592
1 0.5106770833333333 0.45694444444444443 0.019270833333333334 0.05462962962962963
1 0.5015625 0.44166666666666665 0.011458333333333333 0.053703703703703705
1 0.31744791666666666 0.3402777777777778 0.013020833333333334 0.04351851851851852
1 0.58984375 0.37453703703703706 0.011979166666666667 0.05092592592592592
1 0.1796875 0.7435185185185185 0.026041666666666668 0.08888888888888889
1 0.57578125 0.5712962962962963 0.013020833333333334 0.07037037037037037
1 0.8390625 0.5449074074074074 0.026041666666666668 0.06018518518518518
1 0.07682291666666667 0.5578703703703703 0.018229166666666668 0.0712962962962963
1 0.8807291666666667 0.4356481481481482 0.0125 0.05092592592592592
0 0.8711067708333334 0.5182962962962963 0.005119791666666747 0.01012962962962968
1 0.021354166666666667 0.2791666666666667 0.010416666666666666 0.03425925925925926
