2 0.9072916666666667 0.41898148148148145 0.016666666666666666 0.049074074074074076
2 0.5848958333333333 0.6824074074074075 0.03125 0.09814814814814815
2 0.7729166666666667 0.22592592592592592 0.0125 0.04259259259259259
2 0.9588541666666667 0.3699074074074074 0.016666666666666666 0.05277777777777778
2 0.13880208333333333 0.6351851851851852 0.0234375 0.08518518518518518
2 0.5942708333333333 0.48657407407407405 0.026041666666666668 0.062037037037037036
2 0.5703125 0.3189814814814815 0.009375 0.04351851851851852
2 0.33880208333333334 0.7175925925925926 0.022395833333333334 0.0962962962962963
2 0.5114583333333333 0.19074074074074074 0.009375 0.037037037037037035
2 0.5708333333333333 0.7754629629629629 0.019791666666666666 0.09537037037037037
2 0.6651041666666667 0.21944444444444444 0.010416666666666666 0.040740740740740744
2 0.20625 0.29212962962962963 0.010416666666666666 0.05092592592592592
2 0.53125 0.35462962962962963 0.019791666666666666 0.04814814814814815
2 0.5036458333333333 0.36527777777777776 0.013541666666666667 0.05648148148148148
2 0.26510416666666664 0.2550925925925926 0.011458333333333333 0.03981481481481482
2 0.5796875 0.2763888888888889 0.011458333333333333 0.04351851851851852
2 0.17109375 0.6240740740740741 0.018229166666666668 0.08703703703703704
2 0.60625 0.5407407407407407 0.025 0.07037037037037037
2 0.9234375 0.4476851851851852 0.022916666666666665 0.05648148148148148
2 0.08567708333333333 0.44675925925925924 0.011979166666666667 0.06759259259259259
2 0.8869791666666667 0.36018518518518516 0.026041666666666668 0.046296296296296294
1 0.9557604166666667 0.3918564814814815 0.005312500000000024 0.009453703703703685
2 0.06276041666666667 0.19675925925925927 0.009895833333333333 0.03425925925925926
