2 0.9291666666666667 0.44907407407407407 0.013541666666666667 0.05555555555555555
2 0.6075520833333333 0.7 0.03697916666666667 0.08888888888888889
2 0.775 0.2439814814814815 0.011458333333333333 0.04351851851851852
2 0.9611979166666667 0.3861111111111111 0.013020833333333334 0.05
2 0.14296875 0.6615740740740741 0.018229166666666668 0.08796296296296297
2 0.60234375 0.5083333333333333 0.015104166666666667 0.07037037037037037
2 0.56640625 0.3402777777777778 0.021354166666666667 0.03796296296296296
2 0.36796875 0.7245370370370371 0.03177083333333333 0.08981481481481482
2 0.52265625 0.2111111111111111 0.0067708333333333336 0.037037037037037035
2 0.61953125 0.7805555555555556 0.0265625 0.09444444444444444
2 0.6731770833333334 0.24583333333333332 0.0109375 0.03981481481481482
2 0.22265625 0.31574074074074077 0.013020833333333334 0.05
2 0.5330729166666667 0.38472222222222224 0.016145833333333335 0.05648148148148148
2 0.5041666666666667 0.38425925925925924 0.015625 0.05555555555555555
2 0.28515625 0.2763888888888889 0.009895833333333333 0.03796296296296296
2 0.5861979166666667 0.30324074074074076 0.0109375 0.04722222222222222
2 0.17369791666666667 0.6657407407407407 0.019270833333333334 0.08703703703703704
2 0.5921875 0.5518518518518518 0.017708333333333333 0.07222222222222222
2 0.921875 0.46574074074074073 0.01875 0.05555555555555555
2 0.09270833333333334 0.47129629629629627 0.0125 0.07037037037037037
2 0.87734375 0.38055555555555554 0.0203125 0.044444444444444446
1 0.94609375 0.44166666666666665 0.005729166666666666 0.009259259259259259
2 0.06822916666666666 0.21481481481481482 0.010416666666666666 0.03518518518518519
