2 0.7815104166666667 0.3337962962962963 0.018229166666666668 0.05092592592592592
2 0.5703125 0.5837962962962963 0.021875 0.0787037037037037
2 0.7341145833333333 0.17222222222222222 0.0109375 0.040740740740740744
2 0.9231770833333334 0.32175925925925924 0.021354166666666667 0.05462962962962963
2 0.11640625 0.5675925925925925 0.021354166666666667 0.07777777777777778
2 0.6135416666666667 0.46111111111111114 0.020833333333333332 0.06111111111111111
2 0.5098958333333333 0.2564814814814815 0.010416666666666666 0.04814814814814815
2 0.30026041666666664 0.7162037037037037 0.024479166666666666 0.08981481481481482
2 0.4515625 0.1300925925925926 0.010416666666666666 0.032407407407407406
2 0.453125 0.7361111111111112 0.022916666666666665 0.0962962962962963
2 0.6028645833333334 0.15694444444444444 0.008854166666666666 0.032407407407407406
2 0.13463541666666667 0.23842592592592593 0.019270833333333334 0.04722222222222222
2 0.52109375 0.3106481481481482 0.0171875 0.049074074074074076
2 0.46328125 0.3148148148148148 0.0140625 0.05740740740740741
2 0.17838541666666666 0.19953703703703704 0.0109375 0.03796296296296296
2 0.55078125 0.2101851851851852 0.008854166666666666 0.046296296296296294
2 0.159375 0.5263888888888889 0.026041666666666668 0.06018518518518518
2 0.6510416666666666 0.49166666666666664 0.01875 0.06666666666666667
2 0.9143229166666667 0.412962962962963 0.0140625 0.06296296296296296
2 0.050520833333333334 0.4199074074074074 0.030208333333333334 0.06944444444444445
2 0.9015625 0.32407407407407407 0.014583333333333334 0.05555555555555555
1 0.83203125 0.29444444444444445 0.0067708333333333336 0.009259259259259259
2 0.009635416666666667 0.1476851851851852 0.0109375 0.03796296296296296
