1 0.7533854166666667 0.3402777777777778 0.015104166666666667 0.05092592592592592
1 0.56875 0.5902777777777778 0.029166666666666667 0.07314814814814814
1 0.72109375 0.17916666666666667 0.0078125 0.03981481481481482
1 0.9080729166666667 0.32916666666666666 0.018229166666666668 0.04351851851851852
1 0.1078125 0.5814814814814815 0.019791666666666666 0.07037037037037037
1 0.5997395833333333 0.48148148148148145 0.0203125 0.06296296296296296
1 0.9794270833333333 0.49953703703703706 0.0234375 0.062037037037037036
1 0.4947916666666667 0.2675925925925926 0.0125 0.046296296296296294
1 0.28411458333333334 0.7416666666666667 0.04739583333333333 0.09444444444444444
1 0.43802083333333336 0.13564814814814816 0.007291666666666667 0.03425925925925926
1 0.42890625 0.7583333333333333 0.03802083333333333 0.09259259259259259
1 0.5861979166666667 0.16574074074074074 0.008854166666666666 0.03333333333333333
1 0.11197916666666667 0.2462962962962963 0.01875 0.046296296296296294
1 0.5075520833333333 0.3226851851851852 0.018229166666666668 0.049074074074074076
1 0.44583333333333336 0.324537037037037 0.023958333333333335 0.049074074074074076
1 0.16119791666666666 0.20972222222222223 0.015104166666666667 0.03425925925925926
1 0.5434895833333333 0.2212962962962963 0.013020833333333334 0.040740740740740744
1 0.1765625 0.5375 0.026041666666666668 0.05648148148148148
1 0.6463541666666667 0.5125 0.021875 0.06388888888888888
1 0.9046875 0.4217592592592593 0.016666666666666666 0.06018518518518518
1 0.03046875 0.4361111111111111 0.025520833333333333 0.06666666666666667
1 0.8916666666666667 0.3375 0.013541666666666667 0.05462962962962963
0 0.72109375 0.2759259259259259 0.0078125 0.009259259259259259
1 0.0036458333333333334 0.15694444444444444 0.007291666666666667 0.03425925925925926
