2 0.6940104166666666 0.3814814814814815 0.015104166666666667 0.05185185185185185
2 0.50078125 0.6175925925925926 0.024479166666666666 0.07592592592592592
2 0.7169270833333333 0.20925925925925926 0.008854166666666666 0.03888888888888889
2 0.8520833333333333 0.3578703703703704 0.0125 0.049074074074074076
2 0.20338541666666668 0.6129629629629629 0.0328125 0.08518518518518518
2 0.5109375 0.5310185185185186 0.015625 0.0712962962962963
2 0.89453125 0.5120370370370371 0.0265625 0.06666666666666667
2 0.47317708333333336 0.3106481481481482 0.013020833333333334 0.04351851851851852
2 0.1625 0.762962962962963 0.041666666666666664 0.0962962962962963
2 0.44427083333333334 0.175 0.007291666666666667 0.02962962962962963
2 0.3075885416666667 0.7777777777777778 0.028125 0.06759259259259259
2 0.5760416666666667 0.21203703703703702 0.009375 0.037037037037037035
2 0.09609375 0.27685185185185185 0.018229166666666668 0.046296296296296294
2 0.46380208333333334 0.3773148148148148 0.0171875 0.05648148148148148
2 0.3966145833333333 0.3523148148148148 0.015104166666666667 0.05277777777777778
2 0.15598958333333332 0.2518518518518518 0.0140625 0.03333333333333333
2 0.5213541666666667 0.2564814814814815 0.014583333333333334 0.04259259259259259
2 0.22552083333333334 0.5851851851851851 0.015625 0.1
2 0.5747395833333333 0.5569444444444445 0.0296875 0.06759259259259259
2 0.8635416666666667 0.46944444444444444 0.017708333333333333 0.06111111111111111
2 0.8580729166666666 0.38564814814814813 0.0140625 0.05648148148148148
1 0.27890625 0.4791666666666667 0.008854166666666666 0.012037037037037037
2 0.019270833333333334 0.18472222222222223 0.008333333333333333 0.028703703703703703
