2 0.6880208333333333 0.38842592592592595 0.013541666666666667 0.05277777777777778
2 0.496875 0.6282407407407408 0.025 0.08055555555555556
2 0.7205729166666667 0.21481481481481482 0.0109375 0.03888888888888889
2 0.84921875 0.36666666666666664 0.0109375 0.05185185185185185
2 0.2109375 0.6027777777777777 0.026041666666666668 0.08333333333333333
2 0.50078125 0.5328703703703703 0.027604166666666666 0.0712962962962963
2 0.8838541666666667 0.5152777777777777 0.015625 0.06759259259259259
2 0.47291666666666665 0.31666666666666665 0.011458333333333333 0.040740740740740744
2 0.15026041666666667 0.7560185185185185 0.043229166666666666 0.08981481481481482
2 0.44895833333333335 0.18194444444444444 0.007291666666666667 0.03425925925925926
2 0.3020833333333333 0.7907407407407407 0.036458333333333336 0.07407407407407407
2 0.5783854166666667 0.22037037037037038 0.009895833333333333 0.040740740740740744
2 0.10052083333333334 0.2833333333333333 0.017708333333333333 0.046296296296296294
2 0.4588541666666667 0.38287037037037036 0.016666666666666666 0.05462962962962963
2 0.39609375 0.35694444444444445 0.0203125 0.05462962962962963
2 0.15807291666666667 0.25601851851851853 0.0109375 0.03611111111111111
2 0.5182291666666666 0.262037037037037 0.0125 0.044444444444444446
2 0.23307291666666666 0.5782407407407407 0.0171875 0.08611111111111111
2 0.5604166666666667 0.562037037037037 0.015625 0.06666666666666667
2 0.8596354166666667 0.4759259259259259 0.0140625 0.06111111111111111
2 0.005989583333333334 0.48842592592592593 0.0140625 0.05648148148148148
2 0.85546875 0.38935185185185184 0.013020833333333334 0.05648148148148148
1 0.2390625 0.5268518518518519 0.009375 0.012962962962962963
2 0.027604166666666666 0.18796296296296297 0.009375 0.02962962962962963
