2 0.77734375 0.3333333333333333 0.0140625 0.053703703703703705
2 0.5723958333333333 0.5837962962962963 0.025 0.075
2 0.7317708333333334 0.1726851851851852 0.011458333333333333 0.03981481481481482
2 0.9190104166666667 0.32222222222222224 0.021354166666666667 0.05555555555555555
2 0.11510416666666666 0.5703703703703704 0.019791666666666666 0.07592592592592592
2 0.6122395833333333 0.4638888888888889 0.0203125 0.05555555555555555
2 0.9940104166666667 0.5007685185185186 0.0109375 0.05833333333333338
2 0.5065104166666666 0.25833333333333336 0.009895833333333333 0.04814814814814815
2 0.29791666666666666 0.7208333333333333 0.028125 0.08796296296296297
2 0.44895833333333335 0.1300925925925926 0.010416666666666666 0.032407407407407406
2 0.4479166666666667 0.7416666666666667 0.021875 0.1
2 0.5994791666666667 0.15787037037037038 0.008333333333333333 0.03425925925925926
2 0.13072916666666667 0.23981481481481481 0.020833333333333332 0.046296296296296294
2 0.51875 0.31296296296296294 0.01875 0.05
2 0.45989583333333334 0.3162037037037037 0.013541666666666667 0.05462962962962963
2 0.17473958333333334 0.20092592592592592 0.011979166666666667 0.03888888888888889
2 0.5494791666666666 0.21157407407407408 0.009375 0.04537037037037037
2 0.16197916666666667 0.5263888888888889 0.026041666666666668 0.05648148148148148
2 0.6510416666666666 0.4930555555555556 0.019791666666666666 0.06388888888888888
2 0.9130208333333333 0.4148148148148148 0.014583333333333334 0.06481481481481481
2 0.0453125 0.42268518518518516 0.030208333333333334 0.06944444444444445
2 0.9 0.324537037037037 0.013541666666666667 0.05462962962962963
1 0.8106770833333333 0.287962962962963 0.0067708333333333336 0.009259259259259259
2 0.007291666666666667 0.14907407407407408 0.011458333333333333 0.037037037037037035
