2 0.70078125 0.37222222222222223 0.0109375 0.04814814814814815
2 0.51328125 0.6101851851851852 0.030729166666666665 0.07592592592592592
2 0.7138020833333333 0.20185185185185187 0.0109375 0.037037037037037035
2 0.8598958333333333 0.35 0.0125 0.05185185185185185
2 0.17838541666666666 0.6143518518518518 0.028645833333333332 0.075
2 0.5268229166666667 0.525 0.0234375 0.07222222222222222
2 0.9059895833333333 0.5069444444444444 0.018229166666666668 0.06759259259259259
2 0.4703125 0.300462962962963 0.013541666666666667 0.04537037037037037
2 0.18151041666666667 0.7662037037037037 0.033854166666666664 0.09722222222222222
2 0.43697916666666664 0.16666666666666666 0.008333333333333333 0.03333333333333333
2 0.32890625 0.7689814814814815 0.021354166666666667 0.06944444444444445
2 0.57265625 0.2013888888888889 0.008854166666666666 0.03796296296296296
2 0.08984375 0.27361111111111114 0.0203125 0.04722222222222222
2 0.46848958333333335 0.3680555555555556 0.015104166666666667 0.049074074074074076
2 0.4005208333333333 0.34814814814814815 0.021875 0.05555555555555555
2 0.14661458333333333 0.2439814814814815 0.011979166666666667 0.03425925925925926
2 0.52265625 0.25 0.016145833333333335 0.044444444444444446
2 0.21354166666666666 0.6046296296296296 0.017708333333333333 0.07777777777777778
2 0.58984375 0.5555555555555556 0.025520833333333333 0.06851851851851852
2 0.86953125 0.4601851851851852 0.015104166666666667 0.05740740740740741
2 0.0033854166666666668 0.4759259259259259 0.0078125 0.06851851851851852
2 0.86328125 0.375 0.0140625 0.053703703703703705
1 0.35598958333333336 0.40555555555555556 0.008854166666666666 0.011111111111111112
2 0.00709375 0.18078703703703702 0.0120625 0.03518518518518519
