2 0.81328125 0.3398148148148148 0.013020833333333334 0.05185185185185185
2 0.5625 0.6083333333333333 0.027083333333333334 0.09444444444444444
2 0.746875 0.17314814814814813 0.008333333333333333 0.040740740740740744
2 0.9377604166666667 0.33194444444444443 0.011979166666666667 0.05277777777777778
2 0.12447916666666667 0.5712962962962963 0.023958333333333335 0.08518518518518518
2 0.6169270833333333 0.4439814814814815 0.016145833333333335 0.06574074074074074
2 0.52734375 0.25833333333333336 0.015104166666666667 0.04814814814814815
2 0.30494791666666665 0.7055555555555556 0.015104166666666667 0.1037037037037037
2 0.46770833333333334 0.1300925925925926 0.007291666666666667 0.03425925925925926
2 0.47994791666666664 0.7393518518518518 0.028645833333333332 0.09537037037037037
2 0.6229166666666667 0.1574074074074074 0.009375 0.037037037037037035
2 0.15625 0.2375 0.013541666666666667 0.049074074074074076
2 0.5286458333333334 0.30462962962962964 0.011458333333333333 0.05
2 0.4869791666666667 0.32175925925925924 0.016666666666666666 0.05462962962962963
2 0.20130208333333333 0.2 0.0109375 0.037037037037037035
2 0.5611979166666666 0.21296296296296297 0.0078125 0.044444444444444446
2 0.15703125 0.5328703703703703 0.016145833333333335 0.075
2 0.6455729166666667 0.48935185185185187 0.030729166666666665 0.06944444444444445
2 0.9161458333333333 0.4074074074074074 0.023958333333333335 0.06111111111111111
2 0.06484375 0.40555555555555556 0.022395833333333334 0.06296296296296296
2 0.9072916666666667 0.3199074074074074 0.015625 0.05092592592592592
1 0.9361067708333334 0.3457824074074074 0.006119791666666667 0.010101851851851822
2 0.023697916666666666 0.14814814814814814 0.0109375 0.037037037037037035
