2 0.75 0.3421296296296296 0.017708333333333333 0.049074074074074076
2 0.5653645833333333 0.5888888888888889 0.033854166666666664 0.07222222222222222
2 0.71953125 0.17962962962962964 0.0078125 0.03888888888888889
2 0.9059895833333333 0.3300925925925926 0.018229166666666668 0.04351851851851852
2 0.10963541666666667 0.5833333333333334 0.019270833333333334 0.06851851851851852
2 0.596875 0.4842592592592593 0.021875 0.05925925925925926
2 0.97578125 0.4986111111111111 0.025520833333333333 0.06388888888888888
2 0.49322916666666666 0.2708333333333333 0.0125 0.04351851851851852
2 0.28151041666666665 0.7467592592592592 0.04739583333333333 0.09907407407407408
2 0.43645833333333334 0.1388888888888889 0.007291666666666667 0.03148148148148148
2 0.42265625 0.7615740740740741 0.03697916666666667 0.08796296296296297
2 0.584375 0.16898148148148148 0.009375 0.03425925925925926
2 0.10859375 0.24953703703703703 0.016145833333333335 0.04537037037037037
2 0.5052083333333334 0.32546296296296295 0.017708333333333333 0.05092592592592592
2 0.44036458333333334 0.325 0.022395833333333334 0.04814814814814815
2 0.15885416666666666 0.2125 0.016666666666666666 0.03611111111111111
2 0.5419270833333333 0.22268518518518518 0.0140625 0.03981481481481482
2 0.17994791666666668 0.5416666666666666 0.028645833333333332 0.05925925925925926
2 0.6455729166666667 0.5175925925925926 0.024479166666666666 0.06481481481481481
2 0.9026041666666667 0.4236111111111111 0.016666666666666666 0.062037037037037036
2 0.02734375 0.44027777777777777 0.025520833333333333 0.06574074074074074
2 0.8901041666666667 0.33796296296296297 0.013541666666666667 0.053703703703703705
1 0.69765625 0.2759259259259259 0.0078125 0.011111111111111112
2 0.0036458333333333334 0.1597222222222222 0.007291666666666667 0.032407407407407406
