1 0.6768229166666667 0.4125 0.0140625 0.05277777777777778
1 0.4796875 0.6509259259259259 0.027083333333333334 0.07777777777777778
1 0.7427083333333333 0.23425925925925925 0.011458333333333333 0.03518518518518519
1 0.8424479166666666 0.38842592592592595 0.0171875 0.05277777777777778
1 0.25078125 0.6097222222222223 0.028645833333333332 0.07314814814814814
1 0.48359375 0.5439814814814815 0.028645833333333332 0.06759259259259259
1 0.865625 0.5236111111111111 0.027083333333333334 0.06388888888888888
1 0.48151041666666666 0.34305555555555556 0.0109375 0.04537037037037037
1 0.12083333333333333 0.7384259259259259 0.03333333333333333 0.08425925925925926
1 0.475 0.20092592592592592 0.007291666666666667 0.03148148148148148
1 0.271875 0.8236111111111111 0.04479166666666667 0.075
1 0.5919270833333333 0.24259259259259258 0.008854166666666666 0.03888888888888889
1 0.13072916666666667 0.2902777777777778 0.016666666666666666 0.04537037037037037
1 0.45026041666666666 0.4041666666666667 0.013020833333333334 0.05462962962962963
1 0.39791666666666664 0.3699074074074074 0.0125 0.05092592592592592
1 0.18723958333333332 0.2712962962962963 0.011979166666666667 0.037037037037037035
1 0.52265625 0.2759259259259259 0.015104166666666667 0.04259259259259259
1 0.278125 0.5986111111111111 0.029166666666666667 0.075
1 0.5348958333333333 0.5740740740740741 0.028125 0.06481481481481481
1 0.85 0.5009259259259259 0.017708333333333333 0.06111111111111111
1 0.01015625 0.4912037037037037 0.019270833333333334 0.06574074074074074
1 0.8528645833333334 0.41435185185185186 0.019270833333333334 0.05648148148148148
0 0.16524479166666667 0.5127314814814815 0.009406250000000001 0.012592592592592508
1 0.06742187499999999 0.19722222222222222 0.008802083333333337 0.02962962962962963
