2 0.69296875 0.3819444444444444 0.0140625 0.05092592592592592
2 0.5 0.6199074074074075 0.025 0.0787037037037037
2 0.7169270833333333 0.20925925925925926 0.008854166666666666 0.03888888888888889
2 0.8510416666666667 0.3587962962962963 0.013541666666666667 0.05092592592592592
2 0.20364583333333333 0.6134259259259259 0.03333333333333333 0.08611111111111111
2 0.50859375 0.5314814814814814 0.0140625 0.07037037037037037
2 0.8934895833333333 0.5120370370370371 0.0265625 0.06666666666666667
2 0.47239583333333335 0.31157407407407406 0.0125 0.04351851851851852
2 0.15859375 0.7638888888888888 0.04010416666666667 0.0962962962962963
2 0.44375 0.175 0.007291666666666667 0.02962962962962963
2 0.30705468750000003 0.7804027777777778 0.030380208333333356 0.0688240740740741
2 0.57578125 0.21203703703703702 0.009895833333333333 0.037037037037037035
2 0.09557291666666666 0.27824074074074073 0.018229166666666668 0.04722222222222222
2 0.4622395833333333 0.3787037037037037 0.016145833333333335 0.05740740740740741
2 0.3958333333333333 0.3527777777777778 0.015625 0.053703703703703705
2 0.15494791666666666 0.25277777777777777 0.0140625 0.03518518518518519
2 0.5208333333333334 0.2564814814814815 0.015625 0.04259259259259259
2 0.22473958333333333 0.5828703703703704 0.015104166666666667 0.10092592592592593
2 0.57265625 0.5569444444444445 0.030729166666666665 0.06759259259259259
2 0.86328125 0.4699074074074074 0.016145833333333335 0.06018518518518518
2 0.0015625 0.4847222222222222 0.003125 0.06944444444444445
2 0.8578125 0.38564814814814813 0.013541666666666667 0.058333333333333334
1 0.27890625 0.4791666666666667 0.008854166666666666 0.012037037037037037
2 0.018489583333333334 0.18518518518518517 0.0078125 0.027777777777777776
