2 0.7877604166666666 0.3351851851851852 0.021354166666666667 0.04814814814814815
2 0.5674479166666667 0.5884259259259259 0.0171875 0.08425925925925926
2 0.7369791666666666 0.1699074074074074 0.009375 0.041666666666666664
2 0.9260416666666667 0.3236111111111111 0.019791666666666666 0.05462962962962963
2 0.11848958333333333 0.5657407407407408 0.0234375 0.07962962962962963
2 0.615625 0.45740740740740743 0.019791666666666666 0.06481481481481481
2 0.515625 0.25601851851851853 0.0125 0.04722222222222222
2 0.30416666666666664 0.7143518518518519 0.022916666666666665 0.09722222222222222
2 0.4549479166666667 0.12962962962962962 0.009895833333333333 0.03148148148148148
2 0.4609375 0.7356481481481482 0.026041666666666668 0.09537037037037037
2 0.6091145833333333 0.15787037037037038 0.0109375 0.032407407407407406
2 0.13984375 0.2361111111111111 0.016145833333333335 0.046296296296296294
2 0.5247395833333334 0.3060185185185185 0.016145833333333335 0.049074074074074076
2 0.4700520833333333 0.31574074074074077 0.016145833333333335 0.05925925925925926
2 0.18645833333333334 0.19907407407407407 0.014583333333333334 0.03888888888888889
2 0.5533854166666666 0.20972222222222223 0.008854166666666666 0.04537037037037037
2 0.15755208333333334 0.5282407407407408 0.021354166666666667 0.062037037037037036
2 0.6502604166666667 0.48842592592592593 0.016145833333333335 0.06388888888888888
2 0.91640625 0.4078703703703704 0.013020833333333334 0.062037037037037036
2 0.05546875 0.4166666666666667 0.025520833333333333 0.06851851851851852
2 0.9036458333333334 0.32314814814814813 0.014583333333333334 0.05555555555555555
1 0.8619791666666666 0.3055555555555556 0.007291666666666667 0.011111111111111112
2 0.012760416666666666 0.14675925925925926 0.0109375 0.03796296296296296
