1 0.6880208333333333 0.38842592592592595 0.013541666666666667 0.05277777777777778
1 0.496875 0.6287037037037037 0.025 0.08148148148148149
1 0.7205729166666667 0.21481481481481482 0.0109375 0.03888888888888889
1 0.84921875 0.36712962962962964 0.0109375 0.05092592592592592
1 0.2109375 0.6018518518518519 0.026041666666666668 0.08333333333333333
1 0.5002604166666667 0.5328703703703703 0.028645833333333332 0.0712962962962963
1 0.88359375 0.5152777777777777 0.016145833333333335 0.06759259259259259
1 0.47291666666666665 0.3162037037037037 0.011458333333333333 0.041666666666666664
1 0.15 0.7550925925925925 0.04375 0.08981481481481482
1 0.44895833333333335 0.18194444444444444 0.007291666666666667 0.03425925925925926
1 0.30182291666666666 0.7916666666666666 0.03697916666666667 0.07407407407407407
1 0.578125 0.22083333333333333 0.009375 0.041666666666666664
1 0.10026041666666667 0.2833333333333333 0.0171875 0.046296296296296294
1 0.45859375 0.38287037037037036 0.0171875 0.05462962962962963
1 0.3958333333333333 0.35694444444444445 0.019791666666666666 0.05462962962962963
1 0.15807291666666667 0.25555555555555554 0.0109375 0.037037037037037035
1 0.51796875 0.262037037037037 0.011979166666666667 0.044444444444444446
1 0.23333333333333334 0.5777777777777777 0.017708333333333333 0.08518518518518518
1 0.56015625 0.562037037037037 0.015104166666666667 0.06666666666666667
1 0.859375 0.4759259259259259 0.013541666666666667 0.06111111111111111
1 0.005989583333333334 0.48842592592592593 0.0140625 0.05648148148148148
1 0.8549479166666667 0.3888888888888889 0.013020833333333334 0.05740740740740741
0 0.2390625 0.5268518518518519 0.009375 0.012962962962962963
1 0.027864583333333335 0.18796296296296297 0.009895833333333333 0.02962962962962963
