2 0.8208333333333333 0.3439814814814815 0.0125 0.05277777777777778
2 0.5614583333333333 0.6138888888888889 0.029166666666666667 0.09259259259259259
2 0.7497395833333333 0.175 0.008854166666666666 0.040740740740740744
2 0.9408854166666667 0.33194444444444443 0.0171875 0.05462962962962963
2 0.12630208333333334 0.5768518518518518 0.024479166666666666 0.08703703703703704
2 0.61328125 0.4439814814814815 0.0140625 0.06574074074074074
2 0.5328125 0.25833333333333336 0.011458333333333333 0.04814814814814815
2 0.30442708333333335 0.7050925925925926 0.015104166666666667 0.10462962962962963
2 0.4708333333333333 0.13333333333333333 0.007291666666666667 0.03518518518518519
2 0.48541666666666666 0.7375 0.029166666666666667 0.09537037037037037
2 0.62734375 0.1587962962962963 0.009895833333333333 0.03796296296296296
2 0.16171875 0.23981481481481481 0.0140625 0.04814814814814815
2 0.5299479166666666 0.3060185185185185 0.013020833333333334 0.05092592592592592
2 0.48932291666666666 0.3226851851851852 0.015104166666666667 0.05462962962962963
2 0.20572916666666666 0.2013888888888889 0.009375 0.03981481481481482
2 0.5627604166666667 0.21435185185185185 0.0067708333333333336 0.04351851851851852
2 0.15703125 0.538425925925926 0.016145833333333335 0.0787037037037037
2 0.6416666666666667 0.487962962962963 0.03229166666666667 0.07222222222222222
2 0.9153645833333334 0.4101851851851852 0.0265625 0.06111111111111111
2 0.06666666666666667 0.4083333333333333 0.021875 0.06296296296296296
2 0.9080729166666667 0.31851851851851853 0.016145833333333335 0.05
1 0.9471875 0.3558148148148148 0.005312500000000024 0.008111111111111156
2 0.02578125 0.15 0.0109375 0.037037037037037035
