2 0.7890625 0.33564814814814814 0.020833333333333332 0.049074074074074076
2 0.5658854166666667 0.5907407407407408 0.018229166666666668 0.08703703703703704
2 0.7369791666666666 0.17037037037037037 0.009375 0.040740740740740744
2 0.9255208333333333 0.325 0.019791666666666666 0.053703703703703705
2 0.11796875 0.5657407407407408 0.0234375 0.07962962962962963
2 0.615625 0.45601851851851855 0.019791666666666666 0.06574074074074074
2 0.5161458333333333 0.2564814814814815 0.013541666666666667 0.046296296296296294
2 0.3033854166666667 0.7125 0.022395833333333334 0.09722222222222222
2 0.45546875 0.1287037037037037 0.009895833333333333 0.03148148148148148
2 0.4630208333333333 0.7361111111111112 0.027083333333333334 0.09444444444444444
2 0.609375 0.15787037037037038 0.010416666666666666 0.032407407407407406
2 0.14036458333333332 0.23564814814814813 0.015104166666666667 0.04722222222222222
2 0.5244791666666667 0.3050925925925926 0.015625 0.049074074074074076
2 0.47161458333333334 0.3162037037037037 0.0171875 0.06018518518518518
2 0.1875 0.1986111111111111 0.014583333333333334 0.03796296296296296
2 0.5533854166666666 0.21064814814814814 0.008854166666666666 0.04537037037037037
2 0.15651041666666668 0.5291666666666667 0.019270833333333334 0.06388888888888888
2 0.6489583333333333 0.487962962962963 0.015625 0.06296296296296296
2 0.9161458333333333 0.40694444444444444 0.013541666666666667 0.062037037037037036
2 0.05572916666666667 0.4148148148148148 0.025 0.06851851851851852
2 0.903125 0.3226851851851852 0.014583333333333334 0.05648148148148148
1 0.8619791666666666 0.3055555555555556 0.007291666666666667 0.011111111111111112
2 0.013020833333333334 0.14629629629629629 0.011458333333333333 0.037037037037037035
