1 0.7192708333333333 0.36203703703703705 0.016666666666666666 0.04259259259259259
1 0.5309895833333333 0.5972222222222222 0.0296875 0.07222222222222222
1 0.7111979166666667 0.19166666666666668 0.0078125 0.03888888888888889
1 0.8776041666666666 0.3388888888888889 0.013541666666666667 0.037037037037037035
1 0.13932291666666666 0.6060185185185185 0.0203125 0.07685185185185185
1 0.55390625 0.512962962962963 0.0203125 0.06666666666666667
1 0.9307291666666667 0.5041666666666667 0.017708333333333333 0.06388888888888888
1 0.47682291666666665 0.2865740740740741 0.011979166666666667 0.04537037037037037
1 0.21770833333333334 0.7666666666666667 0.03958333333333333 0.0962962962962963
1 0.43125 0.15462962962962962 0.007291666666666667 0.03148148148148148
1 0.36380208333333336 0.7666666666666667 0.0296875 0.08518518518518518
1 0.5734375 0.18935185185185185 0.009375 0.03611111111111111
1 0.09036458333333333 0.26296296296296295 0.019270833333333334 0.046296296296296294
1 0.4822916666666667 0.350462962962963 0.01875 0.05648148148148148
1 0.4119791666666667 0.3365740740740741 0.020833333333333332 0.05277777777777778
1 0.14583333333333334 0.2310185185185185 0.015625 0.03425925925925926
1 0.5291666666666667 0.2375 0.015625 0.041666666666666664
1 0.1984375 0.5768518518518518 0.01875 0.07592592592592592
1 0.61796875 0.5458333333333333 0.0296875 0.0712962962962963
1 0.8817708333333333 0.44351851851851853 0.014583333333333334 0.05740740740740741
1 0.00703125 0.4638888888888889 0.0140625 0.06296296296296296
1 0.87265625 0.36203703703703705 0.013020833333333334 0.05555555555555555
0 0.4769713541666667 0.32743055555555556 0.009807291666666688 0.011712962962962942
