1 0.7010416666666667 0.37222222222222223 0.011458333333333333 0.04814814814814815
1 0.5138020833333333 0.6092592592592593 0.030729166666666665 0.07407407407407407
1 0.7135416666666666 0.20185185185185187 0.011458333333333333 0.037037037037037035
1 0.86015625 0.35 0.013020833333333334 0.05185185185185185
1 0.178125 0.6134259259259259 0.029166666666666667 0.075
1 0.52734375 0.525 0.0234375 0.07222222222222222
1 0.90625 0.5069444444444444 0.01875 0.06759259259259259
1 0.4708333333333333 0.3 0.013541666666666667 0.044444444444444446
1 0.18229166666666666 0.7657407407407407 0.03333333333333333 0.09814814814814815
1 0.4375 0.16666666666666666 0.008333333333333333 0.03333333333333333
1 0.3299479166666667 0.7685185185185185 0.021354166666666667 0.07037037037037037
1 0.57265625 0.2013888888888889 0.008854166666666666 0.03796296296296296
1 0.09036458333333333 0.27361111111111114 0.0203125 0.04722222222222222
1 0.46901041666666665 0.3675925925925926 0.015104166666666667 0.05
1 0.4010416666666667 0.3472222222222222 0.021875 0.05555555555555555
1 0.146875 0.24305555555555555 0.0125 0.03425925925925926
1 0.5231770833333333 0.25 0.016145833333333335 0.044444444444444446
1 0.21328125 0.6037037037037037 0.018229166666666668 0.07777777777777778
1 0.590625 0.5546296296296296 0.026041666666666668 0.06851851851851852
1 0.86953125 0.4597222222222222 0.015104166666666667 0.058333333333333334
1 0.00390625 0.4759259259259259 0.0078125 0.06851851851851852
1 0.8635416666666667 0.37453703703703706 0.014583333333333334 0.05462962962962963
1 0.35598958333333336 0.40555555555555556 0.008854166666666666 0.011111111111111112
1 0.006645833333333334 0.18078703703703702 0.011166666666666667 0.03518518518518519
