2 0.6908854166666667 0.38333333333333336 0.011979166666666667 0.05185185185185185
2 0.5 0.6199074074074075 0.026041666666666668 0.08055555555555556
2 0.7174479166666666 0.21064814814814814 0.008854166666666666 0.03981481481481482
2 0.85 0.3597222222222222 0.013541666666666667 0.05092592592592592
2 0.20598958333333334 0.6092592592592593 0.0328125 0.08888888888888889
2 0.5078125 0.5305555555555556 0.015625 0.07037037037037037
2 0.8916666666666667 0.5125 0.021875 0.06759259259259259
2 0.471875 0.31296296296296294 0.010416666666666666 0.04259259259259259
2 0.15625 0.7615740740740741 0.0375 0.09537037037037037
2 0.44557291666666665 0.17592592592592593 0.0078125 0.03333333333333333
2 0.30652343750000005 0.7830231481481481 0.03264062499999998 0.07006481481481477
2 0.5765625 0.21203703703703702 0.010416666666666666 0.037037037037037035
2 0.09739583333333333 0.27824074074074073 0.01875 0.049074074074074076
2 0.4609375 0.37824074074074077 0.014583333333333334 0.05648148148148148
2 0.3966145833333333 0.35185185185185186 0.0171875 0.05185185185185185
2 0.15703125 0.25277777777777777 0.013020833333333334 0.03518518518518519
2 0.5203125 0.2569444444444444 0.016666666666666666 0.04351851851851852
2 0.22682291666666668 0.5777777777777777 0.015104166666666667 0.1
2 0.5703125 0.5574074074074075 0.028125 0.06851851851851852
2 0.8614583333333333 0.4703703703703704 0.013541666666666667 0.05925925925925926
2 0.85703125 0.38657407407407407 0.011979166666666667 0.05648148148148148
1 0.26848958333333334 0.49074074074074076 0.008854166666666666 0.011111111111111112
2 0.020833333333333332 0.18333333333333332 0.008333333333333333 0.02962962962962963
