2 0.6809895833333334 0.4 0.013020833333333334 0.05185185185185185
2 0.4890625 0.6356481481481482 0.025 0.08055555555555556
2 0.7294270833333333 0.22407407407407406 0.008854166666666666 0.03518518518518519
2 0.8442708333333333 0.3773148148148148 0.014583333333333334 0.05277777777777778
2 0.22864583333333333 0.5944444444444444 0.022916666666666665 0.08518518518518518
2 0.48984375 0.5393518518518519 0.0171875 0.075
2 0.8739583333333333 0.5189814814814815 0.025 0.06574074074074074
2 0.475 0.3296296296296296 0.0125 0.040740740740740744
2 0.13619791666666667 0.7509259259259259 0.0328125 0.09074074074074075
2 0.4609375 0.19074074074074074 0.008333333333333333 0.03148148148148148
2 0.28802083333333334 0.8115740740740741 0.0375 0.08981481481481482
2 0.58359375 0.22916666666666666 0.009895833333333333 0.03981481481481482
2 0.1140625 0.2865740740740741 0.016666666666666666 0.04537037037037037
2 0.453125 0.39305555555555555 0.0125 0.05462962962962963
2 0.39453125 0.3611111111111111 0.016145833333333335 0.05185185185185185
2 0.17005208333333333 0.2638888888888889 0.009895833333333333 0.037037037037037035
2 0.5184895833333333 0.2689814814814815 0.0171875 0.04351851851851852
2 0.2515625 0.5726851851851852 0.022916666666666665 0.08055555555555556
2 0.54921875 0.5671296296296297 0.022395833333333334 0.06759259259259259
2 0.8546875 0.48935185185185187 0.013541666666666667 0.06018518518518518
2 0.005729166666666666 0.4898148148148148 0.0125 0.06666666666666667
2 0.85390625 0.4013888888888889 0.0140625 0.05648148148148148
1 0.203125 0.5138888888888888 0.008333333333333333 0.011111111111111112
2 0.04816927083333333 0.19096296296296297 0.010130208333333328 0.03435185185185185
