2 0.68828125 0.4393518518518518 0.013020833333333334 0.05092592592592592
2 0.44244791666666666 0.6722222222222223 0.021354166666666667 0.06666666666666667
2 0.865625 0.25925925925925924 0.010416666666666666 0.03518518518518519
2 0.875 0.44027777777777777 0.015625 0.05092592592592592
2 0.32526041666666666 0.5439814814814815 0.024479166666666666 0.05462962962962963
2 0.47604166666666664 0.55 0.021875 0.06296296296296296
2 0.8809895833333333 0.5680555555555555 0.019270833333333334 0.05648148148148148
2 0.5388020833333333 0.3768518518518518 0.0140625 0.04814814814814815
2 0.096875 0.7462962962962963 0.0375 0.07407407407407407
2 0.58828125 0.2212962962962963 0.008854166666666666 0.027777777777777776
2 0.12083333333333333 0.8189814814814815 0.028125 0.0787037037037037
2 0.6723958333333333 0.27546296296296297 0.013541666666666667 0.041666666666666664
2 0.27890625 0.2675925925925926 0.0140625 0.04259259259259259
2 0.47708333333333336 0.4064814814814815 0.015625 0.05
2 0.4510416666666667 0.3731481481481482 0.013541666666666667 0.044444444444444446
2 0.31744791666666666 0.26481481481481484 0.009895833333333333 0.02962962962962963
2 0.57265625 0.28194444444444444 0.0140625 0.03981481481481482
2 0.39114583333333336 0.5986111111111111 0.028125 0.062037037037037036
2 0.5002604166666667 0.5773148148148148 0.0296875 0.06018518518518518
2 0.8869791666666667 0.5365740740740741 0.013541666666666667 0.04351851851851852
2 0.11302083333333333 0.4300925925925926 0.022916666666666665 0.05277777777777778
2 0.9026041666666667 0.45694444444444443 0.015625 0.05277777777777778
1 0.06796875 0.7712962962962963 0.009895833333333333 0.012962962962962963
2 0.237578125 0.17558333333333334 0.008697916666666661 0.025925925925925925
