2 0.7065104166666667 0.46111111111111114 0.011979166666666667 0.04814814814814815
2 0.36223958333333334 0.6212962962962963 0.028645833333333332 0.06296296296296296
2 0.054427083333333334 0.29768518518518516 0.011979166666666667 0.041666666666666664
2 0.9111979166666667 0.5273148148148148 0.018229166666666668 0.05648148148148148
2 0.36223958333333334 0.4828703703703704 0.018229166666666668 0.049074074074074076
2 0.46197916666666666 0.5347222222222222 0.020833333333333332 0.058333333333333334
2 0.9140625 0.6810185185185185 0.023958333333333335 0.06944444444444445
2 0.56796875 0.37824074074074077 0.018229166666666668 0.04351851851851852
2 0.046875 0.7185185185185186 0.020833333333333332 0.08333333333333333
2 0.6854166666666667 0.24861111111111112 0.010416666666666666 0.032407407407407406
2 0.14296875 0.6717592592592593 0.0171875 0.06388888888888888
2 0.7528645833333333 0.31574074074074077 0.0109375 0.037037037037037035
2 0.42213541666666665 0.2523148148148148 0.009895833333333333 0.03611111111111111
2 0.5106770833333333 0.387037037037037 0.0109375 0.044444444444444446
2 0.48203125 0.37916666666666665 0.018229166666666668 0.04537037037037037
2 0.4328125 0.262037037037037 0.008333333333333333 0.03148148148148148
2 0.62578125 0.2875 0.0171875 0.032407407407407406
2 0.3768229166666667 0.5319444444444444 0.016145833333333335 0.06018518518518518
2 0.45729166666666665 0.6013888888888889 0.03229166666666667 0.06388888888888888
2 0.9291666666666667 0.6236111111111111 0.020833333333333332 0.058333333333333334
2 0.26588541666666665 0.35138888888888886 0.011979166666666667 0.04537037037037037
2 0.9458333333333333 0.5189814814814815 0.017708333333333333 0.05462962962962963
2 0.4147916666666667 0.1637037037037037 0.006697916666666674 0.02194444444444446
