2 0.6927083333333334 0.43703703703703706 0.022916666666666665 0.05
2 0.44296875 0.6666666666666666 0.034895833333333334 0.07222222222222222
2 0.8822916666666667 0.2611111111111111 0.015625 0.03518518518518519
2 0.8815104166666666 0.4462962962962963 0.0203125 0.053703703703703705
2 0.3372395833333333 0.5361111111111111 0.024479166666666666 0.05740740740740741
2 0.48151041666666666 0.5504629629629629 0.0140625 0.06018518518518518
2 0.890625 0.5694444444444444 0.022916666666666665 0.05555555555555555
2 0.5473958333333333 0.3726851851851852 0.013541666666666667 0.041666666666666664
2 0.08984375 0.7402777777777778 0.0359375 0.058333333333333334
2 0.6015625 0.22175925925925927 0.00625 0.030555555555555555
2 0.12005208333333334 0.7953703703703704 0.04010416666666667 0.07037037037037037
2 0.6828125 0.2777777777777778 0.009375 0.040740740740740744
2 0.29791666666666666 0.26296296296296295 0.010416666666666666 0.03888888888888889
2 0.48515625 0.4009259259259259 0.016145833333333335 0.05185185185185185
2 0.46015625 0.3731481481481482 0.016145833333333335 0.046296296296296294
2 0.334375 0.26342592592592595 0.009375 0.026851851851851852
2 0.5822916666666667 0.28055555555555556 0.011458333333333333 0.03888888888888889
2 0.39765625 0.5949074074074074 0.024479166666666666 0.06018518518518518
2 0.4981770833333333 0.5726851851851852 0.018229166666666668 0.05462962962962963
2 0.8953854166666666 0.5443240740740741 0.018406249999999957 0.049074074074074076
2 0.134375 0.4203703703703704 0.026041666666666668 0.05555555555555555
2 0.91171875 0.46064814814814814 0.021354166666666667 0.05462962962962963
1 0.07682291666666667 0.7435185185185185 0.008854166666666666 0.014814814814814815
2 0.2615416666666667 0.17360185185185187 0.008697916666666661 0.025925925925925925
