1 0.6861979166666666 0.462037037037037 0.011979166666666667 0.05
1 0.3177083333333333 0.611574074074074 0.026041666666666668 0.062037037037037036
1 0.0484375 0.29768518518518516 0.011458333333333333 0.03796296296296296
1 0.8859375 0.5310185185185186 0.017708333333333333 0.058333333333333334
1 0.33489583333333334 0.48333333333333334 0.017708333333333333 0.05
1 0.4270833333333333 0.5314814814814814 0.023958333333333335 0.05740740740740741
1 0.8796875 0.6898148148148148 0.025 0.06666666666666667
1 0.5442708333333334 0.37592592592592594 0.0125 0.04259259259259259
1 0.017447916666666667 0.6939814814814815 0.0234375 0.08055555555555556
1 0.6692708333333334 0.25 0.011458333333333333 0.03148148148148148
1 0.12291666666666666 0.6921296296296297 0.03125 0.06388888888888888
1 0.7419270833333333 0.32222222222222224 0.0109375 0.03888888888888889
1 0.40859375 0.2550925925925926 0.009895833333333333 0.03611111111111111
1 0.4859375 0.38287037037037036 0.0125 0.04537037037037037
1 0.45651041666666664 0.3800925925925926 0.0203125 0.04722222222222222
1 0.4192708333333333 0.2657407407407407 0.011458333333333333 0.02962962962962963
1 0.6049479166666667 0.2875 0.011979166666666667 0.03425925925925926
1 0.35130208333333335 0.5208333333333334 0.015104166666666667 0.062037037037037036
1 0.4239583333333333 0.6050925925925926 0.025 0.06574074074074074
1 0.8966145833333333 0.625462962962963 0.0203125 0.06018518518518518
1 0.25677083333333334 0.3490740740740741 0.011458333333333333 0.046296296296296294
1 0.9166666666666666 0.5166666666666667 0.020833333333333332 0.05555555555555555
1 0.40922395833333336 0.16271296296296298 0.006479166666666636 0.02194444444444446
