2 0.6783854166666666 0.4425925925925926 0.0171875 0.05555555555555555
2 0.44635416666666666 0.6842592592592592 0.027083333333333334 0.06666666666666667
2 0.8231770833333333 0.2564814814814815 0.011979166666666667 0.03518518518518519
2 0.8552083333333333 0.4310185185185185 0.0125 0.049074074074074076
2 0.29973958333333334 0.5708333333333333 0.019270833333333334 0.05462962962962963
2 0.46458333333333335 0.5523148148148148 0.01875 0.05462962962962963
2 0.8638020833333333 0.5519907407407407 0.021354166666666667 0.06453703703703707
2 0.51875 0.3787037037037037 0.016666666666666666 0.05
2 0.08411458333333334 0.7472222222222222 0.0359375 0.06296296296296296
2 0.5510416666666667 0.22268518518518518 0.009375 0.032407407407407406
2 0.14713541666666666 0.8675925925925926 0.04739583333333333 0.08888888888888889
2 0.64453125 0.275 0.011979166666666667 0.03888888888888889
2 0.22942708333333334 0.2814814814814815 0.016145833333333335 0.040740740740740744
2 0.4583333333333333 0.41574074074074074 0.019791666666666666 0.053703703703703705
2 0.4265625 0.38055555555555554 0.0125 0.044444444444444446
2 0.27265625 0.27546296296296297 0.0109375 0.030555555555555555
2 0.5489583333333333 0.28935185185185186 0.010416666666666666 0.03981481481481482
2 0.36875 0.6106481481481482 0.028125 0.05648148148148148
2 0.49921875 0.5875 0.0234375 0.062037037037037036
2 0.8708020833333333 0.536 0.014583333333333334 0.056000000000000015
2 0.06927083333333334 0.46620370370370373 0.027083333333333334 0.06018518518518518
2 0.8825520833333333 0.44814814814814813 0.016145833333333335 0.05185185185185185
1 0.05651041666666667 0.8337962962962963 0.009895833333333333 0.01574074074074074
2 0.17918229166666666 0.18932407407407406 0.0078125 0.025925925925925925
