2 0.7450520833333333 0.4564814814814815 0.0203125 0.05
2 0.42526041666666664 0.6337962962962963 0.027604166666666666 0.0712962962962963
2 0.061197916666666664 0.29259259259259257 0.015104166666666667 0.03888888888888889
2 0.96171875 0.524537037037037 0.0265625 0.06018518518518518
2 0.403125 0.4842592592592593 0.021875 0.05185185185185185
2 0.5183255208333333 0.5341203703703704 0.022255208333333283 0.046037037037037064
2 0.9666666666666667 0.6777777777777778 0.027083333333333334 0.06851851851851852
2 0.6065104166666667 0.37916666666666665 0.0109375 0.03981481481481482
2 0.11458333333333333 0.7226851851851852 0.040625 0.08611111111111111
2 0.7143229166666667 0.24259259259259258 0.0109375 0.03148148148148148
2 0.1770234375 0.6398842592592593 0.018973958333333336 0.040749999999999995
2 0.7791666666666667 0.3037037037037037 0.014583333333333334 0.03888888888888889
2 0.44166666666666665 0.2439814814814815 0.009375 0.03425925925925926
2 0.5510416666666667 0.387037037037037 0.014583333333333334 0.044444444444444446
2 0.521875 0.3685185185185185 0.017708333333333333 0.046296296296296294
2 0.4544270833333333 0.25324074074074077 0.0109375 0.028703703703703703
2 0.66328125 0.2847222222222222 0.0109375 0.03611111111111111
2 0.425 0.5365740740740741 0.027083333333333334 0.058333333333333334
2 0.50859375 0.5879629629629629 0.018229166666666668 0.06111111111111111
2 0.9822916666666667 0.6240740740740741 0.01875 0.05925925925925926
2 0.2791666666666667 0.3490740740740741 0.010416666666666666 0.04814814814814815
2 0.9911458333333333 0.5194444444444445 0.013541666666666667 0.06481481481481481
2 0.42526041666666664 0.15787037037037038 0.0067708333333333336 0.021296296296296296
