2 0.71953125 0.4597222222222222 0.018229166666666668 0.049074074074074076
2 0.38697916666666665 0.625462962962963 0.023958333333333335 0.06759259259259259
2 0.058854166666666666 0.29583333333333334 0.014583333333333334 0.03981481481481482
2 0.9263020833333333 0.524537037037037 0.024479166666666666 0.05648148148148148
2 0.3809895833333333 0.48333333333333334 0.022395833333333334 0.05185185185185185
2 0.48411458333333335 0.5347222222222222 0.028645833333333332 0.058333333333333334
2 0.9307291666666667 0.6796296296296296 0.029166666666666667 0.06666666666666667
2 0.58203125 0.38287037037037036 0.009895833333333333 0.03796296296296296
2 0.07317708333333334 0.7203703703703703 0.030729166666666665 0.08148148148148149
2 0.6958333333333333 0.24722222222222223 0.011458333333333333 0.03333333333333333
2 0.15520833333333334 0.6537037037037037 0.013541666666666667 0.04814814814814815
2 0.76171875 0.3087962962962963 0.013020833333333334 0.03611111111111111
2 0.43125 0.2513888888888889 0.011458333333333333 0.030555555555555555
2 0.528125 0.38796296296296295 0.014583333333333334 0.044444444444444446
2 0.4986979166666667 0.3731481481481482 0.0140625 0.044444444444444446
2 0.44166666666666665 0.25925925925925924 0.013541666666666667 0.02962962962962963
2 0.6380208333333334 0.2884259259259259 0.008333333333333333 0.03425925925925926
2 0.39947916666666666 0.5333333333333333 0.021875 0.05740740740740741
2 0.47994791666666664 0.5995370370370371 0.0203125 0.06574074074074074
2 0.9463541666666667 0.6240740740740741 0.01875 0.06296296296296296
2 0.2716145833333333 0.3527777777777778 0.015104166666666667 0.046296296296296294
2 0.96328125 0.5189814814814815 0.027604166666666666 0.05462962962962963
2 0.4175286458333333 0.16285185185185186 0.007015625000000014 0.021944444444444433
