1 0.75234375 0.44722222222222224 0.0203125 0.05185185185185185
1 0.45026041666666666 0.6324074074074074 0.0296875 0.06851851851851852
1 0.030989583333333334 0.2962962962962963 0.018229166666666668 0.03888888888888889
1 0.9700520833333334 0.5069444444444444 0.027604166666666666 0.05648148148148148
1 0.4109375 0.4847222222222222 0.020833333333333332 0.05277777777777778
1 0.5284765625000001 0.5361666666666666 0.021317708333333366 0.05275925925925917
1 0.9770833333333333 0.649074074074074 0.023958333333333335 0.07407407407407407
1 0.6145833333333334 0.3712962962962963 0.013541666666666667 0.04259259259259259
1 0.13984375 0.7194444444444444 0.04635416666666667 0.08333333333333333
1 0.7127604166666667 0.23194444444444445 0.0067708333333333336 0.028703703703703703
1 0.17902864583333333 0.6452314814814814 0.026390625000000008 0.05011111111111111
1 0.7796875 0.29074074074074074 0.013541666666666667 0.03888888888888889
1 0.43333333333333335 0.23657407407407408 0.010416666666666666 0.032407407407407406
1 0.5567708333333333 0.3837962962962963 0.016666666666666666 0.04537037037037037
1 0.5268229166666667 0.3625 0.0140625 0.04351851851851852
1 0.44973958333333336 0.24351851851851852 0.0109375 0.02962962962962963
1 0.6658854166666667 0.27824074074074073 0.008854166666666666 0.03425925925925926
1 0.4388020833333333 0.5425925925925926 0.0265625 0.06111111111111111
1 0.5268229166666667 0.5708333333333333 0.018229166666666668 0.05277777777777778
1 0.9895833333333334 0.6097222222222223 0.016666666666666666 0.06018518518518518
1 0.2708333333333333 0.35185185185185186 0.013541666666666667 0.04814814814814815
1 0.11901041666666666 0.8416666666666667 0.0078125 0.012962962962962963
1 0.4131171875 0.1507777777777778 0.0064635416666666504 0.022037037037037046
