1 0.678125 0.44212962962962965 0.013541666666666667 0.05277777777777778
1 0.4432291666666667 0.6800925925925926 0.028125 0.06388888888888888
1 0.8299479166666667 0.2569444444444444 0.013020833333333334 0.03611111111111111
1 0.85625 0.43194444444444446 0.01875 0.05092592592592592
1 0.30494791666666665 0.5648148148148148 0.024479166666666666 0.05555555555555555
1 0.46380208333333334 0.5537037037037037 0.028645833333333332 0.06111111111111111
1 0.8658854166666666 0.5523148148148148 0.021354166666666667 0.06574074074074074
1 0.5200520833333333 0.3800925925925926 0.011979166666666667 0.049074074074074076
1 0.08489583333333334 0.7435185185185185 0.03854166666666667 0.05740740740740741
1 0.5567708333333333 0.22314814814814815 0.009375 0.03333333333333333
1 0.13619791666666667 0.8662037037037037 0.04010416666666667 0.09166666666666666
1 0.64765625 0.2763888888888889 0.009895833333333333 0.03981481481481482
1 0.23697916666666666 0.2791666666666667 0.014583333333333334 0.03981481481481482
1 0.4591145833333333 0.41574074074074074 0.013020833333333334 0.05185185185185185
1 0.4296875 0.3787037037037037 0.013541666666666667 0.04259259259259259
1 0.27890625 0.2726851851851852 0.008854166666666666 0.030555555555555555
1 0.5520833333333334 0.28703703703703703 0.015625 0.03888888888888889
1 0.3731770833333333 0.6125 0.030729166666666665 0.06388888888888888
1 0.4981770833333333 0.5875 0.0296875 0.06574074074074074
1 0.874203125 0.5365185185185186 0.014583333333333334 0.05392592592592583
1 0.0734375 0.4601851851851852 0.020833333333333332 0.05740740740740741
1 0.8848958333333333 0.45 0.017708333333333333 0.053703703703703705
0 0.05911458333333333 0.8564814814814815 0.009895833333333333 0.012962962962962963
1 0.19270833333333334 0.18796296296296297 0.0125 0.025925925925925925
