2 0.7453125 0.4425925925925926 0.013541666666666667 0.05185185185185185
2 0.4513020833333333 0.6388888888888888 0.0265625 0.07037037037037037
2 0.0067708333333333336 0.30324074074074076 0.011458333333333333 0.04351851851851852
2 0.9591145833333333 0.49583333333333335 0.018229166666666668 0.05648148148148148
2 0.40260416666666665 0.4875 0.019791666666666666 0.05277777777777778
2 0.526125 0.5363564814814816 0.02147916666666667 0.05545370370370369
2 0.9622395833333334 0.6351851851851852 0.0296875 0.06851851851851852
2 0.6049479166666667 0.3699074074074074 0.011979166666666667 0.04351851851851852
2 0.13645833333333332 0.7203703703703703 0.035416666666666666 0.07407407407407407
2 0.6984375 0.2263888888888889 0.011458333333333333 0.028703703703703703
2 0.17278645833333334 0.6579490740740741 0.03530208333333332 0.05650925925925923
2 0.7674479166666667 0.2847222222222222 0.0109375 0.03796296296296296
2 0.41848958333333336 0.23657407407407408 0.013020833333333334 0.032407407407407406
2 0.5479166666666667 0.3851851851851852 0.010416666666666666 0.046296296296296294
2 0.5208333333333334 0.3611111111111111 0.013541666666666667 0.04259259259259259
2 0.4356770833333333 0.24212962962962964 0.0067708333333333336 0.03425925925925926
2 0.6546875 0.274537037037037 0.016666666666666666 0.03425925925925926
2 0.434375 0.5449074074074074 0.020833333333333332 0.06018518518518518
2 0.5231770833333333 0.5699074074074074 0.024479166666666666 0.058333333333333334
2 0.9739765625 0.5946666666666667 0.021182291666666585 0.05555555555555555
2 0.25338541666666664 0.3574074074074074 0.011979166666666667 0.04814814814814815
2 0.99453125 0.5023148148148148 0.011979166666666667 0.058333333333333334
1 0.09348958333333333 0.8310185185185185 0.008854166666666666 0.01574074074074074
2 0.3936171875 0.14781481481481482 0.006463541666666709 0.02399999999999999
