2 0.7424479166666667 0.4564814814814815 0.022395833333333334 0.05
2 0.4234375 0.6319444444444444 0.029166666666666667 0.0712962962962963
2 0.0609375 0.29398148148148145 0.013541666666666667 0.03796296296296296
2 0.9575520833333333 0.525 0.027604166666666666 0.05925925925925926
2 0.40208333333333335 0.48518518518518516 0.020833333333333332 0.05185185185185185
2 0.5122395833333333 0.5342592592592592 0.0203125 0.046296296296296294
2 0.9643229166666667 0.6782407407407407 0.0234375 0.06574074074074074
2 0.60390625 0.37824074074074077 0.009895833333333333 0.03611111111111111
2 0.11015625 0.7245925925925926 0.0453125 0.0962962962962963
2 0.71171875 0.24305555555555555 0.0067708333333333336 0.032407407407407406
2 0.17578125 0.6444444444444445 0.019270833333333334 0.04814814814814815
2 0.7776041666666667 0.30462962962962964 0.014583333333333334 0.03888888888888889
2 0.44036458333333334 0.24537037037037038 0.0078125 0.03333333333333333
2 0.5486979166666667 0.38657407407407407 0.0171875 0.04351851851851852
2 0.5197916666666667 0.36898148148148147 0.01875 0.04537037037037037
2 0.453125 0.25416666666666665 0.010416666666666666 0.028703703703703703
2 0.6604166666666667 0.2847222222222222 0.00625 0.03611111111111111
2 0.42239583333333336 0.5365740740740741 0.027083333333333334 0.058333333333333334
2 0.50546875 0.5856481481481481 0.0171875 0.06388888888888888
2 0.9786458333333333 0.6222222222222222 0.019791666666666666 0.05740740740740741
2 0.278125 0.3490740740740741 0.010416666666666666 0.04814814814814815
2 0.9895833333333334 0.5212962962962963 0.017708333333333333 0.05925925925925926
2 0.4239765625 0.15875 0.007015625000000014 0.02194444444444446
