2 0.6752604166666667 0.44212962962962965 0.019270833333333334 0.05462962962962963
2 0.4591145833333333 0.6912037037037037 0.0296875 0.0712962962962963
2 0.79609375 0.25277777777777777 0.009895833333333333 0.03518518518518519
2 0.8502604166666666 0.4236111111111111 0.0140625 0.04351851851851852
2 0.28125 0.5884259259259259 0.025 0.05648148148148148
2 0.46484375 0.5564814814814815 0.022395833333333334 0.05740740740740741
2 0.8597109374999999 0.5470324074074074 0.01505729166666659 0.057787037037037005
2 0.5059895833333333 0.37453703703703706 0.016145833333333335 0.05092592592592592
2 0.08760416666666666 0.75 0.043958333333333335 0.06666666666666667
2 0.5247395833333334 0.22083333333333333 0.008854166666666666 0.028703703703703703
2 0.17526041666666667 0.8787037037037037 0.043229166666666666 0.07777777777777778
2 0.6263020833333334 0.26990740740740743 0.013020833333333334 0.041666666666666664
2 0.19166666666666668 0.29074074074074074 0.016666666666666666 0.04259259259259259
2 0.4510416666666667 0.4203703703703704 0.021875 0.05555555555555555
2 0.41354166666666664 0.38101851851851853 0.017708333333333333 0.04722222222222222
2 0.240625 0.2814814814814815 0.0125 0.03333333333333333
2 0.5356770833333333 0.2902777777777778 0.0109375 0.03981481481481482
2 0.34791666666666665 0.6143518518518518 0.027083333333333334 0.058333333333333334
2 0.5044270833333333 0.5921296296296297 0.022395833333333334 0.058333333333333334
2 0.8625520833333333 0.5305555555555556 0.014895833333333405 0.05740740740740741
2 0.041666666666666664 0.4875 0.03333333333333333 0.06388888888888888
2 0.8708333333333333 0.44305555555555554 0.013541666666666667 0.05277777777777778
1 0.06171875 0.700925925925926 0.0109375 0.016666666666666666
2 0.1448098958333333 0.19825 0.008255208333333316 0.025925925925925925
