2 0.7140625 0.43657407407407406 0.020833333333333332 0.05092592592592592
2 0.4471354166666667 0.6537037037037037 0.033854166666666664 0.07037037037037037
2 0.94375 0.26666666666666666 0.010416666666666666 0.037037037037037035
2 0.9125 0.4615740740740741 0.019791666666666666 0.05462962962962963
2 0.3671875 0.5111111111111111 0.020833333333333332 0.05555555555555555
2 0.5034348958333333 0.5443564814814814 0.014994791666666648 0.06258333333333337
2 0.9216145833333333 0.5916666666666667 0.0265625 0.06296296296296296
2 0.5739583333333333 0.3675925925925926 0.016666666666666666 0.044444444444444446
2 0.11145833333333334 0.7319444444444444 0.025 0.0787037037037037
2 0.64375 0.2212962962962963 0.008333333333333333 0.02962962962962963
2 0.12869791666666666 0.7231481481481481 0.03010416666666667 0.06666666666666667
2 0.7171875 0.2791666666666667 0.009375 0.03611111111111111
2 0.35234375 0.24537037037037038 0.0109375 0.037037037037037035
2 0.51328125 0.38981481481481484 0.019270833333333334 0.05
2 0.48854166666666665 0.3662037037037037 0.016666666666666666 0.04722222222222222
2 0.3796875 0.25 0.009375 0.02962962962962963
2 0.6127604166666667 0.274537037037037 0.008854166666666666 0.03981481481481482
2 0.41328125 0.5712962962962963 0.022395833333333334 0.06296296296296296
2 0.50859375 0.5643518518518519 0.016145833333333335 0.04537037037037037
2 0.92734375 0.5606481481481481 0.015104166666666667 0.05462962962962963
2 0.18802083333333333 0.387037037037037 0.022916666666666665 0.053703703703703705
2 0.9447916666666667 0.4740740740740741 0.021875 0.05555555555555555
1 0.09375 0.7273148148148149 0.010416666666666666 0.013888888888888888
2 0.32172395833333334 0.15775 0.008697916666666632 0.025925925925925925
