1 0.6919270833333333 0.4388888888888889 0.016145833333333335 0.05
1 0.4434895833333333 0.6675925925925926 0.0265625 0.06481481481481481
1 0.8739583333333333 0.25972222222222224 0.013541666666666667 0.03425925925925926
1 0.878125 0.44305555555555554 0.019791666666666666 0.05462962962962963
1 0.33229166666666665 0.5402777777777777 0.026041666666666668 0.058333333333333334
1 0.4791666666666667 0.5509259259259259 0.021875 0.06481481481481481
1 0.8869791666666667 0.5694444444444444 0.01875 0.053703703703703705
1 0.54140625 0.3763888888888889 0.0140625 0.04722222222222222
1 0.09661458333333334 0.7476851851851852 0.03697916666666667 0.07314814814814814
1 0.5950520833333334 0.22175925925925927 0.0078125 0.030555555555555555
1 0.12135416666666667 0.8083333333333333 0.0375 0.07407407407407407
1 0.6786458333333333 0.27685185185185185 0.013541666666666667 0.04259259259259259
1 0.28854166666666664 0.26666666666666666 0.011458333333333333 0.03888888888888889
1 0.48020833333333335 0.40324074074074073 0.013541666666666667 0.049074074074074076
1 0.45677083333333335 0.37222222222222223 0.016666666666666666 0.044444444444444446
1 0.3263020833333333 0.26435185185185184 0.0109375 0.028703703703703703
1 0.57734375 0.2810185185185185 0.0171875 0.03796296296296296
1 0.39557291666666666 0.5958333333333333 0.028645833333333332 0.06388888888888888
1 0.5005208333333333 0.575462962962963 0.029166666666666667 0.06018518518518518
1 0.8921875 0.5412037037037037 0.013541666666666667 0.05092592592592592
1 0.12317708333333334 0.4263888888888889 0.0234375 0.05462962962962963
1 0.90625 0.45694444444444443 0.020833333333333332 0.05277777777777778
0 0.07213541666666666 0.7564814814814815 0.008854166666666666 0.012962962962962963
1 0.24983854166666666 0.1745925925925926 0.00869791666666669 0.025925925925925925
