2 0.6544270833333333 0.4685185185185185 0.018229166666666668 0.05185185185185185
2 0.20234375 0.5699074074074074 0.028645833333333332 0.062037037037037036
2 0.11171875 0.25416666666666665 0.011979166666666667 0.03796296296296296
2 0.8755208333333333 0.5638888888888889 0.017708333333333333 0.06111111111111111
2 0.2791666666666667 0.44583333333333336 0.015625 0.05277777777777778
2 0.34791666666666665 0.5046296296296297 0.0125 0.05555555555555555
2 0.7966145833333333 0.7398148148148148 0.0359375 0.07037037037037037
2 0.5140625 0.3453703703703704 0.008333333333333333 0.040740740740740744
2 0.06796875 0.5444444444444444 0.019270833333333334 0.06666666666666667
2 0.6583333333333333 0.24166666666666667 0.010416666666666666 0.03333333333333333
2 0.12103645833333333 0.6815972222222222 0.017020833333333322 0.0693981481481482
2 0.7666666666666667 0.35462962962962963 0.011458333333333333 0.046296296296296294
2 0.40182291666666664 0.24768518518518517 0.011979166666666667 0.03796296296296296
2 0.4322916666666667 0.35324074074074074 0.0125 0.041666666666666664
2 0.41328125 0.3699074074074074 0.019270833333333334 0.049074074074074076
2 0.415625 0.25601851851851853 0.010416666666666666 0.03425925925925926
2 0.5645833333333333 0.2810185185185185 0.015625 0.03796296296296296
2 0.32083333333333336 0.4300925925925926 0.016666666666666666 0.04722222222222222
2 0.359375 0.5402777777777777 0.015625 0.062037037037037036
2 0.8197916666666667 0.6435185185185185 0.035416666666666666 0.06481481481481481
2 0.27317708333333335 0.3175925925925926 0.015104166666666667 0.04259259259259259
2 0.8640625 0.5263888888888889 0.015625 0.058333333333333334
2 0.44088541666666664 0.14444444444444443 0.0067708333333333336 0.022222222222222223
