2 0.6533854166666667 0.4685185185185185 0.011979166666666667 0.05185185185185185
2 0.20989583333333334 0.5763888888888888 0.026041666666666668 0.05648148148148148
2 0.09505208333333333 0.2625 0.0109375 0.03796296296296296
2 0.8666666666666667 0.5560185185185185 0.022916666666666665 0.06018518518518518
2 0.28046875 0.45416666666666666 0.018229166666666668 0.05277777777777778
2 0.35104166666666664 0.5060185185185185 0.013541666666666667 0.04537037037037037
2 0.8041666666666667 0.7351851851851852 0.016666666666666666 0.06851851851851852
2 0.5119791666666667 0.3490740740740741 0.0125 0.03888888888888889
2 0.050520833333333334 0.5601851851851852 0.020833333333333332 0.06666666666666667
2 0.653125 0.24444444444444444 0.008333333333333333 0.037037037037037035
2 0.10820572916666667 0.6922592592592592 0.023276041666666667 0.07100000000000006
2 0.7552083333333334 0.350462962962963 0.0125 0.04722222222222222
2 0.39609375 0.2513888888888889 0.008854166666666666 0.03611111111111111
2 0.43359375 0.3587962962962963 0.011979166666666667 0.04537037037037037
2 0.4109375 0.3731481481481482 0.016666666666666666 0.04814814814814815
2 0.41041666666666665 0.25972222222222224 0.011458333333333333 0.032407407407407406
2 0.5651041666666666 0.2833333333333333 0.009375 0.037037037037037035
2 0.31796875 0.44537037037037036 0.013020833333333334 0.053703703703703705
2 0.3611979166666667 0.5513888888888889 0.0203125 0.058333333333333334
2 0.82578125 0.6421296296296296 0.019270833333333334 0.062037037037037036
2 0.26328125 0.32314814814814813 0.013020833333333334 0.044444444444444446
2 0.8638020833333333 0.5212962962962963 0.022395833333333334 0.05740740740740741
2 0.43046875 0.15 0.005729166666666666 0.022222222222222223
