2 0.6645833333333333 0.4652777777777778 0.019791666666666666 0.05092592592592592
2 0.26796875 0.6018518518518519 0.028645833333333332 0.06481481481481481
2 0.054947916666666666 0.2912037037037037 0.011979166666666667 0.03981481481481482
2 0.8627604166666667 0.5342592592592592 0.019270833333333334 0.05925925925925926
2 0.3026041666666667 0.4837962962962963 0.017708333333333333 0.05092592592592592
2 0.39088541666666665 0.5300925925925926 0.024479166666666666 0.05462962962962963
2 0.84296875 0.7032407407407407 0.0296875 0.06944444444444445
2 0.521875 0.36944444444444446 0.008333333333333333 0.04259259259259259
2 0.009895833333333333 0.6481481481481481 0.019791666666666666 0.07592592592592592
2 0.65390625 0.2513888888888889 0.011979166666666667 0.032407407407407406
2 0.09817708333333333 0.7097222222222223 0.025520833333333333 0.07314814814814814
2 0.7346354166666667 0.33101851851851855 0.0109375 0.03981481481481482
2 0.39557291666666666 0.25972222222222224 0.009895833333333333 0.03611111111111111
2 0.4583333333333333 0.3773148148148148 0.01875 0.041666666666666664
2 0.42864583333333334 0.3819444444444444 0.016666666666666666 0.04537037037037037
2 0.40625 0.2689814814814815 0.007291666666666667 0.030555555555555555
2 0.58203125 0.2884259259259259 0.0109375 0.032407407407407406
2 0.32786458333333335 0.4962962962962963 0.0171875 0.05740740740740741
2 0.38307291666666665 0.5967592592592592 0.018229166666666668 0.06388888888888888
2 0.86015625 0.625462962962963 0.025520833333333333 0.062037037037037036
2 0.2546875 0.3425925925925926 0.015625 0.04259259259259259
2 0.8838541666666667 0.5152777777777777 0.023958333333333335 0.05462962962962963
2 0.409390625 0.16271296296296298 0.006479166666666695 0.02194444444444446
