2 0.62734375 0.4777777777777778 0.011979166666666667 0.053703703703703705
2 0.15208333333333332 0.5435185185185185 0.022916666666666665 0.06481481481481481
2 0.1734375 0.2152777777777778 0.0125 0.03796296296296296
2 0.8872395833333333 0.5972222222222222 0.025520833333333333 0.06666666666666667
2 0.2578125 0.39166666666666666 0.0125 0.05
2 0.3359375 0.45555555555555555 0.014583333333333334 0.05555555555555555
2 0.6903645833333333 0.7462962962962963 0.0234375 0.07222222222222222
2 0.5098958333333333 0.3125 0.015625 0.03981481481481482
2 0.115625 0.45092592592592595 0.01875 0.05925925925925926
2 0.6526041666666667 0.22453703703703703 0.007291666666666667 0.032407407407407406
2 0.20911458333333333 0.6189814814814815 0.0203125 0.06388888888888888
2 0.7825520833333334 0.37083333333333335 0.018229166666666668 0.05277777777777778
2 0.4010416666666667 0.2273148148148148 0.010416666666666666 0.03981481481481482
2 0.40911458333333334 0.31851851851851853 0.008854166666666666 0.037037037037037035
2 0.409375 0.35185185185185186 0.009375 0.05
2 0.43020833333333336 0.23287037037037037 0.008333333333333333 0.03796296296296296
2 0.5322916666666667 0.2726851851851852 0.008333333333333333 0.03981481481481482
2 0.30182291666666666 0.3638888888888889 0.016145833333333335 0.04814814814814815
2 0.35598958333333336 0.4537037037037037 0.013020833333333334 0.05925925925925926
2 0.7247395833333333 0.6328703703703704 0.016145833333333335 0.06388888888888888
2 0.2986979166666667 0.2851851851851852 0.013020833333333334 0.046296296296296294
2 0.8013020833333333 0.5101851851851852 0.021354166666666667 0.06296296296296296
2 0.47317708333333336 0.12083333333333333 0.0067708333333333336 0.023148148148148147
