1 0.6536458333333334 0.4703703703703704 0.013541666666666667 0.05185185185185185
1 0.21197916666666666 0.5810185185185185 0.028125 0.062037037037037036
1 0.09010416666666667 0.2657407407407407 0.011458333333333333 0.037037037037037035
1 0.8651041666666667 0.5541666666666667 0.021875 0.06018518518518518
1 0.28072916666666664 0.45694444444444443 0.019791666666666666 0.05277777777777778
1 0.353125 0.5125 0.014583333333333334 0.049074074074074076
1 0.8072916666666666 0.7351851851851852 0.020833333333333332 0.06851851851851852
1 0.5114583333333333 0.35185185185185186 0.010416666666666666 0.037037037037037035
1 0.04505208333333333 0.5675925925925925 0.021354166666666667 0.06851851851851852
1 0.6518229166666667 0.2462962962962963 0.0078125 0.037037037037037035
1 0.10542968750000001 0.6922592592592592 0.023276041666666667 0.07100000000000006
1 0.7520833333333333 0.3486111111111111 0.0125 0.04537037037037037
1 0.39479166666666665 0.25416666666666665 0.008333333333333333 0.03611111111111111
1 0.43333333333333335 0.362962962962963 0.010416666666666666 0.044444444444444446
1 0.4109375 0.37592592592592594 0.017708333333333333 0.046296296296296294
1 0.4083333333333333 0.26157407407407407 0.010416666666666666 0.032407407407407406
1 0.5651041666666666 0.2847222222222222 0.0125 0.03611111111111111
1 0.31614583333333335 0.45 0.0125 0.05
1 0.35989583333333336 0.5560185185185185 0.019791666666666666 0.06018518518518518
1 0.8268229166666666 0.6407407407407407 0.025520833333333333 0.06296296296296296
1 0.2609375 0.325 0.0125 0.044444444444444446
1 0.865625 0.5199074074074074 0.01875 0.05462962962962963
1 0.42734375 0.15092592592592594 0.005729166666666666 0.022222222222222223
