2 0.6518229166666667 0.4689814814814815 0.011979166666666667 0.05092592592592592
2 0.18098958333333334 0.5430555555555555 0.027604166666666666 0.06388888888888888
2 0.15729166666666666 0.22407407407407406 0.010416666666666666 0.03888888888888889
2 0.9002604166666667 0.5856481481481481 0.019270833333333334 0.06574074074074074
2 0.2796875 0.40694444444444444 0.015625 0.05092592592592592
2 0.3453125 0.475 0.013541666666666667 0.06111111111111111
2 0.7591145833333334 0.7518518518518519 0.028645833333333332 0.07222222222222222
2 0.5223958333333333 0.32037037037037036 0.009375 0.044444444444444446
2 0.10520833333333333 0.4777777777777778 0.022916666666666665 0.06296296296296296
2 0.6677083333333333 0.22962962962962963 0.008333333333333333 0.03333333333333333
2 0.177765625 0.6391111111111111 0.021312499999999977 0.06949999999999995
2 0.79375 0.36666666666666664 0.0125 0.05185185185185185
2 0.4119791666666667 0.2310185185185185 0.010416666666666666 0.03796296296296296
2 0.4265625 0.33240740740740743 0.011458333333333333 0.04814814814814815
2 0.4171875 0.3541666666666667 0.016666666666666666 0.05092592592592592
2 0.43307291666666664 0.2375 0.008854166666666666 0.03611111111111111
2 0.5596354166666667 0.2726851851851852 0.008854166666666666 0.03796296296296296
2 0.3234375 0.38564814814814813 0.016666666666666666 0.04722222222222222
2 0.3625 0.48935185185185187 0.013541666666666667 0.062037037037037036
2 0.7885416666666667 0.6439814814814815 0.023958333333333335 0.06574074074074074
2 0.29401041666666666 0.29305555555555557 0.011979166666666667 0.04537037037037037
2 0.846875 0.5212962962962963 0.016666666666666666 0.06296296296296296
2 0.4703125 0.12638888888888888 0.00625 0.021296296296296296
