1 0.6552083333333333 0.46944444444444444 0.011458333333333333 0.05185185185185185
1 0.20286458333333332 0.5657407407407408 0.0296875 0.05925925925925926
1 0.11744791666666667 0.2513888888888889 0.011979166666666667 0.03796296296296296
1 0.8770833333333333 0.5652777777777778 0.021875 0.062037037037037036
1 0.2794270833333333 0.4425925925925926 0.013020833333333334 0.053703703703703705
1 0.34869791666666666 0.5023148148148148 0.0109375 0.05462962962962963
1 0.7966145833333333 0.7435185185185185 0.0265625 0.06851851851851852
1 0.51640625 0.34120370370370373 0.009895833333333333 0.041666666666666664
1 0.07291666666666667 0.5370370370370371 0.019791666666666666 0.06851851851851852
1 0.6604166666666667 0.24074074074074073 0.00625 0.03333333333333333
1 0.12862500000000002 0.6744398148148149 0.01161458333333334 0.061435185185185204
1 0.7713541666666667 0.35462962962962963 0.011458333333333333 0.046296296296296294
1 0.4036458333333333 0.24675925925925926 0.009375 0.03796296296296296
1 0.4328125 0.3509259259259259 0.009375 0.044444444444444446
1 0.41380208333333335 0.3675925925925926 0.0171875 0.05
1 0.4200520833333333 0.2537037037037037 0.013020833333333334 0.03518518518518519
1 0.5661458333333333 0.2810185185185185 0.0125 0.03796296296296296
1 0.32109375 0.42685185185185187 0.0171875 0.04814814814814815
1 0.3609375 0.5342592592592592 0.016666666666666666 0.06296296296296296
1 0.8205729166666667 0.6462962962962963 0.0296875 0.06481481481481481
1 0.27578125 0.3148148148148148 0.0140625 0.044444444444444446
1 0.8638020833333333 0.5263888888888889 0.016145833333333335 0.06018518518518518
1 0.44557291666666665 0.1425925925925926 0.0078125 0.022222222222222223
