2 0.6528645833333333 0.4699074074074074 0.0171875 0.05092592592592592
2 0.21302083333333333 0.5842592592592593 0.028125 0.06296296296296296
2 0.08619791666666667 0.26851851851851855 0.0109375 0.037037037037037035
2 0.86328125 0.5518518518518518 0.0203125 0.06111111111111111
2 0.2796875 0.4597222222222222 0.01875 0.05462962962962963
2 0.35703125 0.5143518518518518 0.021354166666666667 0.04722222222222222
2 0.8078125 0.7319444444444444 0.028125 0.06944444444444445
2 0.51015625 0.3541666666666667 0.008854166666666666 0.03796296296296296
2 0.040364583333333336 0.5745370370370371 0.0203125 0.06944444444444445
2 0.6505208333333333 0.24722222222222223 0.009375 0.03518518518518519
2 0.09919010416666667 0.6922592592592592 0.023276041666666667 0.07100000000000006
2 0.7486979166666666 0.3472222222222222 0.0109375 0.044444444444444446
2 0.3932291666666667 0.2550925925925926 0.010416666666666666 0.03611111111111111
2 0.43385416666666665 0.36435185185185187 0.011458333333333333 0.04351851851851852
2 0.41119791666666666 0.3763888888888889 0.019270833333333334 0.04537037037037037
2 0.40677083333333336 0.2625 0.008333333333333333 0.032407407407407406
2 0.5645833333333333 0.2851851851851852 0.015625 0.037037037037037035
2 0.31536458333333334 0.4532407407407407 0.0140625 0.049074074074074076
2 0.35833333333333334 0.5611111111111111 0.019791666666666666 0.06296296296296296
2 0.82734375 0.637962962962963 0.0296875 0.06296296296296296
2 0.2591145833333333 0.32731481481481484 0.013020833333333334 0.04537037037037037
2 0.8657994791666667 0.5216388888888889 0.019338541666666723 0.06087037037037038
2 0.42421875 0.1527777777777778 0.005729166666666666 0.022222222222222223
