2 0.6354166666666666 0.47314814814814815 0.013541666666666667 0.053703703703703705
2 0.16119791666666666 0.5453703703703704 0.0234375 0.06481481481481481
2 0.16536458333333334 0.21898148148148147 0.009895833333333333 0.03796296296296296
2 0.8893229166666666 0.5884259259259259 0.021354166666666667 0.06574074074074074
2 0.2638020833333333 0.3990740740740741 0.011979166666666667 0.05
2 0.33828125 0.4638888888888889 0.015104166666666667 0.06111111111111111
2 0.71171875 0.7490740740740741 0.019270833333333334 0.07407407407407407
2 0.5119791666666667 0.3125 0.010416666666666666 0.041666666666666664
2 0.11119791666666666 0.4597222222222222 0.019270833333333334 0.062037037037037036
2 0.6552083333333333 0.22777777777777777 0.00625 0.03148148148148148
2 0.19557291666666668 0.625 0.015104166666666667 0.06481481481481481
2 0.7838541666666666 0.3680555555555556 0.013541666666666667 0.05462962962962963
2 0.40208333333333335 0.22962962962962963 0.008333333333333333 0.037037037037037035
2 0.41380208333333335 0.32916666666666666 0.015104166666666667 0.04722222222222222
2 0.4125 0.35324074074074074 0.015625 0.05092592592592592
2 0.42916666666666664 0.23703703703703705 0.010416666666666666 0.03333333333333333
2 0.53984375 0.2722222222222222 0.009895833333333333 0.04259259259259259
2 0.30911458333333336 0.37037037037037035 0.0140625 0.05
2 0.3575520833333333 0.4675925925925926 0.0140625 0.05740740740740741
2 0.7466145833333333 0.6361111111111111 0.0203125 0.06851851851851852
2 0.2942708333333333 0.28935185185185186 0.010416666666666666 0.04537037037037037
2 0.8145833333333333 0.5111111111111111 0.026041666666666668 0.05555555555555555
2 0.47109375 0.12407407407407407 0.005729166666666666 0.020370370370370372
