2 0.65234375 0.4699074074074074 0.0171875 0.05092592592592592
2 0.2125 0.5833333333333334 0.028125 0.06296296296296296
2 0.08619791666666667 0.26851851851851855 0.0109375 0.037037037037037035
2 0.8630208333333333 0.5513888888888889 0.019791666666666666 0.062037037037037036
2 0.2794270833333333 0.4597222222222222 0.019270833333333334 0.05462962962962963
2 0.35651041666666666 0.5152777777777777 0.021354166666666667 0.049074074074074076
2 0.8067708333333333 0.7324074074074074 0.028125 0.06851851851851852
2 0.5096354166666667 0.3541666666666667 0.008854166666666666 0.03796296296296296
2 0.040625 0.5736111111111111 0.020833333333333332 0.06944444444444445
2 0.65 0.24722222222222223 0.009375 0.03518518518518519
2 0.10023177083333333 0.6922592592592592 0.023276041666666667 0.07100000000000006
2 0.7484375 0.3472222222222222 0.011458333333333333 0.044444444444444446
2 0.3927083333333333 0.2550925925925926 0.010416666666666666 0.03611111111111111
2 0.43333333333333335 0.36435185185185187 0.010416666666666666 0.04351851851851852
2 0.41067708333333336 0.3763888888888889 0.019270833333333334 0.04537037037037037
2 0.40625 0.262037037037037 0.008333333333333333 0.03333333333333333
2 0.5635416666666667 0.2851851851851852 0.016666666666666666 0.037037037037037035
2 0.31484375 0.4527777777777778 0.0140625 0.04814814814814815
2 0.3575520833333333 0.5606481481481481 0.0203125 0.06388888888888888
2 0.8260416666666667 0.637962962962963 0.030208333333333334 0.06296296296296296
2 0.25885416666666666 0.3263888888888889 0.013541666666666667 0.04537037037037037
2 0.8657421875 0.5210648148148148 0.019140625 0.0587962962962963
2 0.42421875 0.1527777777777778 0.005729166666666666 0.022222222222222223
