1 0.6557291666666667 0.46944444444444444 0.017708333333333333 0.05185185185185185
1 0.2359375 0.5949074074074074 0.030208333333333334 0.062037037037037036
1 0.06744791666666666 0.28194444444444444 0.0109375 0.03796296296296296
1 0.8557291666666667 0.5416666666666666 0.022916666666666665 0.06111111111111111
1 0.28359375 0.475 0.0203125 0.05555555555555555
1 0.36875 0.5236111111111111 0.019791666666666666 0.05462962962962963
1 0.8216145833333334 0.7148148148148148 0.030729166666666665 0.06851851851851852
1 0.51171875 0.36527777777777776 0.008854166666666666 0.03981481481481482
1 0.021354166666666667 0.6129629629629629 0.019791666666666666 0.07222222222222222
1 0.6481770833333333 0.2490740740740741 0.0078125 0.02962962962962963
1 0.09114583333333333 0.7050925925925926 0.013541666666666667 0.07314814814814814
1 0.7385416666666667 0.3398148148148148 0.010416666666666666 0.04259259259259259
1 0.390625 0.2601851851851852 0.009375 0.03518518518518519
1 0.4421875 0.3726851851851852 0.013541666666666667 0.04351851851851852
1 0.415625 0.3819444444444444 0.015625 0.04722222222222222
1 0.40208333333333335 0.26666666666666666 0.008333333333333333 0.03333333333333333
1 0.56953125 0.2884259259259259 0.015104166666666667 0.03425925925925926
1 0.31875 0.4759259259259259 0.016666666666666666 0.05185185185185185
1 0.36822916666666666 0.5805555555555556 0.014583333333333334 0.06296296296296296
1 0.8388020833333333 0.6310185185185185 0.033854166666666664 0.06388888888888888
1 0.2513020833333333 0.337037037037037 0.013020833333333334 0.044444444444444446
1 0.8716145833333333 0.5166666666666667 0.0140625 0.05
1 0.4122916666666666 0.16219444444444445 0.005937499999999988 0.01901851851851851
