2 0.6625 0.4685185185185185 0.013541666666666667 0.05
2 0.2604166666666667 0.5986111111111111 0.030208333333333334 0.062037037037037036
2 0.05859375 0.2884259259259259 0.0109375 0.03981481481481482
2 0.859375 0.5388888888888889 0.022916666666666665 0.05925925925925926
2 0.29713541666666665 0.48148148148148145 0.0171875 0.05185185185185185
2 0.38229166666666664 0.5287037037037037 0.017708333333333333 0.05555555555555555
2 0.8377604166666667 0.7083333333333334 0.019270833333333334 0.06666666666666667
2 0.51953125 0.3685185185185185 0.013020833333333334 0.03888888888888889
2 0.0109375 0.6370370370370371 0.021875 0.07222222222222222
2 0.6520833333333333 0.2513888888888889 0.008333333333333333 0.032407407407407406
2 0.09088541666666666 0.7087962962962963 0.024479166666666666 0.075
2 0.73515625 0.33611111111111114 0.013020833333333334 0.044444444444444446
2 0.39453125 0.25925925925925924 0.0078125 0.03518518518518519
2 0.453125 0.37824074074074077 0.0125 0.04351851851851852
2 0.42604166666666665 0.3800925925925926 0.020833333333333332 0.04537037037037037
2 0.40625 0.26851851851851855 0.010416666666666666 0.03148148148148148
2 0.57890625 0.2902777777777778 0.0140625 0.032407407407407406
2 0.32369791666666664 0.4925925925925926 0.013020833333333334 0.05555555555555555
2 0.38046875 0.5912037037037037 0.022395833333333334 0.062037037037037036
2 0.8552083333333333 0.6296296296296297 0.025 0.06111111111111111
2 0.25416666666666665 0.34074074074074073 0.014583333333333334 0.04259259259259259
2 0.8815104166666666 0.5175925925925926 0.018229166666666668 0.05555555555555555
2 0.40955729166666666 0.16271296296296298 0.006479166666666695 0.02194444444444446
