2 0.6231770833333333 0.4777777777777778 0.016145833333333335 0.053703703703703705
2 0.15104166666666666 0.5439814814814815 0.022916666666666665 0.06388888888888888
2 0.17473958333333334 0.21481481481481482 0.011979166666666667 0.037037037037037035
2 0.8877604166666667 0.5981481481481481 0.024479166666666666 0.06666666666666667
2 0.25546875 0.38935185185185184 0.0140625 0.05092592592592592
2 0.33515625 0.45416666666666666 0.015104166666666667 0.05648148148148148
2 0.6830729166666667 0.7458333333333333 0.018229166666666668 0.07314814814814814
2 0.5091145833333334 0.3125 0.011979166666666667 0.03981481481481482
2 0.11588541666666667 0.4486111111111111 0.019270833333333334 0.058333333333333334
2 0.6510416666666666 0.2222222222222222 0.00625 0.03518518518518519
2 0.21119791666666668 0.6171296296296296 0.018229166666666668 0.062037037037037036
2 0.7825520833333334 0.36944444444444446 0.016145833333333335 0.05185185185185185
2 0.39869791666666665 0.22592592592592592 0.0078125 0.03888888888888889
2 0.4078125 0.31712962962962965 0.009375 0.03611111111111111
2 0.40859375 0.35185185185185186 0.0109375 0.05
2 0.42942708333333335 0.2324074074074074 0.0067708333333333336 0.037037037037037035
2 0.5286458333333334 0.27175925925925926 0.0125 0.03981481481481482
2 0.29791666666666666 0.36018518518518516 0.013541666666666667 0.05
2 0.35520833333333335 0.45 0.0125 0.05555555555555555
2 0.7205729166666667 0.6305555555555555 0.018229166666666668 0.06481481481481481
2 0.2989583333333333 0.2828703703703704 0.0125 0.04537037037037037
2 0.7981770833333334 0.5087962962962963 0.024479166666666666 0.062037037037037036
2 0.47239583333333335 0.12129629629629629 0.00625 0.020370370370370372
