2 0.6682291666666667 0.46574074074074073 0.0125 0.05185185185185185
2 0.27760416666666665 0.6060185185185185 0.025 0.06018518518518518
2 0.052083333333333336 0.2916666666666667 0.0125 0.03888888888888889
2 0.8671875 0.5333333333333333 0.016666666666666666 0.05555555555555555
2 0.30859375 0.4828703703703704 0.021354166666666667 0.05277777777777778
2 0.39739583333333334 0.5291666666666667 0.023958333333333335 0.05648148148148148
2 0.85234375 0.6990740740740741 0.0265625 0.07037037037037037
2 0.5265625 0.37037037037037035 0.013541666666666667 0.04259259259259259
2 0.008854166666666666 0.6597222222222222 0.01875 0.075
2 0.6567708333333333 0.25 0.0125 0.03148148148148148
2 0.10286458333333333 0.7069444444444445 0.022395833333333334 0.06759259259259259
2 0.7354166666666667 0.3314814814814815 0.010416666666666666 0.040740740740740744
2 0.39791666666666664 0.25833333333333336 0.010416666666666666 0.037037037037037035
2 0.46458333333333335 0.3800925925925926 0.013541666666666667 0.04537037037037037
2 0.4361979166666667 0.3824074074074074 0.021354166666666667 0.04814814814814815
2 0.40911458333333334 0.2675925925925926 0.0109375 0.03333333333333333
2 0.5864583333333333 0.2902777777777778 0.009375 0.032407407407407406
2 0.3302083333333333 0.5060185185185185 0.015625 0.06388888888888888
2 0.39348958333333334 0.5995370370370371 0.0234375 0.062037037037037036
2 0.86953125 0.625462962962963 0.0171875 0.058333333333333334
2 0.253125 0.34305555555555556 0.013541666666666667 0.04351851851851852
2 0.8893229166666666 0.5162037037037037 0.021354166666666667 0.058333333333333334
2 0.40922395833333336 0.16271296296296298 0.006479166666666636 0.02194444444444446
