2 0.6544270833333333 0.46805555555555556 0.016145833333333335 0.05092592592592592
2 0.20572916666666666 0.5740740740740741 0.022916666666666665 0.05925925925925926
2 0.10286458333333333 0.2587962962962963 0.011979166666666667 0.03796296296296296
2 0.8721354166666667 0.5611111111111111 0.019270833333333334 0.05740740740740741
2 0.2794270833333333 0.45092592592592595 0.015104166666666667 0.053703703703703705
2 0.35 0.5060185185185185 0.0125 0.05462962962962963
2 0.80078125 0.7356481481481482 0.0265625 0.0712962962962963
2 0.5143229166666666 0.3486111111111111 0.013020833333333334 0.03981481481481482
2 0.059895833333333336 0.5523148148148148 0.019791666666666666 0.06388888888888888
2 0.6559895833333333 0.24305555555555555 0.011979166666666667 0.03425925925925926
2 0.11375260416666667 0.6873287037037038 0.023276041666666667 0.0709907407407407
2 0.7611979166666667 0.35324074074074074 0.011979166666666667 0.04537037037037037
2 0.3997395833333333 0.25046296296296294 0.0109375 0.03425925925925926
2 0.434375 0.35509259259259257 0.015625 0.041666666666666664
2 0.4125 0.3712962962962963 0.01875 0.04814814814814815
2 0.4140625 0.2587962962962963 0.010416666666666666 0.032407407407407406
2 0.5661458333333333 0.2824074074074074 0.010416666666666666 0.03518518518518519
2 0.32005208333333335 0.43796296296296294 0.0140625 0.05
2 0.36015625 0.5476851851851852 0.018229166666666668 0.058333333333333334
2 0.82421875 0.6439814814814815 0.021354166666666667 0.06574074074074074
2 0.26796875 0.32037037037037036 0.015104166666666667 0.04259259259259259
2 0.8625 0.5231481481481481 0.025 0.05740740740740741
2 0.4359375 0.14675925925925926 0.00625 0.021296296296296296
