2 0.6609375 0.4689814814814815 0.011458333333333333 0.05092592592592592
2 0.25390625 0.5990740740740741 0.027604166666666666 0.06111111111111111
2 0.06067708333333333 0.2884259259259259 0.0109375 0.03981481481481482
2 0.8588541666666667 0.5407407407407407 0.020833333333333332 0.05925925925925926
2 0.29401041666666666 0.48055555555555557 0.0203125 0.053703703703703705
2 0.37838541666666664 0.5268518518518519 0.018229166666666668 0.05740740740740741
2 0.8341145833333333 0.7083333333333334 0.0171875 0.06666666666666667
2 0.5174479166666667 0.3685185185185185 0.016145833333333335 0.037037037037037035
2 0.012760416666666666 0.6314814814814815 0.022395833333333334 0.06851851851851852
2 0.6515625 0.25046296296296294 0.009375 0.030555555555555555
2 0.09010416666666667 0.7078703703703704 0.021875 0.075
2 0.7359375 0.33796296296296297 0.0125 0.044444444444444446
2 0.39348958333333334 0.25925925925925924 0.008854166666666666 0.03518518518518519
2 0.45078125 0.3768518518518518 0.013020833333333334 0.046296296296296294
2 0.42473958333333334 0.38101851851851853 0.022395833333333334 0.04722222222222222
2 0.40572916666666664 0.26805555555555555 0.0125 0.032407407407407406
2 0.5768229166666666 0.2912037037037037 0.0109375 0.032407407407407406
2 0.3223958333333333 0.49074074074074076 0.0125 0.05740740740740741
2 0.378125 0.5893518518518519 0.025 0.058333333333333334
2 0.8518229166666667 0.6314814814814815 0.019270833333333334 0.05925925925925926
2 0.253125 0.3402777777777778 0.0125 0.04351851851851852
2 0.8791666666666667 0.5175925925925926 0.01875 0.05740740740740741
2 0.40972395833333336 0.16271296296296298 0.006479166666666636 0.02194444444444446
