2 0.6325520833333333 0.4740740740740741 0.016145833333333335 0.05555555555555555
2 0.15729166666666666 0.5453703703703704 0.021875 0.06481481481481481
2 0.16770833333333332 0.21805555555555556 0.011458333333333333 0.03796296296296296
2 0.8895833333333333 0.5898148148148148 0.020833333333333332 0.06666666666666667
2 0.26328125 0.3962962962962963 0.0140625 0.05
2 0.3377604166666667 0.4597222222222222 0.0140625 0.06018518518518518
2 0.70703125 0.7476851851851852 0.024479166666666666 0.075
2 0.5104166666666666 0.31203703703703706 0.013541666666666667 0.040740740740740744
2 0.11223958333333334 0.4550925925925926 0.018229166666666668 0.058333333333333334
2 0.6544270833333333 0.22592592592592592 0.0067708333333333336 0.02962962962962963
2 0.19921875 0.6236111111111111 0.016145833333333335 0.06388888888888888
2 0.7822916666666667 0.36898148148148147 0.016666666666666666 0.05462962962962963
2 0.40208333333333335 0.22824074074074074 0.009375 0.03796296296296296
2 0.4125 0.32916666666666666 0.016666666666666666 0.04537037037037037
2 0.4125 0.3523148148148148 0.015625 0.05092592592592592
2 0.42994791666666665 0.2375 0.0109375 0.032407407407407406
2 0.5364583333333334 0.2712962962962963 0.0125 0.040740740740740744
2 0.30807291666666664 0.3680555555555556 0.015104166666666667 0.049074074074074076
2 0.35703125 0.4652777777777778 0.0140625 0.05648148148148148
2 0.73984375 0.6337962962962963 0.030729166666666665 0.06944444444444445
2 0.29609375 0.28888888888888886 0.011979166666666667 0.046296296296296294
2 0.8114583333333333 0.5115740740740741 0.022916666666666665 0.05648148148148148
2 0.47161458333333334 0.12314814814814815 0.005729166666666666 0.020370370370370372
