1 0.6200520833333333 0.4810185185185185 0.018229166666666668 0.05462962962962963
1 0.14635416666666667 0.5444444444444444 0.01875 0.06296296296296296
1 0.17604166666666668 0.21296296296296297 0.010416666666666666 0.037037037037037035
1 0.88828125 0.600462962962963 0.022395833333333334 0.06759259259259259
1 0.25026041666666665 0.387037037037037 0.011979166666666667 0.05
1 0.33307291666666666 0.45 0.015104166666666667 0.05555555555555555
1 0.66953125 0.7458333333333333 0.030729166666666665 0.07314814814814814
1 0.5067708333333333 0.31157407407407406 0.008333333333333333 0.041666666666666664
1 0.11588541666666667 0.44212962962962965 0.019270833333333334 0.05648148148148148
1 0.6489583333333333 0.22546296296296298 0.009375 0.026851851851851852
1 0.2140625 0.6143518518518518 0.013541666666666667 0.06388888888888888
1 0.7828125 0.36898148148148147 0.013541666666666667 0.05092592592592592
1 0.39765625 0.225 0.0078125 0.040740740740740744
1 0.40651041666666665 0.3175925925925926 0.008854166666666666 0.03518518518518519
1 0.4080729166666667 0.35185185185185186 0.013020833333333334 0.05
1 0.42890625 0.23333333333333334 0.0078125 0.03148148148148148
1 0.5244791666666667 0.27361111111111114 0.011458333333333333 0.03796296296296296
1 0.29453125 0.35833333333333334 0.011979166666666667 0.05185185185185185
1 0.35390625 0.4444444444444444 0.013020833333333334 0.05740740740740741
1 0.7091145833333333 0.6314814814814815 0.022395833333333334 0.06111111111111111
1 0.2984375 0.2814814814814815 0.011458333333333333 0.044444444444444446
1 0.79375 0.5087962962962963 0.017708333333333333 0.06018518518518518
1 0.47291666666666665 0.11990740740740741 0.005208333333333333 0.019444444444444445
