1 0.6122395833333333 0.4888888888888889 0.015104166666666667 0.05740740740740741
1 0.13567708333333334 0.5449074074074074 0.024479166666666666 0.06574074074074074
1 0.17734375 0.20787037037037037 0.011979166666666667 0.03796296296296296
1 0.8869791666666667 0.6087962962962963 0.026041666666666668 0.06759259259259259
1 0.234375 0.37824074074074077 0.0125 0.05277777777777778
1 0.3234375 0.4444444444444444 0.017708333333333333 0.05925925925925926
1 0.6302083333333334 0.7476851851851852 0.030208333333333334 0.06944444444444445
1 0.49973958333333335 0.3087962962962963 0.008854166666666666 0.04351851851851852
1 0.11354166666666667 0.4300925925925926 0.01875 0.06018518518518518
1 0.6442708333333333 0.2175925925925926 0.010416666666666666 0.037037037037037035
1 0.22447916666666667 0.6087962962962963 0.015625 0.06388888888888888
1 0.7802083333333333 0.3662037037037037 0.013541666666666667 0.05092592592592592
1 0.3919270833333333 0.2222222222222222 0.0109375 0.03888888888888889
1 0.40130208333333334 0.3111111111111111 0.008854166666666666 0.037037037037037035
1 0.4005208333333333 0.34953703703703703 0.011458333333333333 0.05092592592592592
1 0.425 0.2273148148148148 0.008333333333333333 0.03611111111111111
1 0.5109375 0.2722222222222222 0.008333333333333333 0.040740740740740744
1 0.28151041666666665 0.3490740740740741 0.008854166666666666 0.05
1 0.34296875 0.4287037037037037 0.016145833333333335 0.05555555555555555
1 0.6765625 0.6287037037037037 0.015625 0.06296296296296296
1 0.29296875 0.27685185185185185 0.0109375 0.046296296296296294
1 0.77578125 0.5064814814814815 0.0140625 0.06481481481481481
1 0.471875 0.11342592592592593 0.005208333333333333 0.019444444444444445
