2 0.5763020833333333 0.4962962962962963 0.0171875 0.06296296296296296
2 0.10052083333333334 0.5606481481481481 0.026041666666666668 0.06944444444444445
2 0.14739583333333334 0.2111111111111111 0.011458333333333333 0.03888888888888889
2 0.91640625 0.6805555555555556 0.030729166666666665 0.07777777777777778
2 0.17526041666666667 0.3800925925925926 0.016145833333333335 0.05462962962962963
2 0.2625 0.4393518518518518 0.0125 0.058333333333333334
2 0.436328125 0.7677037037037037 0.02255208333333331 0.07440740740740731
2 0.45598958333333334 0.32314814814814813 0.011979166666666667 0.044444444444444446
2 0.08958333333333333 0.43472222222222223 0.014583333333333334 0.06018518518518518
2 0.6122395833333333 0.22361111111111112 0.0078125 0.03611111111111111
2 0.24375 0.6087962962962963 0.015625 0.06574074074074074
2 0.7604166666666666 0.36018518518518516 0.013541666666666667 0.053703703703703705
2 0.35390625 0.22361111111111112 0.008854166666666666 0.041666666666666664
2 0.37265625 0.325 0.013020833333333334 0.05
2 0.35494791666666664 0.375 0.011979166666666667 0.05555555555555555
2 0.40651041666666665 0.22175925925925927 0.0109375 0.03796296296296296
2 0.45755208333333336 0.28564814814814815 0.0078125 0.04351851851851852
2 0.23723958333333334 0.34074074074074073 0.013020833333333334 0.05185185185185185
2 0.2638020833333333 0.41574074074074074 0.011979166666666667 0.05555555555555555
2 0.5143229166666666 0.6203703703703703 0.0234375 0.07222222222222222
2 0.2578125 0.2875 0.015625 0.04722222222222222
2 0.70625 0.5078703703703704 0.019791666666666666 0.06574074074074074
1 0.40729166666666666 0.762962962962963 0.009375 0.014814814814814815
2 0.44453125 0.11203703703703703 0.0067708333333333336 0.024074074074074074
