2 0.5932291666666667 0.487962962962963 0.013541666666666667 0.05925925925925926
2 0.109375 0.5444444444444444 0.020833333333333332 0.07222222222222222
2 0.16588541666666667 0.19583333333333333 0.013020833333333334 0.03981481481481482
2 0.9096354166666667 0.6606481481481481 0.0296875 0.08055555555555556
2 0.19635416666666666 0.36666666666666664 0.014583333333333334 0.05185185185185185
2 0.2869791666666667 0.4300925925925926 0.015625 0.062037037037037036
2 0.5119791666666667 0.7587962962962963 0.021875 0.075
2 0.4765625 0.31203703703703706 0.011458333333333333 0.037037037037037035
2 0.10234375 0.41388888888888886 0.0171875 0.06481481481481481
2 0.6315104166666666 0.20925925925925926 0.0078125 0.037037037037037035
2 0.2421875 0.6023148148148149 0.01875 0.06759259259259259
2 0.7752604166666667 0.3560185185185185 0.013020833333333334 0.05277777777777778
2 0.37109375 0.21157407407407408 0.009895833333333333 0.041666666666666664
2 0.3890625 0.30972222222222223 0.0125 0.05277777777777778
2 0.37473958333333335 0.3541666666666667 0.013020833333333334 0.05277777777777778
2 0.4192708333333333 0.2101851851851852 0.011458333333333333 0.03888888888888889
2 0.47942708333333334 0.26481481481481484 0.0078125 0.03518518518518519
2 0.25729166666666664 0.33055555555555555 0.014583333333333334 0.05
2 0.2950520833333333 0.4050925925925926 0.016145833333333335 0.05277777777777778
2 0.5768229166666666 0.6212962962962963 0.0296875 0.07222222222222222
2 0.2734375 0.26944444444444443 0.011458333333333333 0.046296296296296294
2 0.7390625 0.5 0.015625 0.06481481481481481
2 0.45989583333333334 0.09907407407407408 0.00625 0.024074074074074074
