2 0.60546875 0.48935185185185187 0.0171875 0.062037037037037036
2 0.11979166666666667 0.5449074074074074 0.019791666666666666 0.07314814814814814
2 0.17265625 0.20046296296296295 0.0109375 0.03981481481481482
2 0.89921875 0.6328703703703704 0.025520833333333333 0.07314814814814814
2 0.21119791666666668 0.37083333333333335 0.011979166666666667 0.05092592592592592
2 0.30703125 0.4351851851851852 0.016145833333333335 0.05925925925925926
2 0.57109375 0.75 0.03177083333333333 0.07592592592592592
2 0.48932291666666666 0.3087962962962963 0.008854166666666666 0.04722222222222222
2 0.10442708333333334 0.4152777777777778 0.0203125 0.058333333333333334
2 0.6385416666666667 0.21157407407407408 0.005208333333333333 0.03611111111111111
2 0.23385416666666667 0.6064814814814815 0.016666666666666666 0.06481481481481481
2 0.7799479166666666 0.3597222222222222 0.013020833333333334 0.05092592592592592
2 0.38046875 0.21342592592592594 0.008854166666666666 0.041666666666666664
2 0.39375 0.30972222222222223 0.009375 0.04722222222222222
2 0.3880208333333333 0.35 0.010416666666666666 0.05185185185185185
2 0.42135416666666664 0.2152777777777778 0.008333333333333333 0.03981481481481482
2 0.49375 0.26944444444444443 0.008333333333333333 0.03888888888888889
2 0.26640625 0.3384259259259259 0.013020833333333334 0.05462962962962963
2 0.31979166666666664 0.4134259259259259 0.015625 0.05277777777777778
2 0.6244791666666667 0.625462962962963 0.015625 0.06574074074074074
2 0.2828125 0.26851851851851855 0.014583333333333334 0.046296296296296294
2 0.7572916666666667 0.5037037037037037 0.019791666666666666 0.06111111111111111
2 0.465625 0.10277777777777777 0.00625 0.022222222222222223
