2 0.5526041666666667 0.5199074074074074 0.013541666666666667 0.06018518518518518
2 0.08619791666666667 0.5935185185185186 0.024479166666666666 0.06481481481481481
2 0.11380208333333333 0.24351851851851852 0.009895833333333333 0.040740740740740744
2 0.9130208333333333 0.7018518518518518 0.030208333333333334 0.07962962962962963
2 0.14348958333333334 0.40879629629629627 0.0171875 0.05277777777777778
2 0.22734375 0.4648148148148148 0.015104166666666667 0.06111111111111111
2 0.3658723958333333 0.7930462962962963 0.025578125000000007 0.08148148148148149
2 0.4234375 0.3523148148148148 0.013541666666666667 0.049074074074074076
2 0.06770833333333333 0.4722222222222222 0.022916666666666665 0.06296296296296296
2 0.5809895833333333 0.24861111111111112 0.0067708333333333336 0.03796296296296296
2 0.23567708333333334 0.637962962962963 0.022395833333333334 0.06851851851851852
2 0.7390625 0.3773148148148148 0.0125 0.05092592592592592
2 0.32395833333333335 0.2518518518518518 0.009375 0.04259259259259259
2 0.34270833333333334 0.3592592592592593 0.014583333333333334 0.05185185185185185
2 0.32526041666666666 0.4078703703703704 0.009895833333333333 0.05462962962962963
2 0.37890625 0.24675925925925926 0.008854166666666666 0.03796296296296296
2 0.42682291666666666 0.3138888888888889 0.011979166666666667 0.046296296296296294
2 0.20546875 0.36712962962962964 0.013020833333333334 0.05092592592592592
2 0.23489583333333333 0.44212962962962965 0.016666666666666666 0.05092592592592592
2 0.9850651041666667 0.9481018518518519 0.029348958333333286 0.08101851851851852
2 0.44609375 0.6351851851851852 0.021354166666666667 0.07037037037037037
2 0.225 0.324537037037037 0.011458333333333333 0.049074074074074076
2 0.6645833333333333 0.5180555555555556 0.019791666666666666 0.06018518518518518
1 0.3570286458333333 0.7719444444444444 0.008546875000000042 0.017222222222222243
2 0.4197916666666667 0.1412037037037037 0.007291666666666667 0.023148148148148147
