2 0.6067708333333334 0.48935185185185187 0.015625 0.06018518518518518
2 0.12604166666666666 0.5444444444444444 0.022916666666666665 0.06481481481481481
2 0.17395833333333333 0.2023148148148148 0.009375 0.03796296296296296
2 0.89296875 0.624537037037037 0.025520833333333333 0.07685185185185185
2 0.221875 0.37222222222222223 0.0125 0.05
2 0.3151041666666667 0.43703703703703706 0.016666666666666666 0.05740740740740741
2 0.5994791666666667 0.750462962962963 0.03125 0.07314814814814814
2 0.4940104166666667 0.3106481481481482 0.0140625 0.04351851851851852
2 0.10703125 0.42083333333333334 0.018229166666666668 0.06018518518518518
2 0.6411458333333333 0.2125 0.007291666666666667 0.03425925925925926
2 0.23098958333333333 0.6087962962962963 0.0203125 0.06574074074074074
2 0.7786458333333334 0.3648148148148148 0.016666666666666666 0.05185185185185185
2 0.3846354166666667 0.21712962962962962 0.0078125 0.03981481481481482
2 0.3971354166666667 0.31203703703703706 0.0109375 0.046296296296296294
2 0.39479166666666665 0.3476851851851852 0.011458333333333333 0.05277777777777778
2 0.421875 0.22083333333333333 0.007291666666666667 0.03611111111111111
2 0.5002604166666667 0.26990740740740743 0.009895833333333333 0.04351851851851852
2 0.27291666666666664 0.34305555555555556 0.0125 0.05092592592592592
2 0.33203125 0.41759259259259257 0.016145833333333335 0.05185185185185185
2 0.64921875 0.6291666666666667 0.018229166666666668 0.06388888888888888
2 0.28854166666666664 0.2722222222222222 0.013541666666666667 0.046296296296296294
2 0.7653645833333333 0.5055555555555555 0.015104166666666667 0.06481481481481481
2 0.46901041666666665 0.10787037037037037 0.005729166666666666 0.021296296296296296
