1 0.6010416666666667 0.48657407407407405 0.010416666666666666 0.06018518518518518
1 0.115625 0.5458333333333333 0.019791666666666666 0.075
1 0.17057291666666666 0.19814814814814816 0.0109375 0.040740740740740744
1 0.903125 0.6453703703703704 0.026041666666666668 0.07777777777777778
1 0.20546875 0.3685185185185185 0.0140625 0.05185185185185185
1 0.2986979166666667 0.43472222222222223 0.0140625 0.06018518518518518
1 0.54609375 0.7476851851851852 0.024479166666666666 0.06574074074074074
1 0.48541666666666666 0.30833333333333335 0.014583333333333334 0.046296296296296294
1 0.10416666666666667 0.41388888888888886 0.025 0.05925925925925926
1 0.6364583333333333 0.2101851851851852 0.009375 0.037037037037037035
1 0.23932291666666666 0.6069444444444444 0.021354166666666667 0.06944444444444445
1 0.7765625 0.3592592592592593 0.017708333333333333 0.05185185185185185
1 0.3770833333333333 0.21203703703703702 0.008333333333333333 0.040740740740740744
1 0.3927083333333333 0.30972222222222223 0.011458333333333333 0.049074074074074076
1 0.384375 0.3509259259259259 0.0125 0.05185185185185185
1 0.42109375 0.21296296296296297 0.009895833333333333 0.03888888888888889
1 0.48802083333333335 0.26851851851851855 0.008333333333333333 0.044444444444444446
1 0.26328125 0.3347222222222222 0.0140625 0.05277777777777778
1 0.3109375 0.4078703703703704 0.017708333333333333 0.05277777777777778
1 0.6091145833333333 0.6231481481481481 0.0265625 0.06666666666666667
1 0.28046875 0.26805555555555555 0.015104166666666667 0.04537037037037037
1 0.7473958333333334 0.5027777777777778 0.020833333333333332 0.06666666666666667
1 0.46432291666666664 0.09953703703703703 0.0067708333333333336 0.023148148148148147
