1 0.6151041666666667 0.4837962962962963 0.014583333333333334 0.058333333333333334
1 0.14192708333333334 0.5439814814814815 0.0203125 0.06388888888888888
1 0.17682291666666666 0.2101851851851852 0.008854166666666666 0.037037037037037035
1 0.88359375 0.6055555555555555 0.0296875 0.06666666666666667
1 0.24401041666666667 0.38055555555555554 0.015104166666666667 0.05
1 0.32734375 0.44675925925925924 0.013020833333333334 0.06018518518518518
1 0.646875 0.7476851851851852 0.019791666666666666 0.075
1 0.5036458333333333 0.3106481481481482 0.013541666666666667 0.04351851851851852
1 0.11614583333333334 0.43657407407407406 0.019791666666666666 0.058333333333333334
1 0.64609375 0.22175925925925927 0.005729166666666666 0.032407407407407406
1 0.22369791666666666 0.611574074074074 0.0203125 0.06574074074074074
1 0.7786458333333334 0.3685185185185185 0.01875 0.05185185185185185
1 0.39296875 0.22407407407407406 0.009895833333333333 0.03888888888888889
1 0.4041666666666667 0.31527777777777777 0.010416666666666666 0.03981481481481482
1 0.40390625 0.3509259259259259 0.009895833333333333 0.05185185185185185
1 0.42630208333333336 0.2300925925925926 0.005729166666666666 0.03425925925925926
1 0.5158854166666667 0.2712962962962963 0.013020833333333334 0.040740740740740744
1 0.2875 0.3523148148148148 0.009375 0.05092592592592592
1 0.3502604166666667 0.4356481481481482 0.0171875 0.05277777777777778
1 0.6890625 0.6282407407407408 0.028125 0.06944444444444445
1 0.29661458333333335 0.2791666666666667 0.013020833333333334 0.04537037037037037
1 0.78203125 0.5064814814814815 0.022395833333333334 0.05925925925925926
1 0.47239583333333335 0.1175925925925926 0.005208333333333333 0.016666666666666666
