2 0.6026041666666667 0.48657407407407405 0.010416666666666666 0.06018518518518518
2 0.11666666666666667 0.5458333333333333 0.019791666666666666 0.075
2 0.17135416666666667 0.19907407407407407 0.010416666666666666 0.040740740740740744
2 0.9013020833333333 0.6402777777777777 0.027604166666666666 0.075
2 0.20729166666666668 0.36944444444444446 0.014583333333333334 0.05185185185185185
2 0.3 0.43472222222222223 0.0125 0.06018518518518518
2 0.5565104166666667 0.7527777777777778 0.028645833333333332 0.07592592592592592
2 0.4864583333333333 0.3087962962962963 0.014583333333333334 0.04537037037037037
2 0.10390625 0.4134259259259259 0.024479166666666666 0.058333333333333334
2 0.6364583333333333 0.20972222222222223 0.009375 0.03796296296296296
2 0.23645833333333333 0.6069444444444444 0.017708333333333333 0.06759259259259259
2 0.778125 0.3597222222222222 0.014583333333333334 0.05092592592592592
2 0.378125 0.2125 0.008333333333333333 0.041666666666666664
2 0.3927083333333333 0.30972222222222223 0.010416666666666666 0.049074074074074076
2 0.3854166666666667 0.350462962962963 0.0125 0.05092592592592592
2 0.42135416666666664 0.21342592592592594 0.009375 0.03981481481481482
2 0.48984375 0.2689814814814815 0.0078125 0.04351851851851852
2 0.26458333333333334 0.3365740740740741 0.014583333333333334 0.05462962962962963
2 0.3138020833333333 0.40879629629629627 0.018229166666666668 0.05277777777777778
2 0.6145833333333334 0.624537037037037 0.01875 0.06759259259259259
2 0.28125 0.26851851851851855 0.015625 0.046296296296296294
2 0.7518229166666667 0.5027777777777778 0.0171875 0.06481481481481481
2 0.46484375 0.10046296296296296 0.0067708333333333336 0.023148148148148147
