1 0.546875 0.5263888888888889 0.013541666666666667 0.058333333333333334
1 0.08229166666666667 0.6018518518518519 0.020833333333333332 0.06481481481481481
1 0.10703125 0.25092592592592594 0.008854166666666666 0.040740740740740744
1 0.9140625 0.7041666666666667 0.022916666666666665 0.07685185185185185
1 0.13697916666666668 0.4166666666666667 0.016666666666666666 0.05
1 0.22135416666666666 0.47129629629629627 0.014583333333333334 0.06111111111111111
1 0.35025 0.7977916666666667 0.024260416666666628 0.08054629629629631
1 0.41796875 0.3587962962962963 0.013020833333333334 0.04722222222222222
1 0.06197916666666667 0.4787037037037037 0.021875 0.06296296296296296
1 0.5744791666666667 0.2537037037037037 0.007291666666666667 0.037037037037037035
1 0.2328125 0.6453703703703704 0.021875 0.06851851851851852
1 0.7338541666666667 0.3814814814814815 0.0125 0.05
1 0.31796875 0.2574074074074074 0.008854166666666666 0.040740740740740744
1 0.33645833333333336 0.36574074074074076 0.014583333333333334 0.05
1 0.3203125 0.41388888888888886 0.009375 0.053703703703703705
1 0.37447916666666664 0.25277777777777777 0.008333333333333333 0.03518518518518519
1 0.42239583333333336 0.32037037037037036 0.010416666666666666 0.046296296296296294
1 0.19921875 0.3736111111111111 0.011979166666666667 0.05092592592592592
1 0.23020833333333332 0.44675925925925924 0.016666666666666666 0.049074074074074076
1 0.9802083333333333 0.9537037037037037 0.036458333333333336 0.09074074074074075
1 0.4348958333333333 0.6393518518518518 0.027083333333333334 0.06759259259259259
1 0.21979166666666666 0.33055555555555555 0.0125 0.04814814814814815
1 0.6572916666666667 0.5217592592592593 0.015625 0.058333333333333334
0 0.34140625 0.7754629629629629 0.008854166666666666 0.013888888888888888
1 0.4153645833333333 0.14814814814814814 0.0067708333333333336 0.022222222222222223
