2 0.5638020833333334 0.5060185185185185 0.015104166666666667 0.05648148148148148
2 0.08958333333333333 0.5768518518518518 0.020833333333333332 0.06851851851851852
2 0.12864583333333332 0.2300925925925926 0.011458333333333333 0.03981481481481482
2 0.9169270833333333 0.6949074074074074 0.0296875 0.0824074074074074
2 0.15729166666666666 0.39490740740740743 0.015625 0.05277777777777778
2 0.24348958333333334 0.4527777777777778 0.018229166666666668 0.06296296296296296
2 0.3932083333333333 0.7847361111111111 0.02788541666666665 0.08310185185185186
2 0.43645833333333334 0.3384259259259259 0.011458333333333333 0.04722222222222222
2 0.07864583333333333 0.45694444444444443 0.022916666666666665 0.06018518518518518
2 0.5947916666666667 0.23703703703703705 0.007291666666666667 0.03518518518518519
2 0.24192708333333332 0.6226851851851852 0.022395833333333334 0.06574074074074074
2 0.7479166666666667 0.3699074074074074 0.014583333333333334 0.05092592592592592
2 0.33697916666666666 0.23981481481481481 0.009375 0.040740740740740744
2 0.3541666666666667 0.3449074074074074 0.0125 0.05092592592592592
2 0.33697916666666666 0.39537037037037037 0.009375 0.05555555555555555
2 0.39114583333333336 0.23564814814814813 0.011458333333333333 0.03796296296296296
2 0.4390625 0.3023148148148148 0.009375 0.04537037037037037
2 0.21979166666666666 0.3560185185185185 0.014583333333333334 0.049074074074074076
2 0.24583333333333332 0.4305555555555556 0.015625 0.053703703703703705
2 0.4734375 0.6263888888888889 0.025 0.06574074074074074
2 0.23723958333333334 0.3087962962962963 0.0109375 0.049074074074074076
2 0.68125 0.5111111111111111 0.016666666666666666 0.06296296296296296
1 0.3866822916666667 0.762638888888889 0.011802083333333317 0.019351851851851832
2 0.43072916666666666 0.12962962962962962 0.007291666666666667 0.024074074074074074
