2 0.5953125 0.4875 0.016666666666666666 0.058333333333333334
2 0.1125 0.5458333333333333 0.019791666666666666 0.07685185185185185
2 0.16848958333333333 0.19675925925925927 0.011979166666666667 0.03981481481481482
2 0.90703125 0.6527777777777778 0.0265625 0.07592592592592592
2 0.19973958333333333 0.3662037037037037 0.0140625 0.05277777777777778
2 0.2921875 0.43333333333333335 0.016666666666666666 0.06111111111111111
2 0.53046875 0.7541666666666667 0.034895833333333334 0.07685185185185185
2 0.4817708333333333 0.3087962962962963 0.008333333333333333 0.04537037037037037
2 0.10364583333333334 0.41388888888888886 0.020833333333333332 0.06296296296296296
2 0.634375 0.20925925925925926 0.007291666666666667 0.037037037037037035
2 0.24140625 0.6060185185185185 0.0203125 0.06944444444444445
2 0.7755208333333333 0.3574074074074074 0.015625 0.05185185185185185
2 0.37447916666666664 0.2111111111111111 0.010416666666666666 0.040740740740740744
2 0.39114583333333336 0.30925925925925923 0.013541666666666667 0.05
2 0.37864583333333335 0.35185185185185186 0.008333333333333333 0.05185185185185185
2 0.4192708333333333 0.21203703703703702 0.008333333333333333 0.03888888888888889
2 0.48463541666666665 0.26990740740740743 0.011979166666666667 0.04537037037037037
2 0.2598958333333333 0.33194444444444443 0.0125 0.05277777777777778
2 0.30130208333333336 0.40694444444444444 0.015104166666666667 0.05462962962962963
2 0.5916666666666667 0.624537037037037 0.015625 0.06759259259259259
2 0.27630208333333334 0.26805555555555555 0.013020833333333334 0.04537037037037037
2 0.7434895833333334 0.5027777777777778 0.018229166666666668 0.06666666666666667
