1 0.58515625 0.4912037037037037 0.011979166666666667 0.062037037037037036
1 0.10390625 0.549537037037037 0.0203125 0.06759259259259259
1 0.15833333333333333 0.20092592592592592 0.0125 0.03888888888888889
1 0.9127604166666666 0.674537037037037 0.033854166666666664 0.0824074074074074
1 0.18776041666666668 0.37037037037037035 0.015104166666666667 0.05185185185185185
1 0.27786458333333336 0.4337962962962963 0.0203125 0.06018518518518518
1 0.47317708333333336 0.7583333333333333 0.021354166666666667 0.07407407407407407
1 0.46822916666666664 0.3138888888888889 0.011458333333333333 0.044444444444444446
1 0.09765625 0.4199074074074074 0.0140625 0.06388888888888888
1 0.6236979166666666 0.21435185185185185 0.008854166666666666 0.03796296296296296
1 0.24661458333333333 0.6050925925925926 0.021354166666666667 0.0712962962962963
1 0.7690104166666667 0.35833333333333334 0.013020833333333334 0.05555555555555555
1 0.36354166666666665 0.2152777777777778 0.009375 0.041666666666666664
1 0.38177083333333334 0.3143518518518518 0.011458333333333333 0.05092592592592592
1 0.36666666666666664 0.3611111111111111 0.011458333333333333 0.05185185185185185
1 0.415625 0.21435185185185185 0.013541666666666667 0.03796296296296296
1 0.4703125 0.27546296296296297 0.009375 0.04351851851851852
1 0.24713541666666666 0.3333333333333333 0.015104166666666667 0.053703703703703705
1 0.2796875 0.40925925925925927 0.016666666666666666 0.05555555555555555
1 0.54609375 0.6180555555555556 0.0265625 0.06759259259259259
1 0.2677083333333333 0.27546296296296297 0.0125 0.04722222222222222
1 0.7244791666666667 0.5023148148148148 0.017708333333333333 0.062037037037037036
1 0.45364583333333336 0.1037037037037037 0.00625 0.024074074074074074
