2 0.5661458333333333 0.5046296296296297 0.016666666666666666 0.05555555555555555
2 0.09036458333333333 0.5740740740740741 0.022395833333333334 0.06851851851851852
2 0.13125 0.22685185185185186 0.011458333333333333 0.040740740740740744
2 0.9192708333333334 0.6935185185185185 0.026041666666666668 0.08148148148148149
2 0.16015625 0.39305555555555555 0.015104166666666667 0.05277777777777778
2 0.24661458333333333 0.45231481481481484 0.0171875 0.062037037037037036
2 0.40883072916666663 0.7799861111111112 0.029203125000000028 0.08402777777777778
2 0.440625 0.33564814814814814 0.010416666666666666 0.04722222222222222
2 0.07916666666666666 0.4532407407407407 0.019791666666666666 0.06018518518518518
2 0.59765625 0.23472222222222222 0.0078125 0.03425925925925926
2 0.2421875 0.6217592592592592 0.022916666666666665 0.06759259259259259
2 0.7502604166666667 0.3699074074074074 0.015104166666666667 0.05092592592592592
2 0.33958333333333335 0.23703703703703705 0.009375 0.040740740740740744
2 0.35703125 0.34120370370370373 0.011979166666666667 0.049074074074074076
2 0.33984375 0.3925925925925926 0.009895833333333333 0.05555555555555555
2 0.39348958333333334 0.23333333333333334 0.0109375 0.037037037037037035
2 0.44244791666666666 0.3 0.008854166666666666 0.044444444444444446
2 0.22213541666666667 0.3541666666666667 0.013020833333333334 0.049074074074074076
2 0.24765625 0.42685185185185187 0.015104166666666667 0.053703703703703705
2 0.4796875 0.6263888888888889 0.021875 0.06759259259259259
2 0.24010416666666667 0.30462962962962964 0.011458333333333333 0.04814814814814815
2 0.6872395833333333 0.5111111111111111 0.013020833333333334 0.06296296296296296
1 0.39671354166666667 0.7614212962962963 0.008447916666666621 0.013268518518518556
2 0.43307291666666664 0.12731481481481483 0.0067708333333333336 0.023148148148148147
