2 0.5611979166666666 0.5092592592592593 0.0140625 0.05740740740740741
2 0.08802083333333334 0.5814814814814815 0.020833333333333332 0.06851851851851852
2 0.12447916666666667 0.2337962962962963 0.011458333333333333 0.03981481481481482
2 0.9151041666666667 0.6990740740740741 0.03229166666666667 0.08148148148148149
2 0.153125 0.39861111111111114 0.015625 0.05277777777777778
2 0.2390625 0.45555555555555555 0.01875 0.06111111111111111
2 0.3853984375 0.7871064814814815 0.027223958333333322 0.08263888888888889
2 0.4322916666666667 0.3425925925925926 0.0125 0.04814814814814815
2 0.07630208333333334 0.46111111111111114 0.024479166666666666 0.06111111111111111
2 0.5908854166666667 0.23981481481481481 0.0078125 0.037037037037037035
2 0.24010416666666667 0.6259259259259259 0.022916666666666665 0.06666666666666667
2 0.7455729166666667 0.37175925925925923 0.0140625 0.05092592592592592
2 0.33359375 0.24259259259259258 0.009895833333333333 0.040740740740740744
2 0.35130208333333335 0.3490740740740741 0.0140625 0.05185185185185185
2 0.3333333333333333 0.39861111111111114 0.009375 0.05648148148148148
2 0.3885416666666667 0.23842592592592593 0.011458333333333333 0.03796296296296296
2 0.4348958333333333 0.3055555555555556 0.010416666666666666 0.046296296296296294
2 0.21614583333333334 0.3587962962962963 0.014583333333333334 0.05092592592592592
2 0.24244791666666668 0.4337962962962963 0.015104166666666667 0.05277777777777778
2 0.9895703124999999 0.9448148148148149 0.020859374999999975 0.06851851851851862
2 0.465625 0.6305555555555555 0.021875 0.06481481481481481
2 0.23385416666666667 0.31342592592592594 0.010416666666666666 0.049074074074074076
2 0.6752604166666667 0.513425925925926 0.019270833333333334 0.062037037037037036
1 0.3787864583333333 0.7647638888888888 0.011593749999999995 0.017879629629629683
2 0.4276041666666667 0.13240740740740742 0.007291666666666667 0.024074074074074074
