1 0.5526041666666667 0.5203703703703704 0.013541666666666667 0.06111111111111111
1 0.08671875 0.5944444444444444 0.024479166666666666 0.06481481481481481
1 0.11354166666666667 0.2439814814814815 0.010416666666666666 0.041666666666666664
1 0.9145833333333333 0.7018518518518518 0.029166666666666667 0.07962962962962963
1 0.14348958333333334 0.40925925925925927 0.0171875 0.05185185185185185
1 0.22708333333333333 0.4652777777777778 0.014583333333333334 0.062037037037037036
1 0.36196354166666667 0.7942268518518518 0.02525000000000001 0.08125
1 0.4236979166666667 0.3523148148148148 0.0140625 0.049074074074074076
1 0.06770833333333333 0.4722222222222222 0.022916666666666665 0.06296296296296296
1 0.58125 0.24861111111111112 0.007291666666666667 0.03796296296296296
1 0.2359375 0.6388888888888888 0.021875 0.06851851851851852
1 0.7395833333333334 0.3773148148148148 0.0125 0.05092592592592592
1 0.32421875 0.2518518518518518 0.008854166666666666 0.04259259259259259
1 0.34296875 0.3597222222222222 0.015104166666666667 0.05092592592592592
1 0.32526041666666666 0.4083333333333333 0.009895833333333333 0.05555555555555555
1 0.37916666666666665 0.24675925925925926 0.008333333333333333 0.03796296296296296
1 0.4270833333333333 0.3138888888888889 0.011458333333333333 0.046296296296296294
1 0.20546875 0.36712962962962964 0.013020833333333334 0.05092592592592592
1 0.23515625 0.44212962962962965 0.016145833333333335 0.05092592592592592
1 0.98359375 0.9513888888888888 0.03177083333333333 0.09351851851851851
1 0.44583333333333336 0.6351851851851852 0.021875 0.07037037037037037
1 0.225 0.324537037037037 0.011458333333333333 0.049074074074074076
1 0.6645833333333333 0.5180555555555556 0.019791666666666666 0.06018518518518518
0 0.3556927083333334 0.7703379629629629 0.00944791666666666 0.01395370370370375
1 0.4200520833333333 0.1412037037037037 0.0067708333333333336 0.023148148148148147
