2 0.5924479166666666 0.4888888888888889 0.011979166666666667 0.05925925925925926
2 0.10833333333333334 0.5444444444444444 0.020833333333333332 0.07037037037037037
2 0.16484375 0.19722222222222222 0.013020833333333334 0.03888888888888889
2 0.91015625 0.6638888888888889 0.030729166666666665 0.08518518518518518
2 0.19505208333333332 0.3675925925925926 0.015104166666666667 0.05185185185185185
2 0.28671875 0.4300925925925926 0.018229166666666668 0.062037037037037036
2 0.5080729166666667 0.7578703703703704 0.022395833333333334 0.07685185185185185
2 0.4747395833333333 0.3125 0.0140625 0.03796296296296296
2 0.1015625 0.4152777777777778 0.016666666666666666 0.06574074074074074
2 0.63046875 0.20972222222222223 0.008854166666666666 0.03796296296296296
2 0.2421875 0.6037037037037037 0.01875 0.06851851851851852
2 0.775 0.35555555555555557 0.0125 0.053703703703703705
2 0.36953125 0.21157407407407408 0.008854166666666666 0.041666666666666664
2 0.38828125 0.3101851851851852 0.011979166666666667 0.05185185185185185
2 0.37395833333333334 0.3560185185185185 0.013541666666666667 0.05277777777777778
2 0.41901041666666666 0.2111111111111111 0.011979166666666667 0.03888888888888889
2 0.4778645833333333 0.2689814814814815 0.008854166666666666 0.04351851851851852
2 0.2559895833333333 0.3314814814814815 0.015104166666666667 0.05
2 0.29192708333333334 0.4050925925925926 0.015104166666666667 0.049074074074074076
2 0.5734375 0.6208333333333333 0.029166666666666667 0.06944444444444445
2 0.27239583333333334 0.27037037037037037 0.011458333333333333 0.046296296296296294
2 0.7361979166666667 0.5 0.018229166666666668 0.06481481481481481
2 0.4591145833333333 0.09953703703703703 0.0067708333333333336 0.023148148148148147
