2 0.5875 0.49027777777777776 0.0125 0.062037037037037036
2 0.10520833333333333 0.5476851851851852 0.019791666666666666 0.06944444444444445
2 0.16015625 0.2 0.013020833333333334 0.03888888888888889
2 0.9111979166666667 0.6736111111111112 0.0359375 0.08425925925925926
2 0.19036458333333334 0.36944444444444446 0.016145833333333335 0.05185185185185185
2 0.28072916666666664 0.43287037037037035 0.019791666666666666 0.062037037037037036
2 0.48203125 0.7583333333333333 0.016145833333333335 0.07407407407407407
2 0.4713541666666667 0.31342592592592594 0.0125 0.041666666666666664
2 0.09895833333333333 0.41805555555555557 0.014583333333333334 0.06388888888888888
2 0.6260416666666667 0.21342592592592594 0.010416666666666666 0.03796296296296296
2 0.246875 0.6046296296296296 0.022916666666666665 0.07037037037037037
2 0.7708333333333334 0.35833333333333334 0.013541666666666667 0.053703703703703705
2 0.3653645833333333 0.21388888888888888 0.008854166666666666 0.04259259259259259
2 0.38385416666666666 0.31296296296296294 0.011458333333333333 0.05185185185185185
2 0.37005208333333334 0.3592592592592593 0.013020833333333334 0.05185185185185185
2 0.4171875 0.21296296296296297 0.013541666666666667 0.03888888888888889
2 0.47239583333333335 0.275 0.011458333333333333 0.046296296296296294
2 0.24973958333333332 0.33194444444444443 0.0140625 0.05277777777777778
2 0.2828125 0.4074074074074074 0.015625 0.05740740740740741
2 0.5536458333333333 0.6194444444444445 0.01875 0.07037037037037037
2 0.26927083333333335 0.27361111111111114 0.0125 0.04722222222222222
2 0.7278645833333334 0.5009259259259259 0.021354166666666667 0.06296296296296296
1 0.38385416666666666 0.8185185185185185 0.007291666666666667 0.014814814814814815
