2 0.5768229166666666 0.49583333333333335 0.018229166666666668 0.062037037037037036
2 0.10026041666666667 0.5611111111111111 0.0265625 0.07037037037037037
2 0.14713541666666666 0.2111111111111111 0.0109375 0.03888888888888889
2 0.9174479166666667 0.6814814814814815 0.03177083333333333 0.07777777777777778
2 0.175 0.3800925925925926 0.016666666666666666 0.05462962962962963
2 0.26197916666666665 0.4393518518518518 0.0125 0.058333333333333334
2 0.43413541666666666 0.7683796296296296 0.023739583333333356 0.07512962962962962
2 0.4557291666666667 0.32407407407407407 0.0125 0.04259259259259259
2 0.08932291666666667 0.43472222222222223 0.0140625 0.06018518518518518
2 0.6119791666666666 0.22407407407407406 0.008333333333333333 0.03518518518518519
2 0.24427083333333333 0.6097222222222223 0.015625 0.06574074074074074
2 0.7609375 0.3597222222222222 0.013541666666666667 0.05277777777777778
2 0.35390625 0.22361111111111112 0.008854166666666666 0.041666666666666664
2 0.3729166666666667 0.32546296296296295 0.013541666666666667 0.049074074074074076
2 0.3546875 0.37546296296296294 0.011458333333333333 0.05648148148148148
2 0.40625 0.22175925925925927 0.010416666666666666 0.03796296296296296
2 0.23697916666666666 0.34074074074074073 0.0125 0.05185185185185185
2 0.2635416666666667 0.41574074074074074 0.0125 0.05740740740740741
2 0.5127604166666667 0.6203703703703703 0.025520833333333333 0.07222222222222222
2 0.25755208333333335 0.287962962962963 0.016145833333333335 0.046296296296296294
2 0.7059895833333333 0.5078703703703704 0.0203125 0.06574074074074074
1 0.4075520833333333 0.7625 0.009895833333333333 0.01574074074074074
2 0.44453125 0.1125 0.0067708333333333336 0.025
