2 0.6033854166666667 0.4875 0.011979166666666667 0.062037037037037036
2 0.1171875 0.5449074074074074 0.019791666666666666 0.075
2 0.17135416666666667 0.19907407407407407 0.010416666666666666 0.040740740740740744
2 0.9005208333333333 0.638425925925926 0.028125 0.07314814814814814
2 0.20807291666666666 0.36944444444444446 0.0140625 0.05185185185185185
2 0.30078125 0.43425925925925923 0.013020833333333334 0.06111111111111111
2 0.5611979166666666 0.7518518518518519 0.0296875 0.07592592592592592
2 0.4869791666666667 0.30925925925925923 0.013541666666666667 0.046296296296296294
2 0.10364583333333334 0.4134259259259259 0.023958333333333335 0.058333333333333334
2 0.6369791666666667 0.21064814814814814 0.008333333333333333 0.03796296296296296
2 0.23489583333333333 0.6069444444444444 0.015625 0.06574074074074074
2 0.77890625 0.3597222222222222 0.0140625 0.05092592592592592
2 0.37864583333333335 0.2125 0.008333333333333333 0.041666666666666664
2 0.39296875 0.30972222222222223 0.009895833333333333 0.049074074074074076
2 0.3859375 0.350462962962963 0.0125 0.05092592592592592
2 0.42109375 0.21342592592592594 0.008854166666666666 0.03981481481481482
2 0.490625 0.2689814814814815 0.008333333333333333 0.041666666666666664
2 0.26458333333333334 0.3375 0.014583333333333334 0.05462962962962963
2 0.3151041666666667 0.40925925925925927 0.017708333333333333 0.053703703703703705
2 0.6169270833333333 0.625 0.016145833333333335 0.06666666666666667
2 0.28125 0.26851851851851855 0.015625 0.046296296296296294
2 0.75390625 0.5032407407407408 0.015104166666666667 0.06388888888888888
2 0.46484375 0.10092592592592593 0.0067708333333333336 0.024074074074074074
