1 0.425 0.562037037037037 0.016666666666666666 0.06111111111111111
1 0.14583333333333334 0.6125 0.023958333333333335 0.06574074074074074
1 0.08932291666666667 0.29814814814814816 0.011979166666666667 0.037037037037037035
1 0.9151041666666667 0.6916666666666667 0.016666666666666666 0.07962962962962963
1 0.12552083333333333 0.4546296296296296 0.010416666666666666 0.05
1 0.23307291666666666 0.49907407407407406 0.013020833333333334 0.053703703703703705
1 0.2983125 0.7888055555555556 0.017562500000000016 0.07485185185185188
1 0.38776041666666666 0.3787037037037037 0.0078125 0.046296296296296294
1 0.08203125 0.5199074074074074 0.024479166666666666 0.05462962962962963
1 0.56015625 0.287962962962963 0.008854166666666666 0.03333333333333333
1 0.18307291666666667 0.6185185185185185 0.015104166666666667 0.06481481481481481
1 0.7046875 0.3768518518518518 0.014583333333333334 0.044444444444444446
1 0.29453125 0.29305555555555557 0.011979166666666667 0.03425925925925926
1 0.33125 0.3925925925925926 0.009375 0.044444444444444446
1 0.3033854166666667 0.42824074074074076 0.013020833333333334 0.049074074074074076
1 0.35703125 0.2726851851851852 0.0078125 0.028703703703703703
1 0.4231770833333333 0.36064814814814816 0.013020833333333334 0.041666666666666664
1 0.15833333333333333 0.4393518518518518 0.009375 0.049074074074074076
1 0.24375 0.49074074074074076 0.013541666666666667 0.053703703703703705
1 0.9934895833333334 0.9157407407407407 0.011979166666666667 0.08703703703703704
1 0.28958333333333336 0.6351851851851852 0.017708333333333333 0.06481481481481481
1 0.21822916666666667 0.3731481481481482 0.014583333333333334 0.046296296296296294
1 0.5015625 0.5162037037037037 0.011458333333333333 0.06018518518518518
0 0.6549479166666666 0.700462962962963 0.0067708333333333336 0.010185185185185186
1 0.38723958333333336 0.19814814814814816 0.0046875 0.018518518518518517
