2 0.46067708333333335 0.549537037037037 0.0203125 0.05092592592592592
2 0.11223958333333334 0.6240740740740741 0.019270833333333334 0.06666666666666667
2 0.07578125 0.2935185185185185 0.0109375 0.03888888888888889
2 0.9104166666666667 0.6995370370370371 0.021875 0.07314814814814814
2 0.10651041666666666 0.44537037037037036 0.015104166666666667 0.05185185185185185
2 0.19401041666666666 0.5097222222222222 0.015104166666666667 0.062037037037037036
2 0.26484375 0.763425925925926 0.025520833333333333 0.07685185185185185
2 0.38229166666666664 0.3907407407407407 0.010416666666666666 0.044444444444444446
2 0.053125 0.5268518518518519 0.017708333333333333 0.05925925925925926
2 0.5395833333333333 0.2875 0.007291666666666667 0.03425925925925926
2 0.19348958333333333 0.6453703703703704 0.0234375 0.06296296296296296
2 0.6942708333333333 0.38657407407407407 0.011458333333333333 0.04537037037037037
2 0.2833333333333333 0.2902777777777778 0.008333333333333333 0.03796296296296296
2 0.3046875 0.399537037037037 0.014583333333333334 0.04722222222222222
2 0.29244791666666664 0.4412037037037037 0.0140625 0.05277777777777778
2 0.34739583333333335 0.27685185185185185 0.007291666666666667 0.03148148148148148
2 0.40520833333333334 0.35833333333333334 0.009375 0.044444444444444446
2 0.1359375 0.42592592592592593 0.011458333333333333 0.05
2 0.22708333333333333 0.48333333333333334 0.0125 0.05740740740740741
2 0.9827578124999999 0.9291296296296295 0.03448437500000002 0.1058518518518518
2 0.29270833333333335 0.6467592592592593 0.019791666666666666 0.06388888888888888
2 0.18333333333333332 0.37777777777777777 0.0125 0.04814814814814815
2 0.5440104166666667 0.5333333333333333 0.016145833333333335 0.05555555555555555
1 0.25729166666666664 0.736574074074074 0.009375 0.017592592592592594
2 0.3802083333333333 0.1925925925925926 0.005208333333333333 0.018518518518518517
