1 0.42421875 0.562962962962963 0.0171875 0.05740740740740741
1 0.12552083333333333 0.6152777777777778 0.021875 0.06574074074074074
1 0.08125 0.29768518518518516 0.011458333333333333 0.03981481481481482
1 0.9125 0.6986111111111111 0.023958333333333335 0.075
1 0.11328125 0.4513888888888889 0.011979166666666667 0.049074074074074076
1 0.21380208333333334 0.5009259259259259 0.0109375 0.05555555555555555
1 0.28020833333333334 0.7685185185185185 0.019791666666666666 0.06481481481481481
1 0.38359375 0.3875 0.008854166666666666 0.04537037037037037
1 0.06770833333333333 0.5189814814814815 0.01875 0.05648148148148148
1 0.5455729166666666 0.29212962962962963 0.011979166666666667 0.03425925925925926
1 0.18645833333333334 0.6351851851851852 0.01875 0.06851851851851852
1 0.6953125 0.38055555555555554 0.0125 0.046296296296296294
1 0.2864583333333333 0.29305555555555557 0.00625 0.03611111111111111
1 0.31666666666666665 0.39861111111111114 0.016666666666666666 0.04351851851851852
1 0.2955729166666667 0.4351851851851852 0.008854166666666666 0.053703703703703705
1 0.3515625 0.2759259259259259 0.007291666666666667 0.03148148148148148
1 0.41354166666666664 0.3625 0.0125 0.04351851851851852
1 0.14427083333333332 0.43796296296296294 0.0125 0.05
1 0.2359375 0.4888888888888889 0.013541666666666667 0.053703703703703705
1 0.9830989583333333 0.9263888888888889 0.032760416666666715 0.09537037037037037
1 0.284375 0.6365740740740741 0.010416666666666666 0.06574074074074074
1 0.19791666666666666 0.3787037037037037 0.010416666666666666 0.04259259259259259
1 0.5091145833333334 0.5273148148148148 0.015104166666666667 0.06018518518518518
0 0.5106770833333333 0.6689814814814815 0.008854166666666666 0.010185185185185186
1 0.38359375 0.19537037037037036 0.005729166666666666 0.020370370370370372
