1 0.52734375 0.5453703703703704 0.015104166666666667 0.06296296296296296
1 0.07890625 0.6263888888888889 0.0296875 0.06944444444444445
1 0.08515625 0.27314814814814814 0.011979166666666667 0.040740740740740744
1 0.9015625 0.7074074074074074 0.030208333333333334 0.07407407407407407
1 0.11328125 0.4375 0.015104166666666667 0.05462962962962963
1 0.19973958333333333 0.49212962962962964 0.016145833333333335 0.06018518518518518
1 0.30728906249999993 0.8108472222222223 0.020640625 0.07800925925925926
1 0.39791666666666664 0.3768518518518518 0.009375 0.046296296296296294
1 0.04088541666666667 0.5027777777777778 0.0203125 0.06481481481481481
1 0.5536458333333333 0.26990740740740743 0.007291666666666667 0.03611111111111111
1 0.21770833333333334 0.6657407407407407 0.019791666666666666 0.07222222222222222
1 0.71640625 0.38981481481481484 0.0109375 0.04814814814814815
1 0.3 0.27546296296296297 0.009375 0.041666666666666664
1 0.31588541666666664 0.3875 0.0140625 0.05092592592592592
1 0.3026041666666667 0.43287037037037035 0.010416666666666666 0.05462962962962963
1 0.35520833333333335 0.27037037037037037 0.007291666666666667 0.03333333333333333
1 0.40677083333333336 0.33935185185185185 0.009375 0.04537037037037037
1 0.17864583333333334 0.3925925925925926 0.0125 0.05
1 0.21380208333333334 0.4671296296296296 0.015104166666666667 0.05462962962962963
1 0.9747838541666667 0.9489629629629631 0.04251562500000006 0.09085185185185185
1 0.39453125 0.6537037037037037 0.025520833333333333 0.06481481481481481
1 0.19895833333333332 0.35509259259259257 0.013541666666666667 0.05092592592592592
1 0.6270833333333333 0.5319444444444444 0.020833333333333332 0.058333333333333334
0 0.30182291666666666 0.788425925925926 0.008854166666666666 0.017592592592592594
1 0.39765625 0.16898148148148148 0.0067708333333333336 0.019444444444444445
