2 0.5010416666666667 0.5523148148148148 0.015625 0.058333333333333334
2 0.096875 0.6305555555555555 0.025 0.07037037037037037
2 0.07265625 0.2884259259259259 0.0109375 0.041666666666666664
2 0.9041666666666667 0.7046296296296296 0.029166666666666667 0.07222222222222222
2 0.10364583333333334 0.4444444444444444 0.015625 0.05185185185185185
2 0.1875 0.5078703703703704 0.016666666666666666 0.06018518518518518
2 0.26067708333333334 0.7791666666666667 0.018229166666666668 0.08796296296296297
2 0.38229166666666664 0.38842592592592595 0.011458333333333333 0.04722222222222222
2 0.0328125 0.5199074074074074 0.022916666666666665 0.05648148148148148
2 0.5377604166666666 0.2814814814814815 0.0078125 0.03518518518518519
2 0.20625 0.6574074074074074 0.029166666666666667 0.06666666666666667
2 0.70234375 0.39305555555555555 0.0109375 0.049074074074074076
2 0.2864583333333333 0.28703703703703703 0.009375 0.03888888888888889
2 0.30494791666666665 0.4 0.0140625 0.05
2 0.29401041666666666 0.44212962962962965 0.009895833333333333 0.05462962962962963
2 0.3463541666666667 0.27824074074074073 0.007291666666666667 0.032407407407407406
2 0.4002604166666667 0.3527777777777778 0.008854166666666666 0.044444444444444446
2 0.15286458333333333 0.40925925925925927 0.0140625 0.040740740740740744
2 0.2171875 0.47685185185185186 0.013541666666666667 0.05185185185185185
2 0.9721354166666667 0.9416666666666667 0.04010416666666667 0.09444444444444444
2 0.3260416666666667 0.6541666666666667 0.015625 0.06574074074074074
2 0.18098958333333334 0.375 0.0140625 0.04814814814814815
2 0.58046875 0.5356481481481481 0.018229166666666668 0.058333333333333334
1 0.26223958333333336 0.7351851851851852 0.009895833333333333 0.014814814814814815
2 0.38567708333333334 0.18564814814814815 0.0067708333333333336 0.021296296296296296
