1 0.49375 0.5518518518518518 0.013541666666666667 0.05740740740740741
1 0.10364583333333334 0.6296296296296297 0.029166666666666667 0.07037037037037037
1 0.07395833333333333 0.28935185185185186 0.010416666666666666 0.041666666666666664
1 0.90703125 0.7023148148148148 0.027604166666666666 0.07314814814814814
1 0.10390625 0.4439814814814815 0.0140625 0.05092592592592592
1 0.18802083333333333 0.5111111111111111 0.016666666666666666 0.06296296296296296
1 0.25833333333333336 0.7736111111111111 0.016666666666666666 0.08796296296296297
1 0.38307291666666665 0.38842592592592595 0.009895833333333333 0.04722222222222222
1 0.0359375 0.5217592592592593 0.020833333333333332 0.05648148148148148
1 0.5380208333333333 0.2824074074074074 0.008333333333333333 0.03518518518518519
1 0.20442708333333334 0.6546296296296297 0.028645833333333332 0.06851851851851852
1 0.70078125 0.39166666666666666 0.0109375 0.04814814814814815
1 0.2859375 0.28703703703703703 0.008333333333333333 0.03888888888888889
1 0.30416666666666664 0.40046296296296297 0.014583333333333334 0.049074074074074076
1 0.29453125 0.44212962962962965 0.009895833333333333 0.05462962962962963
1 0.3463541666666667 0.27824074074074073 0.008333333333333333 0.032407407407407406
1 0.40234375 0.3537037037037037 0.0109375 0.044444444444444446
1 0.15026041666666667 0.4115740740740741 0.016145833333333335 0.04351851851851852
1 0.221875 0.47685185185185186 0.017708333333333333 0.05185185185185185
1 0.9734375 0.9430555555555555 0.041666666666666664 0.09722222222222222
1 0.3182291666666667 0.6513888888888889 0.025 0.06759259259259259
1 0.18098958333333334 0.3768518518518518 0.016145833333333335 0.046296296296296294
1 0.5768229166666666 0.5347222222222222 0.0203125 0.05648148148148148
0 0.2591953125 0.7373240740740741 0.009578125000000022 0.015666666666666627
1 0.3846354166666667 0.1865740740740741 0.0067708333333333336 0.021296296296296296
