1 0.43255208333333334 0.5555555555555556 0.016145833333333335 0.05185185185185185
1 0.11848958333333333 0.6208333333333333 0.016145833333333335 0.0712962962962963
1 0.07942708333333333 0.2962962962962963 0.009895833333333333 0.03888888888888889
1 0.9138020833333333 0.6976851851851852 0.022395833333333334 0.075
1 0.11041666666666666 0.44814814814814813 0.014583333333333334 0.05
1 0.2078125 0.5032407407407408 0.020833333333333332 0.05462962962962963
1 0.27421875 0.7680555555555556 0.024479166666666666 0.06574074074074074
1 0.38255208333333335 0.3912037037037037 0.009895833333333333 0.04537037037037037
1 0.065625 0.524074074074074 0.021875 0.06296296296296296
1 0.5432291666666667 0.2902777777777778 0.008333333333333333 0.03425925925925926
1 0.18932291666666667 0.6402777777777777 0.016145833333333335 0.06574074074074074
1 0.6942708333333333 0.38333333333333336 0.0125 0.04814814814814815
1 0.28541666666666665 0.2916666666666667 0.008333333333333333 0.037037037037037035
1 0.31197916666666664 0.39814814814814814 0.011458333333333333 0.046296296296296294
1 0.29322916666666665 0.43703703703703706 0.010416666666666666 0.05185185185185185
1 0.3502604166666667 0.27546296296296297 0.0078125 0.032407407407407406
1 0.40989583333333335 0.36157407407407405 0.009375 0.04351851851851852
1 0.13958333333333334 0.43333333333333335 0.0125 0.05
1 0.23359375 0.4861111111111111 0.016145833333333335 0.053703703703703705
1 0.9832135416666666 0.9301944444444444 0.03305208333333335 0.0919259259259259
1 0.28489583333333335 0.6412037037037037 0.010416666666666666 0.06759259259259259
1 0.19244791666666666 0.3773148148148148 0.013020833333333334 0.04351851851851852
1 0.5166666666666667 0.5273148148148148 0.015625 0.058333333333333334
1 0.42265625 0.6662037037037037 0.008854166666666666 0.012037037037037037
1 0.3815104166666667 0.19444444444444445 0.005729166666666666 0.020370370370370372
