2 0.45807291666666666 0.5509259259259259 0.021354166666666667 0.05185185185185185
2 0.11302083333333333 0.624537037037037 0.019791666666666666 0.06759259259259259
2 0.07604166666666666 0.29398148148148145 0.010416666666666666 0.03981481481481482
2 0.9125 0.6990740740740741 0.01875 0.07407407407407407
2 0.10677083333333333 0.4462962962962963 0.014583333333333334 0.05185185185185185
2 0.19453125 0.5087962962962963 0.0140625 0.062037037037037036
2 0.2669270833333333 0.763425925925926 0.021354166666666667 0.0787037037037037
2 0.38229166666666664 0.3907407407407407 0.010416666666666666 0.044444444444444446
2 0.05364583333333333 0.5268518518518519 0.016666666666666666 0.05925925925925926
2 0.53984375 0.2884259259259259 0.0067708333333333336 0.03425925925925926
2 0.1921875 0.6449074074074074 0.025 0.06388888888888888
2 0.69453125 0.38564814814814813 0.0109375 0.04537037037037037
2 0.2833333333333333 0.2902777777777778 0.008333333333333333 0.03796296296296296
2 0.30494791666666665 0.4 0.013020833333333334 0.046296296296296294
2 0.29270833333333335 0.44074074074074077 0.014583333333333334 0.053703703703703705
2 0.34791666666666665 0.27685185185185185 0.007291666666666667 0.03148148148148148
2 0.40572916666666664 0.3587962962962963 0.009375 0.04351851851851852
2 0.13567708333333334 0.4273148148148148 0.0109375 0.05092592592592592
2 0.22760416666666666 0.4842592592592593 0.0125 0.05740740740740741
2 0.9819947916666666 0.9322407407407407 0.035312499999999976 0.09516666666666675
2 0.29270833333333335 0.6462962962962963 0.020833333333333332 0.06296296296296296
2 0.18411458333333333 0.3773148148148148 0.011979166666666667 0.049074074074074076
2 0.54140625 0.5319444444444444 0.018229166666666668 0.05648148148148148
1 0.2609375 0.7337962962962963 0.009375 0.019444444444444445
2 0.37994791666666666 0.19212962962962962 0.005729166666666666 0.019444444444444445
