2 0.43463541666666666 0.5541666666666667 0.0171875 0.05277777777777778
2 0.1171875 0.6222222222222222 0.015625 0.07037037037037037
2 0.07890625 0.2962962962962963 0.009895833333333333 0.03888888888888889
2 0.9140625 0.6972222222222222 0.020833333333333332 0.07592592592592592
2 0.109375 0.4476851851851852 0.013541666666666667 0.05092592592592592
2 0.20729166666666668 0.5037037037037037 0.020833333333333332 0.05555555555555555
2 0.27291666666666664 0.7685185185185185 0.023958333333333335 0.06666666666666667
2 0.38229166666666664 0.3912037037037037 0.010416666666666666 0.04537037037037037
2 0.06510416666666667 0.525 0.022916666666666665 0.06111111111111111
2 0.5427083333333333 0.2902777777777778 0.007291666666666667 0.03425925925925926
2 0.19010416666666666 0.6407407407407407 0.017708333333333333 0.06666666666666667
2 0.69453125 0.3837962962962963 0.011979166666666667 0.04722222222222222
2 0.28489583333333335 0.2916666666666667 0.008333333333333333 0.037037037037037035
2 0.3106770833333333 0.39861111111111114 0.009895833333333333 0.04537037037037037
2 0.29322916666666665 0.43796296296296294 0.011458333333333333 0.05185185185185185
2 0.3497395833333333 0.2759259259259259 0.0078125 0.03148148148148148
2 0.40911458333333334 0.36157407407407405 0.008854166666666666 0.04351851851851852
2 0.13880208333333333 0.43333333333333335 0.011979166666666667 0.05
2 0.23229166666666667 0.48564814814814816 0.015625 0.05277777777777778
2 0.9826276041666666 0.9299537037037037 0.03456770833333327 0.09024074074074066
2 0.28515625 0.6416666666666667 0.0109375 0.06666666666666667
2 0.19088541666666667 0.3768518518518518 0.013020833333333334 0.044444444444444446
2 0.51953125 0.5282407407407408 0.013020833333333334 0.058333333333333334
1 0.3997395833333333 0.6699074074074074 0.008854166666666666 0.012037037037037037
2 0.38125 0.1935185185185185 0.005208333333333333 0.020370370370370372
