2 0.4890625 0.5509259259259259 0.019791666666666666 0.053703703703703705
2 0.10625 0.6282407407407408 0.027083333333333334 0.0712962962962963
2 0.07447916666666667 0.29074074074074074 0.010416666666666666 0.040740740740740744
2 0.9109375 0.7023148148148148 0.020833333333333332 0.075
2 0.10416666666666667 0.4439814814814815 0.0125 0.05092592592592592
2 0.18880208333333334 0.5115740740740741 0.016145833333333335 0.06018518518518518
2 0.25755208333333335 0.7768518518518519 0.016145833333333335 0.08333333333333333
2 0.38333333333333336 0.3888888888888889 0.009375 0.046296296296296294
2 0.03828125 0.524074074074074 0.018229166666666668 0.05740740740740741
2 0.5388020833333333 0.2833333333333333 0.008854166666666666 0.03518518518518519
2 0.203125 0.6523148148148148 0.027083333333333334 0.06944444444444445
2 0.6997395833333333 0.38981481481481484 0.009895833333333333 0.046296296296296294
2 0.2859375 0.287962962962963 0.008333333333333333 0.03888888888888889
2 0.30364583333333334 0.40046296296296297 0.014583333333333334 0.049074074074074076
2 0.29453125 0.4425925925925926 0.009895833333333333 0.053703703703703705
2 0.3463541666666667 0.27824074074074073 0.007291666666666667 0.032407407407407406
2 0.403125 0.35462962962962963 0.011458333333333333 0.044444444444444446
2 0.1484375 0.4162037037037037 0.017708333333333333 0.04722222222222222
2 0.22395833333333334 0.4777777777777778 0.017708333333333333 0.05185185185185185
2 0.9747395833333333 0.9425925925925925 0.0421875 0.09444444444444444
2 0.3140625 0.6518518518518519 0.021875 0.06296296296296296
2 0.18072916666666666 0.37777777777777777 0.017708333333333333 0.046296296296296294
2 0.5716145833333334 0.5333333333333333 0.0109375 0.05740740740740741
1 0.2561484375 0.7394583333333333 0.009255208333333324 0.016527777777777693
2 0.383609375 0.18724074074074074 0.007708333333333309 0.02346296296296294
