2 0.48046875 0.5518518518518518 0.016145833333333335 0.05185185185185185
2 0.10911458333333333 0.6240740740740741 0.022395833333333334 0.07037037037037037
2 0.075 0.2916666666666667 0.010416666666666666 0.03888888888888889
2 0.9078125 0.7023148148148148 0.028125 0.075
2 0.1046875 0.4439814814814815 0.0125 0.05092592592592592
2 0.1921875 0.5115740740740741 0.01875 0.06018518518518518
2 0.25859375 0.7708333333333334 0.019270833333333334 0.0787037037037037
2 0.38307291666666665 0.38981481481481484 0.009895833333333333 0.046296296296296294
2 0.04401041666666667 0.5236111111111111 0.018229166666666668 0.06018518518518518
2 0.53828125 0.2851851851851852 0.008854166666666666 0.03333333333333333
2 0.2 0.6481481481481481 0.025 0.06666666666666667
2 0.69765625 0.38796296296296295 0.009895833333333333 0.046296296296296294
2 0.28463541666666664 0.28935185185185186 0.008854166666666666 0.03611111111111111
2 0.3033854166666667 0.4009259259259259 0.015104166666666667 0.04814814814814815
2 0.29375 0.4425925925925926 0.011458333333333333 0.053703703703703705
2 0.346875 0.2773148148148148 0.007291666666666667 0.032407407407407406
2 0.403125 0.3560185185185185 0.009375 0.04351851851851852
2 0.13932291666666666 0.4199074074074074 0.0109375 0.049074074074074076
2 0.22578125 0.4791666666666667 0.015104166666666667 0.05277777777777778
2 0.9798463541666667 0.9364629629629629 0.039682291666666696 0.0933703703703703
2 0.30104166666666665 0.6486111111111111 0.015625 0.06574074074074074
2 0.18177083333333333 0.37777777777777777 0.017708333333333333 0.046296296296296294
2 0.5591145833333333 0.5342592592592592 0.021354166666666667 0.05555555555555555
1 0.25286458333333334 0.7388888888888889 0.008854166666666666 0.014814814814814815
2 0.38125 0.19074074074074074 0.005208333333333333 0.018518518518518517
