2 0.5044270833333333 0.5537037037037037 0.018229166666666668 0.05925925925925926
2 0.090625 0.6314814814814815 0.020833333333333332 0.06851851851851852
2 0.071875 0.287962962962963 0.010416666666666666 0.040740740740740744
2 0.9046875 0.7060185185185185 0.025 0.07314814814814814
2 0.10234375 0.4444444444444444 0.016145833333333335 0.05185185185185185
2 0.18645833333333334 0.5064814814814815 0.015625 0.05740740740740741
2 0.26223958333333336 0.7888888888888889 0.019270833333333334 0.08703703703703704
2 0.38125 0.38796296296296295 0.013541666666666667 0.04814814814814815
2 0.030208333333333334 0.5189814814814815 0.022916666666666665 0.058333333333333334
2 0.5377604166666666 0.2810185185185185 0.0078125 0.03425925925925926
2 0.20755208333333333 0.6601851851851852 0.028645833333333332 0.06666666666666667
2 0.7036458333333333 0.39351851851851855 0.010416666666666666 0.04814814814814815
2 0.2875 0.2861111111111111 0.011458333333333333 0.03888888888888889
2 0.30494791666666665 0.399537037037037 0.0140625 0.049074074074074076
2 0.29322916666666665 0.44212962962962965 0.010416666666666666 0.05462962962962963
2 0.34609375 0.2777777777777778 0.0067708333333333336 0.03333333333333333
2 0.39947916666666666 0.3523148148148148 0.008333333333333333 0.04537037037037037
2 0.15729166666666666 0.4074074074074074 0.017708333333333333 0.04259259259259259
2 0.21510416666666668 0.47685185185185186 0.013541666666666667 0.05185185185185185
2 0.9713541666666666 0.9416666666666667 0.040625 0.09259259259259259
2 0.3341145833333333 0.6560185185185186 0.021354166666666667 0.06388888888888888
2 0.18072916666666666 0.3736111111111111 0.0125 0.04722222222222222
2 0.5869791666666667 0.5361111111111111 0.010416666666666666 0.05740740740740741
1 0.26458333333333334 0.7467592592592592 0.010416666666666666 0.01574074074074074
2 0.3854166666666667 0.1837962962962963 0.007291666666666667 0.023148148148148147
