2 0.4453125 0.5527777777777778 0.0125 0.05185185185185185
2 0.11640625 0.6231481481481481 0.0203125 0.06851851851851852
2 0.07760416666666667 0.2953703703703704 0.010416666666666666 0.03888888888888889
2 0.9138020833333333 0.6981481481481482 0.018229166666666668 0.07407407407407407
2 0.1078125 0.44722222222222224 0.013541666666666667 0.05185185185185185
2 0.20026041666666666 0.5046296296296297 0.013020833333333334 0.05740740740740741
2 0.2713541666666667 0.7675925925925926 0.025 0.06851851851851852
2 0.38229166666666664 0.3912037037037037 0.010416666666666666 0.04351851851851852
2 0.061197916666666664 0.5259259259259259 0.0234375 0.06111111111111111
2 0.5411458333333333 0.28935185185185186 0.007291666666666667 0.03425925925925926
2 0.19088541666666667 0.6425925925925926 0.018229166666666668 0.06481481481481481
2 0.69453125 0.3851851851851852 0.0109375 0.046296296296296294
2 0.2838541666666667 0.29074074074074074 0.008333333333333333 0.037037037037037035
2 0.30625 0.4 0.011458333333333333 0.04814814814814815
2 0.29244791666666664 0.43842592592592594 0.013020833333333334 0.05092592592592592
2 0.34869791666666666 0.2777777777777778 0.0078125 0.03148148148148148
2 0.40729166666666666 0.36018518518518516 0.009375 0.044444444444444446
2 0.13645833333333332 0.4324074074074074 0.0125 0.05185185185185185
2 0.22942708333333334 0.4847222222222222 0.013020833333333334 0.05462962962962963
2 0.9815104166666667 0.9356481481481481 0.0359375 0.09537037037037037
2 0.2877604166666667 0.6430555555555556 0.015104166666666667 0.06388888888888888
2 0.1875 0.3768518518518518 0.0125 0.04814814814814815
2 0.5299479166666666 0.5305555555555556 0.019270833333333334 0.053703703703703705
1 0.32838541666666665 0.6930555555555555 0.009895833333333333 0.012037037037037037
2 0.38046875 0.19212962962962962 0.005729166666666666 0.021296296296296296
