2 0.51640625 0.5541666666666667 0.015104166666666667 0.062037037037037036
2 0.07578125 0.6310185185185185 0.022395833333333334 0.06944444444444445
2 0.075 0.2833333333333333 0.013541666666666667 0.040740740740740744
2 0.8994791666666667 0.7101851851851851 0.027083333333333334 0.07962962962962963
2 0.10390625 0.44537037037037036 0.016145833333333335 0.05555555555555555
2 0.19010416666666666 0.500462962962963 0.016666666666666666 0.058333333333333334
2 0.2872395833333333 0.8083333333333333 0.030729166666666665 0.07592592592592592
2 0.38828125 0.38425925925925924 0.009895833333333333 0.046296296296296294
2 0.03177083333333333 0.5148148148148148 0.021875 0.06296296296296296
2 0.5434895833333333 0.2796296296296296 0.005729166666666666 0.02962962962962963
2 0.21223958333333334 0.6703703703703704 0.0328125 0.07777777777777778
2 0.7075520833333333 0.3939814814814815 0.0140625 0.04722222222222222
2 0.2911458333333333 0.28425925925925927 0.009375 0.03888888888888889
2 0.30520833333333336 0.39537037037037037 0.016666666666666666 0.05
2 0.2955729166666667 0.4412037037037037 0.009895833333333333 0.05277777777777778
2 0.34713541666666664 0.27546296296296297 0.0067708333333333336 0.03425925925925926
2 0.4 0.3476851851851852 0.010416666666666666 0.04537037037037037
2 0.16927083333333334 0.3990740740740741 0.015625 0.046296296296296294
2 0.20807291666666666 0.47453703703703703 0.011979166666666667 0.05648148148148148
2 0.9674479166666666 0.950925925925926 0.0453125 0.09074074074074075
2 0.3690104166666667 0.6569444444444444 0.021354166666666667 0.06759259259259259
2 0.1890625 0.3662037037037037 0.016666666666666666 0.049074074074074076
2 0.61015625 0.5342592592592592 0.0109375 0.05925925925925926
1 0.27630208333333334 0.7893518518518519 0.0078125 0.01574074074074074
2 0.3885416666666667 0.17777777777777778 0.00625 0.020370370370370372
