2 0.4315104166666667 0.5537037037037037 0.013020833333333334 0.05740740740740741
2 0.14921875 0.612037037037037 0.0265625 0.06666666666666667
2 0.09140625 0.2986111111111111 0.011979166666666667 0.03796296296296296
2 0.9153645833333334 0.6814814814814815 0.0171875 0.07222222222222222
2 0.13177083333333334 0.4527777777777778 0.014583333333333334 0.053703703703703705
2 0.23880208333333333 0.500462962962963 0.0203125 0.05277777777777778
2 0.30364583333333334 0.7944444444444444 0.016666666666666666 0.07407407407407407
2 0.3888020833333333 0.37916666666666665 0.008854166666666666 0.04537037037037037
2 0.08489583333333334 0.5171296296296296 0.01875 0.05462962962962963
2 0.565625 0.28703703703703703 0.00625 0.03518518518518519
2 0.18515625 0.6157407407407407 0.016145833333333335 0.06851851851851852
2 0.7078125 0.37222222222222223 0.0125 0.044444444444444446
2 0.2986979166666667 0.29212962962962963 0.009895833333333333 0.03796296296296296
2 0.33567708333333335 0.38842592592592595 0.013020833333333334 0.04722222222222222
2 0.30885416666666665 0.42777777777777776 0.009375 0.05
2 0.3606770833333333 0.27037037037037037 0.0067708333333333336 0.027777777777777776
2 0.42604166666666665 0.35833333333333334 0.007291666666666667 0.044444444444444446
2 0.16536458333333334 0.43703703703703706 0.016145833333333335 0.05185185185185185
2 0.24557291666666667 0.4925925925925926 0.0109375 0.05555555555555555
2 0.99375 0.9236111111111112 0.011458333333333333 0.0712962962962963
2 0.29192708333333334 0.6333333333333333 0.013020833333333334 0.06481481481481481
2 0.22395833333333334 0.3726851851851852 0.010416666666666666 0.04351851851851852
2 0.5 0.5106481481481482 0.010416666666666666 0.06018518518518518
1 0.6825520833333333 0.6800925925925926 0.0067708333333333336 0.010185185185185186
2 0.38958333333333334 0.1986111111111111 0.00625 0.019444444444444445
