2 0.4231770833333333 0.5615740740740741 0.0171875 0.058333333333333334
2 0.12942708333333333 0.6143518518518518 0.0265625 0.06388888888888888
2 0.08255208333333333 0.2972222222222222 0.013020833333333334 0.03888888888888889
2 0.9125 0.6990740740740741 0.022916666666666665 0.07592592592592592
2 0.11458333333333333 0.45185185185185184 0.011458333333333333 0.05
2 0.21901041666666668 0.500462962962963 0.0140625 0.05648148148148148
2 0.28177083333333336 0.7708333333333334 0.019791666666666666 0.062037037037037036
2 0.3841145833333333 0.38657407407407407 0.009895833333333333 0.04351851851851852
2 0.06848958333333334 0.5194444444444445 0.018229166666666668 0.05555555555555555
2 0.5494791666666666 0.29259259259259257 0.009375 0.03518518518518519
2 0.18489583333333334 0.6310185185185185 0.01875 0.06759259259259259
2 0.6958333333333333 0.38055555555555554 0.013541666666666667 0.044444444444444446
2 0.2872395833333333 0.29305555555555557 0.0067708333333333336 0.03611111111111111
2 0.3182291666666667 0.3976851851851852 0.0125 0.04351851851851852
2 0.29635416666666664 0.43287037037037035 0.008333333333333333 0.05277777777777778
2 0.3528645833333333 0.275 0.0067708333333333336 0.02962962962962963
2 0.41380208333333335 0.3625 0.0109375 0.04351851851851852
2 0.14609375 0.4375 0.011979166666666667 0.05092592592592592
2 0.23645833333333333 0.4888888888888889 0.0125 0.053703703703703705
2 0.9875520833333333 0.9226851851851852 0.02385416666666664 0.09537037037037037
2 0.284375 0.6351851851851852 0.010416666666666666 0.06481481481481481
2 0.2 0.37777777777777777 0.010416666666666666 0.044444444444444446
2 0.50546875 0.5259259259259259 0.018229166666666668 0.06296296296296296
1 0.54140625 0.6763888888888889 0.008854166666666666 0.010185185185185186
2 0.3848958333333333 0.19583333333333333 0.005208333333333333 0.019444444444444445
