2 0.4421875 0.5333333333333333 0.0125 0.06111111111111111
2 0.16380208333333332 0.6087962962962963 0.0234375 0.06388888888888888
2 0.09661458333333334 0.29907407407407405 0.011979166666666667 0.037037037037037035
2 0.9078125 0.6726851851851852 0.019791666666666666 0.0712962962962963
2 0.14921875 0.45 0.015104166666666667 0.05
2 0.25833333333333336 0.4981481481481482 0.017708333333333333 0.05555555555555555
2 0.325 0.8037037037037037 0.019791666666666666 0.08148148148148149
2 0.3963541666666667 0.3685185185185185 0.010416666666666666 0.040740740740740744
2 0.09895833333333333 0.5222222222222223 0.014583333333333334 0.05925925925925926
2 0.5768229166666666 0.28425925925925927 0.0067708333333333336 0.03333333333333333
2 0.19348958333333333 0.5958333333333333 0.016145833333333335 0.06574074074074074
2 0.7216145833333333 0.3675925925925926 0.008854166666666666 0.046296296296296294
2 0.3104166666666667 0.2912037037037037 0.008333333333333333 0.03611111111111111
2 0.34739583333333335 0.38101851851851853 0.008333333333333333 0.04537037037037037
2 0.32265625 0.42083333333333334 0.016145833333333335 0.05092592592592592
2 0.37135416666666665 0.2638888888888889 0.007291666666666667 0.03148148148148148
2 0.4322916666666667 0.35324074074074074 0.007291666666666667 0.04351851851851852
2 0.18255208333333334 0.4310185185185185 0.015104166666666667 0.049074074074074076
2 0.25338541666666664 0.49027777777777776 0.008854166666666666 0.05462962962962963
2 0.9979166666666667 0.9187037037037038 0.003125 0.04407407407407409
2 0.3059895833333333 0.6300925925925925 0.018229166666666668 0.062037037037037036
2 0.24140625 0.36574074074074076 0.009895833333333333 0.046296296296296294
2 0.49713541666666666 0.5009259259259259 0.011979166666666667 0.05740740740740741
1 0.7565104166666666 0.6828703703703703 0.0067708333333333336 0.010185185185185186
2 0.3953125 0.19814814814814816 0.00625 0.020370370370370372
