2 0.4440104166666667 0.5291666666666667 0.0109375 0.05648148148148148
2 0.16458333333333333 0.6092592592592593 0.01875 0.06481481481481481
2 0.09661458333333334 0.300462962962963 0.011979166666666667 0.03796296296296296
2 0.9036458333333334 0.6708333333333333 0.023958333333333335 0.06759259259259259
2 0.15286458333333333 0.449537037037037 0.0109375 0.05277777777777778
2 0.26458333333333334 0.4981481481481482 0.013541666666666667 0.05740740740740741
2 0.32916666666666666 0.8060185185185185 0.023958333333333335 0.08055555555555556
2 0.39791666666666664 0.36898148148148147 0.010416666666666666 0.041666666666666664
2 0.10104166666666667 0.524074074074074 0.015625 0.05925925925925926
2 0.57890625 0.2824074074074074 0.005729166666666666 0.03333333333333333
2 0.19322916666666667 0.5935185185185186 0.014583333333333334 0.06111111111111111
2 0.72421875 0.36898148148148147 0.011979166666666667 0.04537037037037037
2 0.31302083333333336 0.29074074074074074 0.007291666666666667 0.03518518518518519
2 0.34921875 0.37962962962962965 0.008854166666666666 0.046296296296296294
2 0.32421875 0.4203703703703704 0.015104166666666667 0.04814814814814815
2 0.3729166666666667 0.26481481481481484 0.005208333333333333 0.02962962962962963
2 0.43307291666666664 0.3509259259259259 0.0078125 0.04259259259259259
2 0.1859375 0.4310185185185185 0.010416666666666666 0.05092592592592592
2 0.2559895833333333 0.48935185185185187 0.008854166666666666 0.05092592592592592
2 0.3078125 0.6310185185185185 0.0125 0.06388888888888888
2 0.24505208333333334 0.3648148148148148 0.0140625 0.046296296296296294
2 0.49635416666666665 0.4976851851851852 0.011458333333333333 0.05648148148148148
1 0.77265625 0.6995370370370371 0.0067708333333333336 0.010185185185185186
2 0.396875 0.19814814814814816 0.005208333333333333 0.020370370370370372
