2 0.5088541666666667 0.5152777777777777 0.017708333333333333 0.05277777777777778
2 0.1671875 0.6189814814814815 0.01875 0.07685185185185185
2 0.06692708333333333 0.31203703703703706 0.015104166666666667 0.04259259259259259
2 0.86796875 0.6592592592592592 0.024479166666666666 0.08333333333333333
2 0.17708333333333334 0.4444444444444444 0.015625 0.05740740740740741
2 0.3015625 0.4898148148148148 0.014583333333333334 0.06296296296296296
2 0.37604166666666666 0.8662037037037037 0.026041666666666668 0.08796296296296297
2 0.4 0.3490740740740741 0.008333333333333333 0.044444444444444446
2 0.10885416666666667 0.5277777777777778 0.015625 0.06481481481481481
2 0.596875 0.26990740740740743 0.00625 0.03425925925925926
2 0.17057291666666666 0.5782407407407407 0.016145833333333335 0.06574074074074074
2 0.76796875 0.3638888888888889 0.009895833333333333 0.044444444444444446
2 0.32421875 0.2814814814814815 0.008854166666666666 0.037037037037037035
2 0.3572916666666667 0.3611111111111111 0.009375 0.044444444444444446
2 0.34661458333333334 0.40324074074074073 0.0109375 0.049074074074074076
2 0.38203125 0.25416666666666665 0.005729166666666666 0.030555555555555555
2 0.43671875 0.3337962962962963 0.008854166666666666 0.041666666666666664
2 0.20911458333333333 0.4217592592592593 0.0109375 0.05462962962962963
2 0.25885416666666666 0.5087962962962963 0.0125 0.058333333333333334
2 0.31197916666666664 0.6416666666666667 0.016666666666666666 0.07407407407407407
2 0.24765625 0.3578703703703704 0.013020833333333334 0.04722222222222222
2 0.48125 0.47685185185185186 0.0125 0.05925925925925926
1 0.8536458333333333 0.662962962962963 0.007291666666666667 0.011111111111111112
2 0.39427083333333335 0.20092592592592592 0.007291666666666667 0.025925925925925925
