2 0.5484375 0.5370370370370371 0.020833333333333332 0.05925925925925926
2 0.16640625 0.6314814814814815 0.021354166666666667 0.07592592592592592
2 0.054947916666666666 0.33055555555555555 0.0140625 0.04259259259259259
2 0.8690104166666667 0.6453703703703704 0.025520833333333333 0.07037037037037037
2 0.18333333333333332 0.4527777777777778 0.013541666666666667 0.05740740740740741
2 0.30494791666666665 0.4986111111111111 0.0109375 0.062037037037037036
2 0.39088541666666665 0.9023148148148148 0.0296875 0.08611111111111111
2 0.4002604166666667 0.3574074074074074 0.008854166666666666 0.04259259259259259
2 0.11276041666666667 0.5328703703703703 0.019270833333333334 0.06759259259259259
2 0.6044270833333333 0.2791666666666667 0.0067708333333333336 0.032407407407407406
2 0.15859375 0.5833333333333334 0.015104166666666667 0.046296296296296294
2 0.7809895833333333 0.37453703703703706 0.0109375 0.04722222222222222
2 0.32734375 0.2898148148148148 0.0067708333333333336 0.03888888888888889
2 0.36015625 0.3685185185185185 0.008854166666666666 0.04814814814814815
2 0.35052083333333334 0.40879629629629627 0.009375 0.05277777777777778
2 0.38567708333333334 0.26157407407407407 0.005729166666666666 0.028703703703703703
2 0.4401041666666667 0.33796296296296297 0.007291666666666667 0.040740740740740744
2 0.21510416666666668 0.4310185185185185 0.013541666666666667 0.05092592592592592
2 0.2591145833333333 0.5277777777777778 0.015104166666666667 0.06111111111111111
2 0.3106770833333333 0.6615740740740741 0.0171875 0.07685185185185185
2 0.24479166666666666 0.36666666666666664 0.009375 0.04814814814814815
2 0.48671875 0.4828703703703704 0.013020833333333334 0.05648148148148148
1 0.8388020833333333 0.6222222222222222 0.0067708333333333336 0.011111111111111112
2 0.39348958333333334 0.2152777777777778 0.0067708333333333336 0.025
