2 0.44427083333333334 0.5291666666666667 0.010416666666666666 0.05648148148148148
2 0.16484375 0.6092592592592593 0.018229166666666668 0.06666666666666667
2 0.09661458333333334 0.300462962962963 0.011979166666666667 0.03796296296296296
2 0.9028645833333333 0.6708333333333333 0.024479166666666666 0.06759259259259259
2 0.15338541666666666 0.449537037037037 0.0109375 0.05277777777777778
2 0.26536458333333335 0.4976851851851852 0.013020833333333334 0.058333333333333334
2 0.3302083333333333 0.8064814814814815 0.025 0.07962962962962963
2 0.3984375 0.36898148148148147 0.010416666666666666 0.04351851851851852
2 0.1015625 0.524074074074074 0.015625 0.05925925925925926
2 0.5794270833333334 0.2814814814814815 0.005729166666666666 0.03333333333333333
2 0.19322916666666667 0.5930555555555556 0.014583333333333334 0.062037037037037036
2 0.7244791666666667 0.36898148148148147 0.0125 0.04537037037037037
2 0.31328125 0.29074074074074074 0.0067708333333333336 0.03518518518518519
2 0.3497395833333333 0.37962962962962965 0.008854166666666666 0.046296296296296294
2 0.325 0.42083333333333334 0.014583333333333334 0.04722222222222222
2 0.3729166666666667 0.26481481481481484 0.005208333333333333 0.02962962962962963
2 0.43333333333333335 0.35 0.008333333333333333 0.04259259259259259
2 0.18645833333333334 0.4310185185185185 0.010416666666666666 0.05092592592592592
2 0.25625 0.4898148148148148 0.009375 0.05185185185185185
2 0.30807291666666664 0.6310185185185185 0.011979166666666667 0.06388888888888888
2 0.2453125 0.36435185185185187 0.014583333333333334 0.04722222222222222
2 0.49635416666666665 0.49722222222222223 0.011458333333333333 0.05740740740740741
1 0.77265625 0.7 0.0067708333333333336 0.009259259259259259
2 0.396875 0.19814814814814816 0.005208333333333333 0.020370370370370372
