2 0.45208333333333334 0.5180555555555556 0.015625 0.05462962962962963
2 0.16692708333333334 0.6175925925925926 0.021354166666666667 0.07592592592592592
2 0.090625 0.3055555555555556 0.0125 0.03888888888888889
2 0.8924479166666667 0.6759259259259259 0.019270833333333334 0.07962962962962963
2 0.16145833333333334 0.44907407407407407 0.016666666666666666 0.053703703703703705
2 0.2796875 0.49907407407407406 0.017708333333333333 0.06296296296296296
2 0.34647916666666667 0.8229629629629629 0.02992708333333335 0.08729629629629637
2 0.4002604166666667 0.3638888888888889 0.0078125 0.04259259259259259
2 0.10442708333333334 0.5337962962962963 0.015104166666666667 0.062037037037037036
2 0.58515625 0.2828703703703704 0.0067708333333333336 0.03425925925925926
2 0.18776041666666668 0.5907407407407408 0.013020833333333334 0.06296296296296296
2 0.7361979166666667 0.36898148148148147 0.011979166666666667 0.041666666666666664
2 0.31796875 0.2902777777777778 0.009895833333333333 0.03611111111111111
2 0.35208333333333336 0.37453703703703706 0.010416666666666666 0.04537037037037037
2 0.33489583333333334 0.4199074074074074 0.009375 0.049074074074074076
2 0.37604166666666666 0.26296296296296295 0.00625 0.03148148148148148
2 0.43359375 0.3476851851851852 0.0078125 0.03981481481481482
2 0.19635416666666666 0.42962962962962964 0.013541666666666667 0.05185185185185185
2 0.25859375 0.49722222222222223 0.011979166666666667 0.053703703703703705
2 0.31171875 0.6351851851851852 0.0140625 0.06851851851851852
2 0.2484375 0.36574074074074076 0.010416666666666666 0.04814814814814815
2 0.48984375 0.49444444444444446 0.011979166666666667 0.05555555555555555
1 0.83515625 0.6962962962962963 0.0078125 0.009259259259259259
2 0.396875 0.2023148148148148 0.00625 0.023148148148148147
