2 0.44609375 0.525 0.013020833333333334 0.05925925925925926
2 0.16510416666666666 0.6106481481481482 0.014583333333333334 0.06944444444444445
2 0.096875 0.30185185185185187 0.014583333333333334 0.03888888888888889
2 0.9010416666666666 0.6722222222222223 0.021875 0.06851851851851852
2 0.15703125 0.4486111111111111 0.0171875 0.05462962962962963
2 0.2708333333333333 0.4976851851851852 0.019791666666666666 0.058333333333333334
2 0.3363098958333333 0.8123796296296296 0.02179687500000001 0.0837037037037038
2 0.3984375 0.3675925925925926 0.009375 0.046296296296296294
2 0.10572916666666667 0.5268518518518519 0.019791666666666666 0.05925925925925926
2 0.5815104166666667 0.2833333333333333 0.005729166666666666 0.03148148148148148
2 0.190625 0.5912037037037037 0.015625 0.06759259259259259
2 0.728125 0.3685185185185185 0.014583333333333334 0.044444444444444446
2 0.3151041666666667 0.2912037037037037 0.0125 0.03796296296296296
2 0.35130208333333335 0.3768518518518518 0.009895833333333333 0.044444444444444446
2 0.3299479166666667 0.4212962962962963 0.0109375 0.05185185185185185
2 0.37447916666666664 0.26435185185185184 0.008333333333333333 0.026851851851851852
2 0.434375 0.3509259259259259 0.009375 0.040740740740740744
2 0.19192708333333333 0.42916666666666664 0.0171875 0.05277777777777778
2 0.25859375 0.4925925925925926 0.011979166666666667 0.053703703703703705
2 0.31223958333333335 0.6333333333333333 0.0171875 0.06666666666666667
2 0.24635416666666668 0.3648148148148148 0.009375 0.04259259259259259
2 0.4947916666666667 0.4962962962962963 0.011458333333333333 0.05925925925925926
1 0.79140625 0.6916666666666667 0.0078125 0.009259259259259259
2 0.39791666666666664 0.2 0.00625 0.022222222222222223
