1 0.4875 0.5087962962962963 0.019791666666666666 0.04722222222222222
1 0.16796875 0.6157407407407407 0.018229166666666668 0.07222222222222222
1 0.07526041666666666 0.30925925925925923 0.0140625 0.04259259259259259
1 0.87421875 0.6703703703703704 0.025520833333333333 0.08333333333333333
1 0.17239583333333333 0.4439814814814815 0.01875 0.05277777777777778
1 0.29583333333333334 0.49166666666666664 0.015625 0.06481481481481481
1 0.36692708333333335 0.8490740740740741 0.0171875 0.08333333333333333
1 0.40130208333333334 0.3527777777777778 0.0078125 0.04259259259259259
1 0.11041666666666666 0.5310185185185186 0.013541666666666667 0.06574074074074074
1 0.59296875 0.27361111111111114 0.005729166666666666 0.03425925925925926
1 0.17864583333333334 0.5800925925925926 0.014583333333333334 0.06388888888888888
1 0.75703125 0.36342592592592593 0.011979166666666667 0.04537037037037037
1 0.32317708333333334 0.2833333333333333 0.008854166666666666 0.037037037037037035
1 0.35546875 0.3638888888888889 0.009895833333333333 0.044444444444444446
1 0.34401041666666665 0.4083333333333333 0.0109375 0.04814814814814815
1 0.3807291666666667 0.25601851851851853 0.005208333333333333 0.026851851851851852
1 0.43515625 0.3375 0.0078125 0.041666666666666664
1 0.20729166666666668 0.42407407407407405 0.013541666666666667 0.053703703703703705
1 0.26197916666666665 0.5046296296296297 0.017708333333333333 0.05740740740740741
1 0.31328125 0.6407407407407407 0.018229166666666668 0.07592592592592592
1 0.24791666666666667 0.3574074074074074 0.010416666666666666 0.05
1 0.48151041666666666 0.48148148148148145 0.011979166666666667 0.05740740740740741
0 0.85390625 0.6726851851851852 0.0067708333333333336 0.010185185185185186
1 0.39609375 0.2023148148148148 0.0067708333333333336 0.025
