1 0.43307291666666664 0.5513888888888889 0.013020833333333334 0.062037037037037036
1 0.15104166666666666 0.6111111111111112 0.022916666666666665 0.06666666666666667
1 0.0921875 0.29907407407407405 0.011458333333333333 0.037037037037037035
1 0.9140625 0.6814814814814815 0.017708333333333333 0.07222222222222222
1 0.13307291666666668 0.4527777777777778 0.0171875 0.05185185185185185
1 0.24296875 0.5010648148148148 0.021354166666666667 0.05157407407407412
1 0.3067708333333333 0.7944444444444444 0.015625 0.07407407407407407
1 0.38958333333333334 0.37916666666666665 0.009375 0.04537037037037037
1 0.08697916666666666 0.5180555555555556 0.017708333333333333 0.05648148148148148
1 0.5677083333333334 0.2865740740740741 0.00625 0.03425925925925926
1 0.18619791666666666 0.6138888888888889 0.016145833333333335 0.06851851851851852
1 0.7098958333333333 0.3712962962962963 0.010416666666666666 0.04259259259259259
1 0.30026041666666664 0.29212962962962963 0.009895833333333333 0.03611111111111111
1 0.3372395833333333 0.3875 0.011979166666666667 0.04351851851851852
1 0.3104166666666667 0.4273148148148148 0.011458333333333333 0.049074074074074076
1 0.3619791666666667 0.2689814814814815 0.008333333333333333 0.028703703703703703
1 0.42682291666666666 0.35833333333333334 0.0078125 0.044444444444444446
1 0.1671875 0.4356481481481482 0.015625 0.049074074074074076
1 0.24785416666666665 0.4916759259259259 0.011375000000000017 0.05494444444444442
1 0.9957942708333333 0.9148981481481482 0.00841145833333338 0.02962962962962963
1 0.2950520833333333 0.6324074074074074 0.011979166666666667 0.06481481481481481
1 0.22786458333333334 0.37175925925925923 0.009895833333333333 0.04537037037037037
1 0.49921875 0.5074074074074074 0.0109375 0.05925925925925926
0 0.6986979166666667 0.6731481481481482 0.0067708333333333336 0.009259259259259259
1 0.390625 0.19768518518518519 0.00625 0.021296296296296296
