1 0.4434895833333333 0.5300925925925926 0.0109375 0.05462962962962963
1 0.16432291666666668 0.6092592592592593 0.021354166666666667 0.06481481481481481
1 0.09661458333333334 0.29953703703703705 0.011979166666666667 0.03796296296296296
1 0.90546875 0.6712962962962963 0.021354166666666667 0.06851851851851852
1 0.1515625 0.449537037037037 0.011458333333333333 0.05092592592592592
1 0.2630208333333333 0.4981481481481482 0.013541666666666667 0.05555555555555555
1 0.32734375 0.8046296296296296 0.021354166666666667 0.08148148148148149
1 0.39739583333333334 0.3685185185185185 0.010416666666666666 0.040740740740740744
1 0.10052083333333334 0.5231481481481481 0.015625 0.05925925925925926
1 0.5778645833333333 0.2828703703703704 0.005729166666666666 0.03425925925925926
1 0.19375 0.5944444444444444 0.015625 0.06296296296296296
1 0.7231770833333333 0.36898148148148147 0.009895833333333333 0.04537037037037037
1 0.31197916666666664 0.29074074074074074 0.007291666666666667 0.03518518518518519
1 0.34869791666666666 0.3800925925925926 0.008854166666666666 0.04537037037037037
1 0.32369791666666664 0.4199074074074074 0.0171875 0.049074074074074076
1 0.37213541666666666 0.26481481481481484 0.005729166666666666 0.02962962962962963
1 0.43255208333333334 0.35185185185185186 0.0078125 0.044444444444444446
1 0.18489583333333334 0.4310185185185185 0.010416666666666666 0.049074074074074076
1 0.25494791666666666 0.4888888888888889 0.008854166666666666 0.05
1 0.3072916666666667 0.6305555555555555 0.013541666666666667 0.06296296296296296
1 0.24401041666666667 0.36527777777777776 0.013020833333333334 0.04722222222222222
1 0.496875 0.4981481481481482 0.011458333333333333 0.05555555555555555
1 0.7645833333333333 0.6902777777777778 0.007291666666666667 0.010185185185185186
1 0.39609375 0.19814814814814816 0.005729166666666666 0.020370370370370372
