2 0.5294270833333333 0.5259259259259259 0.015104166666666667 0.05925925925925926
2 0.17109375 0.625462962962963 0.025520833333333333 0.07685185185185185
2 0.06067708333333333 0.31851851851851853 0.0140625 0.04259259259259259
2 0.8736979166666666 0.6472222222222223 0.03177083333333333 0.07592592592592592
2 0.1828125 0.4449074074074074 0.016666666666666666 0.05648148148148148
2 0.3020833333333333 0.49074074074074076 0.0125 0.06481481481481481
2 0.38828125 0.8787037037037037 0.025520833333333333 0.08703703703703704
2 0.4002604166666667 0.35 0.0078125 0.044444444444444446
2 0.11015625 0.5273148148148148 0.013020833333333334 0.062037037037037036
2 0.6010416666666667 0.2726851851851852 0.007291666666666667 0.03425925925925926
2 0.16458333333333333 0.5773148148148148 0.014583333333333334 0.05462962962962963
2 0.7760416666666666 0.3685185185185185 0.014583333333333334 0.046296296296296294
2 0.3260416666666667 0.2824074074074074 0.009375 0.037037037037037035
2 0.3580729166666667 0.3611111111111111 0.009895833333333333 0.044444444444444446
2 0.34817708333333336 0.4013888888888889 0.011979166666666667 0.05092592592592592
2 0.38385416666666666 0.25324074074074077 0.00625 0.030555555555555555
2 0.43802083333333336 0.33425925925925926 0.008333333333333333 0.04259259259259259
2 0.21328125 0.42314814814814816 0.009895833333333333 0.05185185185185185
2 0.25859375 0.5171296296296296 0.0140625 0.062037037037037036
2 0.3111979166666667 0.649537037037037 0.015104166666666667 0.075
2 0.24479166666666666 0.3560185185185185 0.008333333333333333 0.049074074074074076
2 0.4817708333333333 0.4759259259259259 0.0125 0.05740740740740741
1 0.8559895833333333 0.6620370370370371 0.0067708333333333336 0.011111111111111112
2 0.39375 0.20555555555555555 0.008333333333333333 0.025925925925925925
