2 0.5338541666666666 0.5296296296296297 0.014583333333333334 0.05925925925925926
2 0.16927083333333334 0.6287037037037037 0.025 0.07777777777777778
2 0.058854166666666666 0.32083333333333336 0.014583333333333334 0.041666666666666664
2 0.8734375 0.6462962962962963 0.03229166666666667 0.07037037037037037
2 0.18255208333333334 0.44675925925925924 0.0171875 0.05462962962962963
2 0.30182291666666666 0.4925925925925926 0.013020833333333334 0.06481481481481481
2 0.38958333333333334 0.8842592592592593 0.029166666666666667 0.08703703703703704
2 0.4002604166666667 0.3509259259259259 0.0078125 0.044444444444444446
2 0.10989583333333333 0.5291666666666667 0.0125 0.06388888888888888
2 0.6018229166666667 0.275 0.0067708333333333336 0.03333333333333333
2 0.16328125 0.5796296296296296 0.015104166666666667 0.05555555555555555
2 0.778125 0.37175925925925923 0.015625 0.04722222222222222
2 0.3260416666666667 0.28425925925925927 0.008333333333333333 0.037037037037037035
2 0.3580729166666667 0.3638888888888889 0.009895833333333333 0.044444444444444446
2 0.34791666666666665 0.40370370370370373 0.011458333333333333 0.05
2 0.384375 0.2550925925925926 0.00625 0.030555555555555555
2 0.43854166666666666 0.33611111111111114 0.007291666666666667 0.044444444444444446
2 0.21302083333333333 0.425 0.011458333333333333 0.053703703703703705
2 0.25755208333333335 0.5185185185185185 0.013020833333333334 0.06111111111111111
2 0.3104166666666667 0.6513888888888889 0.014583333333333334 0.075
2 0.24453125 0.3574074074074074 0.008854166666666666 0.05
2 0.4825520833333333 0.4777777777777778 0.013020833333333334 0.05925925925925926
1 0.8565104166666667 0.6615740740740741 0.0067708333333333336 0.010185185185185186
2 0.39375 0.20787037037037037 0.007291666666666667 0.026851851851851852
