2 0.43463541666666666 0.5472222222222223 0.013020833333333334 0.06296296296296296
2 0.153125 0.6092592592592593 0.01875 0.06666666666666667
2 0.09348958333333333 0.2986111111111111 0.011979166666666667 0.03611111111111111
2 0.9127604166666666 0.6824074074074075 0.0171875 0.07222222222222222
2 0.13567708333333334 0.4532407407407407 0.0140625 0.05092592592592592
2 0.24658854166666666 0.500462962962963 0.017135416666666656 0.055000000000000035
2 0.3092630208333334 0.7948611111111111 0.021546875000000004 0.0808333333333334
2 0.39010416666666664 0.37824074074074077 0.009375 0.04351851851851852
2 0.08932291666666667 0.5185185185185185 0.018229166666666668 0.05925925925925926
2 0.56953125 0.2861111111111111 0.005729166666666666 0.03333333333333333
2 0.1875 0.611574074074074 0.015625 0.06759259259259259
2 0.7109375 0.37083333333333335 0.011458333333333333 0.04351851851851852
2 0.30234375 0.29212962962962963 0.0078125 0.03425925925925926
2 0.33932291666666664 0.38657407407407407 0.009895833333333333 0.04537037037037037
2 0.31171875 0.42685185185185187 0.011979166666666667 0.05
2 0.36302083333333335 0.26851851851851855 0.009375 0.025925925925925925
2 0.4276041666666667 0.3578703703703704 0.008333333333333333 0.04351851851851852
2 0.17005208333333333 0.4351851851851852 0.011979166666666667 0.04814814814814815
2 0.25020312499999997 0.4907916666666666 0.01313541666666668 0.05250925925925924
2 0.9961666666666666 0.9166944444444444 0.0069687499999999385 0.06050000000000003
2 0.2984375 0.6314814814814815 0.014583333333333334 0.06481481481481481
2 0.23046875 0.3699074074074074 0.0109375 0.04722222222222222
2 0.4986979166666667 0.5055555555555555 0.011979166666666667 0.05740740740740741
1 0.7091145833333333 0.6703703703703704 0.0067708333333333336 0.009259259259259259
2 0.39114583333333336 0.19675925925925927 0.00625 0.021296296296296296
