1 0.4510416666666667 0.5199074074074074 0.014583333333333334 0.05462962962962963
1 0.16796875 0.6171296296296296 0.022395833333333334 0.075
1 0.09192708333333334 0.3055555555555556 0.013020833333333334 0.03888888888888889
1 0.89296875 0.6759259259259259 0.0203125 0.07777777777777778
1 0.16015625 0.45 0.011979166666666667 0.053703703703703705
1 0.27786458333333336 0.5 0.0140625 0.06481481481481481
1 0.3458333333333333 0.8208333333333333 0.030208333333333334 0.0824074074074074
1 0.4 0.36574074074074076 0.008333333333333333 0.04259259259259259
1 0.10390625 0.5333333333333333 0.015104166666666667 0.06111111111111111
1 0.5846354166666666 0.2828703703703704 0.0067708333333333336 0.032407407407407406
1 0.18854166666666666 0.5916666666666667 0.013541666666666667 0.06296296296296296
1 0.73515625 0.3675925925925926 0.0109375 0.04259259259259259
1 0.3171875 0.29074074074074074 0.008333333333333333 0.037037037037037035
1 0.35208333333333336 0.37592592592592594 0.010416666666666666 0.046296296296296294
1 0.33359375 0.41898148148148145 0.009895833333333333 0.049074074074074076
1 0.37578125 0.26342592592592595 0.005729166666666666 0.030555555555555555
1 0.43359375 0.34675925925925927 0.008854166666666666 0.03981481481481482
1 0.19453125 0.4300925925925926 0.009895833333333333 0.05092592592592592
1 0.25859375 0.49675925925925923 0.0140625 0.05277777777777778
1 0.3125 0.6356481481481482 0.015625 0.06944444444444445
1 0.24895833333333334 0.3648148148148148 0.0125 0.04814814814814815
1 0.4908854166666667 0.4949074074074074 0.011979166666666667 0.05462962962962963
0 0.8265625 0.6925925925925925 0.007291666666666667 0.009259259259259259
1 0.39739583333333334 0.2013888888888889 0.00625 0.023148148148148147
