2 0.6203125 0.5296296296296297 0.0125 0.05925925925925926
2 0.13333333333333333 0.6231481481481481 0.01875 0.07777777777777778
2 0.009375 0.3476851851851852 0.014583333333333334 0.04537037037037037
2 0.87265625 0.6212962962962963 0.0171875 0.08148148148148149
2 0.18932291666666667 0.4444444444444444 0.011979166666666667 0.05925925925925926
2 0.30390625 0.48657407407407405 0.011979166666666667 0.062037037037037036
2 0.39375 0.9476851851851852 0.021875 0.10092592592592593
2 0.3984375 0.3541666666666667 0.009375 0.04537037037037037
2 0.12421875 0.5222222222222223 0.0140625 0.06851851851851852
2 0.6294270833333333 0.28055555555555556 0.008854166666666666 0.03518518518518519
2 0.0921875 0.6268518518518519 0.020833333333333332 0.06851851851851852
2 0.7934895833333333 0.3819444444444444 0.013020833333333334 0.05092592592592592
2 0.33255208333333336 0.28564814814814815 0.0067708333333333336 0.03981481481481482
2 0.36171875 0.36203703703703705 0.008854166666666666 0.046296296296296294
2 0.35859375 0.4009259259259259 0.011979166666666667 0.05185185185185185
2 0.39375 0.2587962962962963 0.00625 0.028703703703703703
2 0.4557291666666667 0.33287037037037037 0.008333333333333333 0.04351851851851852
2 0.2265625 0.42777777777777776 0.014583333333333334 0.05740740740740741
2 0.24947916666666667 0.5435185185185185 0.014583333333333334 0.06666666666666667
2 0.30364583333333334 0.6689814814814815 0.015625 0.08796296296296297
2 0.24453125 0.36157407407407405 0.0109375 0.05277777777777778
2 0.5315104166666667 0.4736111111111111 0.0140625 0.062037037037037036
1 0.79296875 0.4199074074074074 0.0046875 0.008333333333333333
2 0.38307291666666665 0.22777777777777777 0.0078125 0.027777777777777776
