2 0.6716145833333333 0.5398148148148149 0.016145833333333335 0.05185185185185185
2 0.14947916666666666 0.6194444444444445 0.016666666666666666 0.07777777777777778
2 0.030989583333333334 0.3773148148148148 0.0109375 0.04722222222222222
2 0.86796875 0.6324074074074074 0.018229166666666668 0.07222222222222222
2 0.23229166666666667 0.45694444444444443 0.011458333333333333 0.05277777777777778
2 0.3416666666666667 0.4861111111111111 0.011458333333333333 0.05925925925925926
2 0.39895833333333336 0.9611111111111111 0.027083333333333334 0.07407407407407407
2 0.42864583333333334 0.3768518518518518 0.008333333333333333 0.044444444444444446
2 0.17317708333333334 0.5194444444444445 0.0140625 0.06296296296296296
2 0.6713541666666667 0.3143518518518518 0.007291666666666667 0.032407407407407406
2 0.084375 0.6726851851851852 0.01875 0.07314814814814814
2 0.81640625 0.4166666666666667 0.018229166666666668 0.046296296296296294
2 0.37213541666666666 0.31157407407407406 0.008854166666666666 0.03611111111111111
2 0.39609375 0.3814814814814815 0.008854166666666666 0.037037037037037035
2 0.39609375 0.41759259259259257 0.009895833333333333 0.05185185185185185
2 0.434375 0.2884259259259259 0.007291666666666667 0.028703703703703703
2 0.49296875 0.3587962962962963 0.008854166666666666 0.04351851851851852
2 0.25338541666666664 0.4439814814814815 0.0109375 0.05277777777777778
2 0.28151041666666665 0.5634259259259259 0.0140625 0.06388888888888888
2 0.3268229166666667 0.6638888888888889 0.015104166666666667 0.07962962962962963
2 0.28567708333333336 0.3800925925925926 0.008854166666666666 0.04537037037037037
2 0.5940104166666667 0.4898148148148148 0.011979166666666667 0.05740740740740741
1 0.7989583333333333 0.43148148148148147 0.004166666666666667 0.007407407407407408
2 0.40572916666666664 0.26666666666666666 0.007291666666666667 0.027777777777777776
