2 0.63671875 0.5291666666666667 0.011979166666666667 0.06018518518518518
2 0.13229166666666667 0.6199074074074075 0.01875 0.0787037037037037
2 0.009114583333333334 0.35648148148148145 0.013020833333333334 0.04814814814814815
2 0.8690104166666667 0.6212962962962963 0.0171875 0.07962962962962963
2 0.19947916666666668 0.4476851851851852 0.011458333333333333 0.05648148148148148
2 0.31276041666666665 0.4842592592592593 0.013020833333333334 0.06111111111111111
2 0.3924479166666667 0.9527777777777777 0.022395833333333334 0.09074074074074075
2 0.40338541666666666 0.3587962962962963 0.008854166666666666 0.04351851851851852
2 0.1359375 0.5212962962962963 0.015625 0.06481481481481481
2 0.6403645833333333 0.2875 0.0078125 0.03425925925925926
2 0.08151041666666667 0.6393518518518518 0.0171875 0.0712962962962963
2 0.7997395833333333 0.3921296296296296 0.013020833333333334 0.049074074074074076
2 0.3411458333333333 0.29212962962962963 0.008333333333333333 0.03796296296296296
2 0.36875 0.3638888888888889 0.010416666666666666 0.040740740740740744
2 0.36796875 0.40185185185185185 0.011979166666666667 0.05
2 0.40260416666666665 0.2657407407407407 0.007291666666666667 0.027777777777777776
2 0.46432291666666664 0.3384259259259259 0.008854166666666666 0.04351851851851852
2 0.23072916666666668 0.4310185185185185 0.0125 0.05648148148148148
2 0.2546875 0.55 0.013541666666666667 0.06666666666666667
2 0.3072916666666667 0.6652777777777777 0.015625 0.08425925925925926
2 0.25390625 0.36527777777777776 0.008854166666666666 0.049074074074074076
2 0.5484375 0.475462962962963 0.0125 0.06018518518518518
1 0.7981770833333334 0.4115740740740741 0.0046875 0.008333333333333333
2 0.38567708333333334 0.2375 0.009895833333333333 0.028703703703703703
