2 0.6075520833333333 0.5333333333333333 0.011979166666666667 0.06296296296296296
2 0.13802083333333334 0.6305555555555555 0.017708333333333333 0.07777777777777778
2 0.016145833333333335 0.34444444444444444 0.013541666666666667 0.046296296296296294
2 0.87734375 0.6287037037037037 0.0171875 0.08148148148148149
2 0.18645833333333334 0.44814814814814813 0.013541666666666667 0.06111111111111111
2 0.30182291666666666 0.49166666666666664 0.013020833333333334 0.06666666666666667
2 0.39479166666666665 0.9462962962962963 0.023958333333333335 0.10185185185185185
2 0.396875 0.3541666666666667 0.008333333333333333 0.04722222222222222
2 0.11875 0.5254629629629629 0.017708333333333333 0.0712962962962963
2 0.6234375 0.2800925925925926 0.007291666666666667 0.03425925925925926
2 0.10442708333333334 0.6143518518518518 0.0140625 0.06574074074074074
2 0.7893229166666667 0.38101851851851853 0.013020833333333334 0.049074074074074076
2 0.3294270833333333 0.2861111111111111 0.008854166666666666 0.03888888888888889
2 0.36015625 0.3638888888888889 0.0109375 0.046296296296296294
2 0.35546875 0.4041666666666667 0.011979166666666667 0.05648148148148148
2 0.38958333333333334 0.25925925925925924 0.00625 0.02962962962962963
2 0.4505208333333333 0.33611111111111114 0.009375 0.044444444444444446
2 0.22265625 0.42962962962962964 0.011979166666666667 0.053703703703703705
2 0.24947916666666667 0.5449074074074074 0.014583333333333334 0.06759259259259259
2 0.3026041666666667 0.675 0.015625 0.08518518518518518
2 0.24192708333333332 0.36203703703703705 0.009895833333333333 0.05
2 0.51796875 0.4740740740740741 0.0140625 0.05925925925925926
1 0.79140625 0.43657407407407406 0.0046875 0.008333333333333333
2 0.38359375 0.22453703703703703 0.0078125 0.026851851851851852
