2 0.66640625 0.5361111111111111 0.015104166666666667 0.053703703703703705
2 0.14583333333333334 0.6185185185185185 0.016666666666666666 0.07592592592592592
2 0.0265625 0.37407407407407406 0.011458333333333333 0.04814814814814815
2 0.8651041666666667 0.6287037037037037 0.021875 0.07592592592592592
2 0.22630208333333332 0.4527777777777778 0.011979166666666667 0.053703703703703705
2 0.3359375 0.48564814814814816 0.011458333333333333 0.06388888888888888
2 0.396875 0.9592592592592593 0.028125 0.07777777777777778
2 0.4234375 0.3736111111111111 0.008333333333333333 0.04537037037037037
2 0.165625 0.5203703703703704 0.0125 0.06666666666666667
2 0.665625 0.3087962962962963 0.007291666666666667 0.03425925925925926
2 0.08229166666666667 0.6652777777777777 0.015625 0.06944444444444445
2 0.8125 0.412962962962963 0.019791666666666666 0.046296296296296294
2 0.36614583333333334 0.30648148148148147 0.008333333333333333 0.037037037037037035
2 0.390625 0.37824074074074077 0.008333333333333333 0.03796296296296296
2 0.390625 0.41388888888888886 0.010416666666666666 0.05
2 0.428125 0.2847222222222222 0.00625 0.028703703703703703
2 0.48776041666666664 0.35555555555555557 0.008854166666666666 0.04259259259259259
2 0.24895833333333334 0.44074074074074077 0.011458333333333333 0.05185185185185185
2 0.27630208333333334 0.5606481481481481 0.0140625 0.06388888888888888
2 0.3229166666666667 0.662962962962963 0.015625 0.07777777777777778
2 0.2796875 0.3768518518518518 0.009375 0.04814814814814815
2 0.5864583333333333 0.4847222222222222 0.0125 0.058333333333333334
1 0.79765625 0.42685185185185187 0.0046875 0.007407407407407408
2 0.4010416666666667 0.26157407407407407 0.007291666666666667 0.028703703703703703
