2 0.67890625 0.5412037037037037 0.016145833333333335 0.05092592592592592
2 0.15859375 0.6185185185185185 0.016145833333333335 0.07222222222222222
2 0.04296875 0.38564814814814813 0.011979166666666667 0.04722222222222222
2 0.87109375 0.6398148148148148 0.0171875 0.07962962962962963
2 0.24661458333333333 0.4601851851851852 0.0109375 0.05555555555555555
2 0.35442708333333334 0.49074074074074076 0.011979166666666667 0.05925925925925926
2 0.4041666666666667 0.9634259259259259 0.021875 0.06388888888888888
2 0.440625 0.38564814814814813 0.008333333333333333 0.04351851851851852
2 0.1875 0.524074074074074 0.013541666666666667 0.06111111111111111
2 0.6848958333333334 0.325 0.007291666666666667 0.03148148148148148
2 0.090625 0.6842592592592592 0.026041666666666668 0.07407407407407407
2 0.8169270833333333 0.42453703703703705 0.009895833333333333 0.04537037037037037
2 0.38619791666666664 0.31712962962962965 0.0078125 0.03611111111111111
2 0.40911458333333334 0.38657407407407407 0.009895833333333333 0.03611111111111111
2 0.40859375 0.4217592592592593 0.009895833333333333 0.04722222222222222
2 0.44765625 0.29768518518518516 0.005729166666666666 0.028703703703703703
2 0.5052083333333334 0.36574074074074076 0.007291666666666667 0.040740740740740744
2 0.2638020833333333 0.44675925925925924 0.0109375 0.05092592592592592
2 0.29270833333333335 0.5708333333333333 0.013541666666666667 0.06574074074074074
2 0.33619791666666665 0.6648148148148149 0.016145833333333335 0.07592592592592592
2 0.3 0.3861111111111111 0.008333333333333333 0.04814814814814815
2 0.6111979166666667 0.4935185185185185 0.013020833333333334 0.05740740740740741
1 0.80390625 0.4398148148148148 0.0046875 0.007407407407407408
2 0.41484375 0.27685185185185185 0.0067708333333333336 0.02962962962962963
