2 0.6723958333333333 0.5050925925925925 0.0125 0.05462962962962963
2 0.19479166666666667 0.5851851851851851 0.014583333333333334 0.07037037037037037
2 0.084375 0.38287037037037036 0.011458333333333333 0.04537037037037037
2 0.8776041666666666 0.6291666666666667 0.017708333333333333 0.06944444444444445
2 0.309375 0.43796296296296294 0.0125 0.053703703703703705
2 0.41015625 0.4638888888888889 0.009895833333333333 0.05740740740740741
2 0.4401223958333334 0.9660833333333334 0.04436979166666664 0.0653703703703704
2 0.4942708333333333 0.3773148148148148 0.013541666666666667 0.04351851851851852
2 0.24661458333333333 0.4976851851851852 0.011979166666666667 0.062037037037037036
2 0.7393229166666667 0.32546296296296295 0.0078125 0.03611111111111111
2 0.09192708333333334 0.6962962962962963 0.0203125 0.07592592592592592
2 0.8330729166666667 0.42453703703703705 0.015104166666666667 0.041666666666666664
2 0.45416666666666666 0.3087962962962963 0.008333333333333333 0.03611111111111111
2 0.4713541666666667 0.3824074074074074 0.009375 0.04259259259259259
2 0.4622395833333333 0.4083333333333333 0.011979166666666667 0.046296296296296294
2 0.52109375 0.29907407407407405 0.008854166666666666 0.027777777777777776
2 0.57265625 0.3611111111111111 0.008854166666666666 0.040740740740740744
2 0.31223958333333335 0.4287037037037037 0.008854166666666666 0.04259259259259259
2 0.33697916666666666 0.5560185185185185 0.0125 0.06388888888888888
2 0.36822916666666666 0.6291666666666667 0.014583333333333334 0.07685185185185185
2 0.3580729166666667 0.37592592592592594 0.0078125 0.046296296296296294
2 0.6901041666666666 0.47314814814814815 0.011458333333333333 0.053703703703703705
1 0.8184895833333333 0.44537037037037036 0.0046875 0.009259259259259259
2 0.46015625 0.2810185185185185 0.008854166666666666 0.028703703703703703
