2 0.6765625 0.5407407407407407 0.016666666666666666 0.05740740740740741
2 0.15520833333333334 0.6171296296296296 0.016666666666666666 0.075
2 0.0390625 0.3837962962962963 0.011458333333333333 0.04722222222222222
2 0.8697916666666666 0.6365740740740741 0.015625 0.0787037037037037
2 0.2421875 0.4583333333333333 0.011458333333333333 0.053703703703703705
2 0.35052083333333334 0.48935185185185187 0.011458333333333333 0.05648148148148148
2 0.40182291666666664 0.9625 0.022395833333333334 0.06574074074074074
2 0.43645833333333334 0.3837962962962963 0.008333333333333333 0.04351851851851852
2 0.1828125 0.5231481481481481 0.013541666666666667 0.05925925925925926
2 0.6809895833333334 0.32407407407407407 0.0078125 0.027777777777777776
2 0.08854166666666667 0.6819444444444445 0.026041666666666668 0.075
2 0.815625 0.42268518518518516 0.013541666666666667 0.04537037037037037
2 0.3815104166666667 0.3138888888888889 0.008854166666666666 0.037037037037037035
2 0.4049479166666667 0.3837962962962963 0.009895833333333333 0.03611111111111111
2 0.4044270833333333 0.41898148148148145 0.008854166666666666 0.049074074074074076
2 0.4434895833333333 0.2949074074074074 0.005729166666666666 0.028703703703703703
2 0.5010416666666667 0.362962962962963 0.008333333333333333 0.040740740740740744
2 0.26015625 0.4449074074074074 0.0109375 0.05092592592592592
2 0.28932291666666665 0.5689814814814815 0.0140625 0.06574074074074074
2 0.33307291666666666 0.6648148148148149 0.016145833333333335 0.07777777777777778
2 0.2955729166666667 0.38472222222222224 0.0078125 0.04722222222222222
2 0.60625 0.49166666666666664 0.0125 0.05925925925925926
1 0.8020833333333334 0.43703703703703706 0.004166666666666667 0.007407407407407408
2 0.41119791666666666 0.27361111111111114 0.0067708333333333336 0.028703703703703703
