2 0.690625 0.5425925925925926 0.015625 0.05
2 0.18645833333333334 0.6152777777777778 0.015625 0.075
2 0.075 0.4009259259259259 0.010416666666666666 0.04814814814814815
2 0.884375 0.6578703703703703 0.016666666666666666 0.075
2 0.28802083333333334 0.4675925925925926 0.009375 0.05185185185185185
2 0.3919270833333333 0.4930555555555556 0.0109375 0.05462962962962963
2 0.4349947916666667 0.9713796296296295 0.04134375 0.057240740740740786
2 0.47734375 0.4 0.0140625 0.04259259259259259
2 0.22994791666666667 0.5222222222222223 0.013020833333333334 0.06111111111111111
2 0.7229166666666667 0.3449074074074074 0.008333333333333333 0.03425925925925926
2 0.10859375 0.7111111111111111 0.025520833333333333 0.07777777777777778
2 0.8286458333333333 0.44351851851851853 0.0125 0.046296296296296294
2 0.42864583333333334 0.33101851851851855 0.008333333333333333 0.03611111111111111
2 0.44895833333333335 0.40046296296296297 0.010416666666666666 0.03611111111111111
2 0.4453125 0.43194444444444446 0.010416666666666666 0.04722222222222222
2 0.49244791666666665 0.31712962962962965 0.0067708333333333336 0.028703703703703703
2 0.5471354166666667 0.38101851851851853 0.008854166666666666 0.041666666666666664
2 0.29609375 0.45787037037037037 0.009895833333333333 0.05277777777777778
2 0.32526041666666666 0.5810185185185185 0.011979166666666667 0.06574074074074074
2 0.36171875 0.6625 0.015104166666666667 0.07685185185185185
2 0.33932291666666664 0.3976851851851852 0.0078125 0.04722222222222222
2 0.66328125 0.5060185185185185 0.0109375 0.05648148148148148
1 0.8276536458333333 0.4585601851851852 0.004119791666666591 0.007120370370370368
2 0.44635416666666666 0.29814814814814816 0.008333333333333333 0.02962962962962963
