2 0.6760416666666667 0.513425925925926 0.015625 0.05092592592592592
2 0.19401041666666666 0.5912037037037037 0.015104166666666667 0.0712962962962963
2 0.08359375 0.3875 0.013020833333333334 0.04722222222222222
2 0.8783854166666667 0.6356481481481482 0.021354166666666667 0.075
2 0.3059895833333333 0.4444444444444444 0.011979166666666667 0.05555555555555555
2 0.4075520833333333 0.4703703703703704 0.009895833333333333 0.05740740740740741
2 0.43734375000000003 0.9673148148148148 0.04437499999999996 0.0653703703703704
2 0.4921875 0.38287037037037036 0.0125 0.04351851851851852
2 0.24348958333333334 0.5037037037037037 0.013020833333333334 0.05925925925925926
2 0.7375 0.3314814814814815 0.009375 0.03518518518518519
2 0.09557291666666666 0.7018518518518518 0.021354166666666667 0.07592592592592592
2 0.8341145833333333 0.42916666666666664 0.0171875 0.041666666666666664
2 0.44895833333333335 0.3148148148148148 0.008333333333333333 0.03333333333333333
2 0.46822916666666664 0.38796296296296295 0.008333333333333333 0.040740740740740744
2 0.46041666666666664 0.4134259259259259 0.0125 0.049074074074074076
2 0.5169270833333334 0.3037037037037037 0.008854166666666666 0.027777777777777776
2 0.5690104166666666 0.36666666666666664 0.008854166666666666 0.03888888888888889
2 0.309375 0.43657407407407406 0.008333333333333333 0.049074074074074076
2 0.33541666666666664 0.562037037037037 0.0125 0.06296296296296296
2 0.36744791666666665 0.6370370370370371 0.0140625 0.07407407407407407
2 0.3546875 0.3814814814814815 0.007291666666666667 0.044444444444444446
2 0.6856770833333333 0.48009259259259257 0.013020833333333334 0.05277777777777778
1 0.8200520833333333 0.4486111111111111 0.0046875 0.008333333333333333
2 0.4583333333333333 0.28564814814814815 0.008333333333333333 0.028703703703703703
