1 0.6846354166666667 0.5300925925925926 0.0171875 0.05092592592592592
1 0.18984375 0.6055555555555555 0.015104166666666667 0.07222222222222222
1 0.08072916666666667 0.3972222222222222 0.0125 0.04814814814814815
1 0.88203125 0.649074074074074 0.0171875 0.07222222222222222
1 0.2981770833333333 0.4583333333333333 0.011979166666666667 0.04814814814814815
1 0.3997395833333333 0.4837962962962963 0.0109375 0.058333333333333334
1 0.43665885416666667 0.9698981481481481 0.0430052083333333 0.06020370370370369
1 0.48515625 0.39305555555555555 0.0109375 0.041666666666666664
1 0.23802083333333332 0.5162037037037037 0.0125 0.062037037037037036
1 0.73125 0.34074074074074073 0.008333333333333333 0.03518518518518519
1 0.09973958333333334 0.7078703703703704 0.0171875 0.08055555555555556
1 0.83125 0.4388888888888889 0.011458333333333333 0.04259259259259259
1 0.4388020833333333 0.3263888888888889 0.0078125 0.03425925925925926
1 0.4591145833333333 0.3972222222222222 0.008854166666666666 0.040740740740740744
1 0.4544270833333333 0.42592592592592593 0.011979166666666667 0.046296296296296294
1 0.5046875 0.31157407407407406 0.007291666666666667 0.030555555555555555
1 0.55859375 0.37546296296296294 0.008854166666666666 0.03981481481481482
1 0.303125 0.45092592592592595 0.008333333333333333 0.05
1 0.33177083333333335 0.5740740740740741 0.013541666666666667 0.06481481481481481
1 0.36484375 0.6523148148148148 0.0140625 0.07685185185185185
1 0.34713541666666664 0.3907407407407407 0.0078125 0.044444444444444446
1 0.6763020833333333 0.4949074074074074 0.011979166666666667 0.05648148148148148
1 0.8263020833333333 0.45601851851851855 0.0046875 0.008333333333333333
1 0.45338541666666665 0.29444444444444445 0.0078125 0.02962962962962963
