2 0.5934895833333333 0.5430555555555555 0.0140625 0.06388888888888888
2 0.14973958333333334 0.6370370370370371 0.021354166666666667 0.07777777777777778
2 0.03203125 0.34444444444444444 0.011979166666666667 0.04814814814814815
2 0.8783854166666667 0.6407407407407407 0.018229166666666668 0.08333333333333333
2 0.1859375 0.45416666666666666 0.0125 0.058333333333333334
2 0.30390625 0.5009259259259259 0.011979166666666667 0.06481481481481481
2 0.39869791666666665 0.9388888888888889 0.0234375 0.1037037037037037
2 0.39869791666666665 0.3611111111111111 0.008854166666666666 0.044444444444444446
2 0.11979166666666667 0.5324074074074074 0.01875 0.06851851851851852
2 0.6166666666666667 0.28564814814814815 0.008333333333333333 0.03425925925925926
2 0.13125 0.6074074074074074 0.01875 0.05925925925925926
2 0.7885416666666667 0.3819444444444444 0.010416666666666666 0.049074074074074076
2 0.3296875 0.29305555555555557 0.007291666666666667 0.03981481481481482
2 0.3611979166666667 0.3699074074074074 0.009895833333333333 0.04537037037037037
2 0.3533854166666667 0.41203703703703703 0.009895833333333333 0.05555555555555555
2 0.3885416666666667 0.2652777777777778 0.00625 0.032407407407407406
2 0.446875 0.3421296296296296 0.009375 0.041666666666666664
2 0.22239583333333332 0.4356481481481482 0.0125 0.05277777777777778
2 0.253125 0.5430555555555555 0.014583333333333334 0.06388888888888888
2 0.3065104166666667 0.6759259259259259 0.015104166666666667 0.07962962962962963
2 0.24296875 0.36898148148148147 0.0109375 0.05092592592592592
2 0.5067708333333333 0.4847222222222222 0.013541666666666667 0.06018518518518518
1 0.7947916666666667 0.47824074074074074 0.005208333333333333 0.008333333333333333
2 0.3875 0.22777777777777777 0.007291666666666667 0.025925925925925925
