2 0.65546875 0.5337962962962963 0.0140625 0.05462962962962963
2 0.13932291666666666 0.6185185185185185 0.016145833333333335 0.08148148148148149
2 0.018489583333333334 0.3662037037037037 0.011979166666666667 0.04722222222222222
2 0.8651041666666667 0.6222222222222222 0.014583333333333334 0.07407407407407407
2 0.215625 0.4513888888888889 0.0125 0.05462962962962963
2 0.32526041666666666 0.4824074074074074 0.011979166666666667 0.05740740740740741
2 0.39375 0.9560185185185185 0.023958333333333335 0.08425925925925926
2 0.41510416666666666 0.36574074074074076 0.009375 0.04259259259259259
2 0.15286458333333333 0.5185185185185185 0.015104166666666667 0.06111111111111111
2 0.6541666666666667 0.2986111111111111 0.008333333333333333 0.032407407407407406
2 0.08489583333333334 0.6560185185185186 0.021875 0.0712962962962963
2 0.8122395833333333 0.40694444444444444 0.016145833333333335 0.04537037037037037
2 0.35520833333333335 0.3 0.007291666666666667 0.03888888888888889
2 0.38046875 0.3699074074074074 0.008854166666666666 0.03796296296296296
2 0.3815104166666667 0.40694444444444444 0.011979166666666667 0.05277777777777778
2 0.41744791666666664 0.27546296296296297 0.005729166666666666 0.028703703703703703
2 0.47734375 0.3458333333333333 0.0078125 0.041666666666666664
2 0.24088541666666666 0.4351851851851852 0.011979166666666667 0.053703703703703705
2 0.2674479166666667 0.5574074074074075 0.015104166666666667 0.06851851851851852
2 0.31588541666666664 0.663425925925926 0.015104166666666667 0.0824074074074074
2 0.26927083333333335 0.37175925925925923 0.011458333333333333 0.04722222222222222
2 0.5708333333333333 0.4810185185185185 0.013541666666666667 0.058333333333333334
1 0.7963541666666667 0.4199074074074074 0.004166666666666667 0.008333333333333333
2 0.39375 0.2513888888888889 0.008333333333333333 0.028703703703703703
