2 0.6848958333333334 0.5439814814814815 0.016666666666666666 0.049074074074074076
2 0.16692708333333334 0.6208333333333333 0.015104166666666667 0.075
2 0.053125 0.39351851851851855 0.0125 0.046296296296296294
2 0.875 0.6458333333333334 0.014583333333333334 0.0712962962962963
2 0.259375 0.4648148148148148 0.011458333333333333 0.05185185185185185
2 0.36484375 0.4925925925925926 0.011979166666666667 0.05925925925925926
2 0.4109375 0.9689814814814814 0.021875 0.062037037037037036
2 0.4510416666666667 0.3912037037037037 0.008333333333333333 0.041666666666666664
2 0.2 0.524537037037037 0.013541666666666667 0.06388888888888888
2 0.69609375 0.33101851851851855 0.0078125 0.03425925925925926
2 0.09661458333333334 0.6925925925925925 0.018229166666666668 0.07222222222222222
2 0.8197916666666667 0.4305555555555556 0.007291666666666667 0.04814814814814815
2 0.39869791666666665 0.324537037037037 0.0067708333333333336 0.03611111111111111
2 0.4205729166666667 0.39444444444444443 0.008854166666666666 0.03518518518518519
2 0.41953125 0.42824074074074076 0.0109375 0.04722222222222222
2 0.46041666666666664 0.30694444444444446 0.007291666666666667 0.026851851851851852
2 0.5166666666666667 0.37222222222222223 0.008333333333333333 0.040740740740740744
2 0.27291666666666664 0.45416666666666666 0.010416666666666666 0.05092592592592592
2 0.30182291666666666 0.575 0.011979166666666667 0.06481481481481481
2 0.34375 0.6666666666666666 0.014583333333333334 0.07777777777777778
2 0.31171875 0.3925925925925926 0.008854166666666666 0.044444444444444446
2 0.6270833333333333 0.5013888888888889 0.0125 0.058333333333333334
1 0.8098958333333334 0.4476851851851852 0.004166666666666667 0.008333333333333333
2 0.42421875 0.28564814814814815 0.0067708333333333336 0.028703703703703703
