1 0.6377604166666667 0.5282407407407408 0.011979166666666667 0.062037037037037036
1 0.13229166666666667 0.6185185185185185 0.01875 0.07777777777777778
1 0.009375 0.3560185185185185 0.0125 0.049074074074074076
1 0.86796875 0.6203703703703703 0.0171875 0.07962962962962963
1 0.20052083333333334 0.44722222222222224 0.011458333333333333 0.05740740740740741
1 0.31328125 0.48333333333333334 0.013020833333333334 0.06111111111111111
1 0.39166666666666666 0.9513888888888888 0.022916666666666665 0.08981481481481482
1 0.40390625 0.3592592592592593 0.008854166666666666 0.044444444444444446
1 0.13671875 0.5203703703703704 0.015104166666666667 0.06481481481481481
1 0.6408854166666667 0.28703703703703703 0.0078125 0.03333333333333333
1 0.08098958333333334 0.6393518518518518 0.018229166666666668 0.0712962962962963
1 0.7997395833333333 0.39166666666666666 0.0140625 0.04814814814814815
1 0.34140625 0.2916666666666667 0.008854166666666666 0.03888888888888889
1 0.3692708333333333 0.362962962962963 0.010416666666666666 0.040740740740740744
1 0.3684895833333333 0.4013888888888889 0.011979166666666667 0.049074074074074076
1 0.403125 0.2657407407407407 0.007291666666666667 0.027777777777777776
1 0.46458333333333335 0.3375 0.009375 0.04351851851851852
1 0.23125 0.4305555555555556 0.0125 0.05740740740740741
1 0.2546875 0.5486111111111112 0.013541666666666667 0.06574074074074074
1 0.3078125 0.6638888888888889 0.015625 0.08518518518518518
1 0.25442708333333336 0.3648148148148148 0.008854166666666666 0.05
1 0.5494791666666666 0.47453703703703703 0.0125 0.06018518518518518
0 0.7981770833333334 0.4115740740740741 0.0046875 0.008333333333333333
1 0.38567708333333334 0.2375 0.009895833333333333 0.028703703703703703
