2 0.6268229166666667 0.5273148148148148 0.013020833333333334 0.058333333333333334
2 0.13203125 0.6222222222222222 0.019270833333333334 0.07962962962962963
2 0.008072916666666667 0.350462962962963 0.015104166666666667 0.04722222222222222
2 0.8721354166666667 0.6203703703703703 0.0203125 0.07592592592592592
2 0.19244791666666666 0.4439814814814815 0.011979166666666667 0.05462962962962963
2 0.3067708333333333 0.4837962962962963 0.011458333333333333 0.06574074074074074
2 0.3932291666666667 0.9495370370370371 0.020833333333333332 0.09722222222222222
2 0.3997395833333333 0.3541666666666667 0.008854166666666666 0.04537037037037037
2 0.12942708333333333 0.5189814814814815 0.016145833333333335 0.06759259259259259
2 0.6341145833333334 0.28194444444444444 0.0078125 0.03425925925925926
2 0.08619791666666667 0.6314814814814815 0.0140625 0.07222222222222222
2 0.796875 0.38935185185185184 0.010416666666666666 0.05648148148148148
2 0.33541666666666664 0.2875 0.008333333333333333 0.03796296296296296
2 0.3640625 0.3625 0.009375 0.041666666666666664
2 0.36171875 0.40046296296296297 0.0109375 0.05277777777777778
2 0.396875 0.2625 0.00625 0.028703703703703703
2 0.4588541666666667 0.33564814814814814 0.009375 0.041666666666666664
2 0.22734375 0.4287037037037037 0.013020833333333334 0.053703703703703705
2 0.25052083333333336 0.5467592592592593 0.013541666666666667 0.06759259259259259
2 0.30442708333333335 0.6666666666666666 0.015104166666666667 0.08148148148148149
2 0.24739583333333334 0.3611111111111111 0.010416666666666666 0.04814814814814815
2 0.53828125 0.47129629629629627 0.013020833333333334 0.05740740740740741
1 0.79484375 0.4156481481481481 0.0046875 0.007592592592592582
2 0.38385416666666666 0.23055555555555557 0.008333333333333333 0.027777777777777776
