2 0.6338541666666667 0.5282407407407408 0.0125 0.058333333333333334
2 0.13229166666666667 0.6199074074074075 0.019791666666666666 0.08055555555555556
2 0.00859375 0.3541666666666667 0.013020833333333334 0.04722222222222222
2 0.8700520833333333 0.6199074074074075 0.0171875 0.075
2 0.19713541666666667 0.44722222222222224 0.011979166666666667 0.05555555555555555
2 0.3104166666666667 0.4824074074074074 0.0125 0.06111111111111111
2 0.39348958333333334 0.9513888888888888 0.0203125 0.09351851851851851
2 0.40208333333333335 0.3560185185185185 0.009375 0.04351851851851852
2 0.13385416666666666 0.5194444444444445 0.015625 0.06296296296296296
2 0.6380208333333334 0.2851851851851852 0.007291666666666667 0.03518518518518519
2 0.08255208333333333 0.6365740740740741 0.0140625 0.0712962962962963
2 0.79921875 0.38981481481481484 0.009895833333333333 0.05185185185185185
2 0.3390625 0.29074074074074074 0.008333333333333333 0.037037037037037035
2 0.3671875 0.36342592592592593 0.010416666666666666 0.03981481481481482
2 0.365625 0.40046296296296297 0.011458333333333333 0.05277777777777778
2 0.40078125 0.26342592592592595 0.0067708333333333336 0.028703703703703703
2 0.4625 0.337037037037037 0.009375 0.044444444444444446
2 0.22942708333333334 0.42916666666666664 0.011979166666666667 0.05462962962962963
2 0.25338541666666664 0.549537037037037 0.013020833333333334 0.06944444444444445
2 0.3067708333333333 0.6648148148148149 0.015625 0.08333333333333333
2 0.2520833333333333 0.36435185185185187 0.009375 0.049074074074074076
2 0.5453125 0.47314814814814815 0.0125 0.05740740740740741
1 0.79734375 0.4125925925925926 0.0046875 0.008148148148148158
2 0.38515625 0.23472222222222222 0.009895833333333333 0.028703703703703703
