2 0.6604166666666667 0.42685185185185187 0.013541666666666667 0.05740740740740741
2 0.21640625 0.5143518518518518 0.013020833333333334 0.06574074074074074
2 0.10104166666666667 0.32037037037037036 0.011458333333333333 0.046296296296296294
2 0.8638020833333333 0.5648148148148148 0.016145833333333335 0.06666666666666667
2 0.33151041666666664 0.3736111111111111 0.013020833333333334 0.05462962962962963
2 0.43697916666666664 0.39675925925925926 0.0125 0.05277777777777778
2 0.4557291666666667 0.9402777777777778 0.029166666666666667 0.11018518518518519
2 0.5197916666666667 0.31527777777777777 0.008333333333333333 0.04351851851851852
2 0.2747395833333333 0.4356481481481482 0.0109375 0.058333333333333334
2 0.7614583333333333 0.2671296296296296 0.008333333333333333 0.03425925925925926
2 0.09296875 0.6425925925925926 0.025520833333333333 0.07407407407407407
2 0.8270833333333333 0.37037037037037035 0.0125 0.04814814814814815
2 0.4901041666666667 0.24722222222222223 0.008333333333333333 0.03333333333333333
2 0.50703125 0.32037037037037036 0.008854166666666666 0.040740740740740744
2 0.4859375 0.3458333333333333 0.010416666666666666 0.049074074074074076
2 0.5447916666666667 0.23657407407407408 0.008333333333333333 0.030555555555555555
2 0.5955729166666667 0.30462962962962964 0.011979166666666667 0.04259259259259259
2 0.33489583333333334 0.36574074074074076 0.009375 0.04814814814814815
2 0.3575520833333333 0.49212962962962964 0.0140625 0.06574074074074074
2 0.37916666666666665 0.5527777777777778 0.016666666666666666 0.07407407407407407
2 0.3828125 0.31527777777777777 0.009375 0.04722222222222222
2 0.71484375 0.4074074074074074 0.0109375 0.05740740740740741
1 0.8184895833333333 0.3921296296296296 0.0046875 0.008333333333333333
2 0.4822916666666667 0.2212962962962963 0.007291666666666667 0.02962962962962963
