1 0.6638020833333333 0.43333333333333335 0.0109375 0.053703703703703705
1 0.21510416666666668 0.5185185185185185 0.013541666666666667 0.06296296296296296
1 0.10026041666666667 0.32407407407407407 0.0109375 0.046296296296296294
1 0.8671875 0.5685185185185185 0.020833333333333332 0.06666666666666667
1 0.33098958333333334 0.37592592592592594 0.013020833333333334 0.05740740740740741
1 0.4354166666666667 0.4009259259259259 0.013541666666666667 0.05185185185185185
1 0.4544270833333333 0.9416666666666667 0.027604166666666666 0.10740740740740741
1 0.5184895833333333 0.3194444444444444 0.008854166666666666 0.04259259259259259
1 0.2734375 0.43842592592592594 0.011458333333333333 0.058333333333333334
1 0.7611979166666667 0.26944444444444443 0.0078125 0.037037037037037035
1 0.09270833333333334 0.6439814814814815 0.023958333333333335 0.075
1 0.8286458333333333 0.37222222222222223 0.013541666666666667 0.046296296296296294
1 0.48932291666666666 0.25092592592592594 0.008854166666666666 0.03333333333333333
1 0.503125 0.324537037037037 0.008333333333333333 0.041666666666666664
1 0.4856770833333333 0.3490740740740741 0.011979166666666667 0.04814814814814815
1 0.5447916666666667 0.24212962962962964 0.009375 0.025
1 0.5947916666666667 0.3087962962962963 0.011458333333333333 0.041666666666666664
1 0.33359375 0.36898148148148147 0.009895833333333333 0.04722222222222222
1 0.3567708333333333 0.4962962962962963 0.013541666666666667 0.06666666666666667
1 0.37890625 0.5574074074074075 0.015104166666666667 0.07407407407407407
1 0.38125 0.31712962962962965 0.009375 0.04722222222222222
1 0.71484375 0.4115740740740741 0.011979166666666667 0.05648148148148148
0 0.8177083333333334 0.3958333333333333 0.005208333333333333 0.008333333333333333
1 0.48072916666666665 0.225 0.007291666666666667 0.02962962962962963
