1 0.6653645833333334 0.48009259259259257 0.015104166666666667 0.05092592592592592
1 0.20052083333333334 0.5615740740740741 0.015625 0.0712962962962963
1 0.090625 0.36342592592592593 0.011458333333333333 0.04537037037037037
1 0.87265625 0.6064814814814815 0.0203125 0.07037037037037037
1 0.31953125 0.41388888888888886 0.011979166666666667 0.05925925925925926
1 0.41848958333333336 0.4398148148148148 0.0109375 0.05555555555555555
1 0.4425703125 0.9599212962962962 0.03814062500000001 0.07521296296296287
1 0.50234375 0.35648148148148145 0.008854166666666666 0.04259259259259259
1 0.2596354166666667 0.475 0.016145833333333335 0.05740740740740741
1 0.7463541666666667 0.30833333333333335 0.010416666666666666 0.03518518518518519
1 0.08932291666666667 0.6768518518518518 0.018229166666666668 0.07222222222222222
1 0.8286458333333333 0.4060185185185185 0.017708333333333333 0.04722222222222222
1 0.46901041666666665 0.287962962962963 0.0067708333333333336 0.03333333333333333
1 0.4825520833333333 0.36203703703703705 0.0109375 0.03888888888888889
1 0.47265625 0.3861111111111111 0.0109375 0.046296296296296294
1 0.5309895833333333 0.28055555555555556 0.0067708333333333336 0.025925925925925925
1 0.5830729166666667 0.3425925925925926 0.008854166666666666 0.040740740740740744
1 0.31947395833333336 0.4034861111111111 0.011385416666666674 0.04576851851851853
1 0.34453125 0.5361111111111111 0.011979166666666667 0.06481481481481481
1 0.37135416666666665 0.6032407407407407 0.014583333333333334 0.075
1 0.36822916666666666 0.3537037037037037 0.009375 0.04259259259259259
1 0.7018229166666666 0.4532407407407407 0.0140625 0.05092592592592592
0 0.815625 0.42916666666666664 0.004166666666666667 0.008333333333333333
1 0.4671875 0.26481481481481484 0.008333333333333333 0.03518518518518519
