2 0.68671875 0.2865740740740741 0.011979166666666667 0.05092592592592592
2 0.25442708333333336 0.39490740740740743 0.019270833333333334 0.0712962962962963
2 0.1359375 0.19074074074074074 0.011458333333333333 0.05
2 0.8786458333333333 0.45740740740740743 0.017708333333333333 0.07407407407407407
2 0.36744791666666665 0.24722222222222223 0.009895833333333333 0.05555555555555555
2 0.4940104166666667 0.2810185185185185 0.011979166666666667 0.05462962962962963
2 0.48020833333333335 0.8425925925925926 0.023958333333333335 0.11296296296296296
2 0.5635416666666667 0.19074074074074074 0.0125 0.03888888888888889
2 0.3138020833333333 0.31805555555555554 0.011979166666666667 0.06018518518518518
2 0.11067708333333333 0.5370370370370371 0.0234375 0.07592592592592592
2 0.871875 0.2712962962962963 0.019791666666666666 0.05
2 0.5346354166666667 0.1162037037037037 0.009895833333333333 0.03611111111111111
2 0.5794270833333334 0.20925925925925926 0.009895833333333333 0.044444444444444446
2 0.5265625 0.22314814814814815 0.009375 0.05
2 0.5816979166666666 0.10952777777777777 0.009375 0.035185185185185174
2 0.6369791666666667 0.1884259259259259 0.0125 0.041666666666666664
2 0.38203125 0.23842592592592593 0.011979166666666667 0.05648148148148148
2 0.39895833333333336 0.36157407407407405 0.013541666666666667 0.06018518518518518
2 0.41015625 0.4162037037037037 0.015104166666666667 0.06944444444444445
2 0.43046875 0.1912037037037037 0.0109375 0.049074074074074076
2 0.7588541666666667 0.2851851851851852 0.016666666666666666 0.053703703703703705
2 0.5377604166666666 0.09259259259259259 0.0078125 0.03148148148148148
