2 0.7005208333333334 0.24351851851851852 0.016666666666666666 0.05
2 0.2674479166666667 0.36666666666666664 0.0234375 0.07222222222222222
2 0.1609375 0.14675925925925926 0.010416666666666666 0.05277777777777778
2 0.8809895833333333 0.4305555555555556 0.027604166666666666 0.07777777777777778
2 0.3854166666666667 0.20972222222222223 0.013541666666666667 0.05648148148148148
2 0.51484375 0.2550925925925926 0.013020833333333334 0.05648148148148148
2 0.48020833333333335 0.8027777777777778 0.03854166666666667 0.10740740740740741
2 0.590625 0.15324074074074073 0.010416666666666666 0.04537037037037037
2 0.33151041666666664 0.2847222222222222 0.0171875 0.062037037037037036
2 0.853125 0.10324074074074074 0.013541666666666667 0.03981481481481482
2 0.11119791666666666 0.5157407407407407 0.021354166666666667 0.07222222222222222
2 0.9130208333333333 0.24953703703703703 0.0125 0.058333333333333334
2 0.5591145833333333 0.07268518518518519 0.008854166666666666 0.03796296296296296
2 0.6184895833333334 0.17962962962962964 0.011979166666666667 0.044444444444444446
2 0.5536458333333333 0.18425925925925926 0.0125 0.05185185185185185
2 0.6015625 0.06712962962962964 0.009375 0.028703703703703703
2 0.6625 0.15185185185185185 0.013541666666666667 0.044444444444444446
2 0.40677083333333336 0.19722222222222222 0.0125 0.05555555555555555
2 0.41458333333333336 0.32407407407407407 0.010416666666666666 0.06481481481481481
2 0.4270833333333333 0.3800925925925926 0.013541666666666667 0.0712962962962963
2 0.45703125 0.1537037037037037 0.0109375 0.04814814814814815
2 0.8013020833333333 0.2569444444444444 0.0109375 0.04537037037037037
1 0.85859375 0.35648148148148145 0.005729166666666666 0.011111111111111112
2 0.5729166666666666 0.04953703703703704 0.007291666666666667 0.03425925925925926
