2 0.7005208333333334 0.24768518518518517 0.01875 0.04722222222222222
2 0.26484375 0.3662037037037037 0.0203125 0.07314814814814814
2 0.16953125 0.14722222222222223 0.009895833333333333 0.053703703703703705
2 0.8721354166666667 0.43287037037037035 0.0234375 0.08055555555555556
2 0.38984375 0.21157407407407408 0.0171875 0.05648148148148148
2 0.5182291666666666 0.2611111111111111 0.011458333333333333 0.06111111111111111
2 0.47734375 0.7981481481481482 0.027604166666666666 0.10925925925925926
2 0.59453125 0.15555555555555556 0.0109375 0.046296296296296294
2 0.3338541666666667 0.28425925925925927 0.016666666666666666 0.06481481481481481
2 0.8588541666666667 0.10601851851851851 0.010416666666666666 0.041666666666666664
2 0.10989583333333333 0.5259259259259259 0.017708333333333333 0.07037037037037037
2 0.9166666666666666 0.25555555555555554 0.014583333333333334 0.06111111111111111
2 0.5630208333333333 0.07592592592592592 0.010416666666666666 0.037037037037037035
2 0.621875 0.18611111111111112 0.011458333333333333 0.04814814814814815
2 0.5580729166666667 0.18888888888888888 0.013020833333333334 0.053703703703703705
2 0.60390625 0.06712962962962964 0.008854166666666666 0.03425925925925926
2 0.6658854166666667 0.1550925925925926 0.009895833333333333 0.04537037037037037
2 0.4119791666666667 0.2 0.011458333333333333 0.05555555555555555
2 0.41484375 0.325 0.0171875 0.06481481481481481
2 0.43125 0.3824074074074074 0.017708333333333333 0.07037037037037037
2 0.46171875 0.15555555555555556 0.0140625 0.05185185185185185
2 0.8098958333333334 0.2662037037037037 0.013541666666666667 0.05277777777777778
1 0.8520833333333333 0.3861111111111111 0.00625 0.011111111111111112
2 0.5778645833333333 0.05138888888888889 0.0078125 0.032407407407407406
