2 0.6622395833333333 0.41203703703703703 0.0140625 0.053703703703703705
2 0.21979166666666666 0.5013888888888889 0.013541666666666667 0.06759259259259259
2 0.10364583333333334 0.30833333333333335 0.010416666666666666 0.046296296296296294
2 0.8645833333333334 0.5541666666666667 0.01875 0.06944444444444445
2 0.334375 0.36157407407407405 0.0125 0.05462962962962963
2 0.4421875 0.3851851851851852 0.010416666666666666 0.053703703703703705
2 0.45807291666666666 0.9310185185185185 0.0296875 0.11203703703703703
2 0.5223958333333333 0.30277777777777776 0.007291666666666667 0.044444444444444446
2 0.27786458333333336 0.425 0.0109375 0.05740740740740741
2 0.7653645833333333 0.2564814814814815 0.009895833333333333 0.03518518518518519
2 0.09296875 0.6314814814814815 0.022395833333333334 0.07407407407407407
2 0.8296875 0.36064814814814816 0.0125 0.049074074074074076
2 0.49322916666666666 0.23425925925925925 0.007291666666666667 0.03518518518518519
2 0.5140625 0.3106481481481482 0.011458333333333333 0.03981481481481482
2 0.48828125 0.33425925925925926 0.0078125 0.04814814814814815
2 0.5463541666666667 0.2212962962962963 0.010416666666666666 0.037037037037037035
2 0.5984375 0.2935185185185185 0.009375 0.044444444444444446
2 0.33880208333333334 0.3541666666666667 0.008854166666666666 0.049074074074074076
2 0.3606770833333333 0.47824074074074074 0.013020833333333334 0.06388888888888888
2 0.38125 0.5398148148148149 0.016666666666666666 0.07037037037037037
2 0.38645833333333335 0.30416666666666664 0.009375 0.04722222222222222
2 0.7169270833333333 0.39814814814814814 0.015104166666666667 0.05555555555555555
1 0.8205729166666667 0.38055555555555554 0.0046875 0.007407407407407408
2 0.48671875 0.20972222222222223 0.0067708333333333336 0.028703703703703703
