2 0.6911458333333333 0.26805555555555555 0.011458333333333333 0.04537037037037037
2 0.259375 0.38287037037037036 0.021875 0.06944444444444445
2 0.14140625 0.17546296296296296 0.011979166666666667 0.05092592592592592
2 0.8778645833333333 0.44675925925925924 0.027604166666666666 0.075
2 0.3729166666666667 0.2324074074074074 0.013541666666666667 0.05555555555555555
2 0.49973958333333335 0.26851851851851855 0.011979166666666667 0.05555555555555555
2 0.4817708333333333 0.8314814814814815 0.028125 0.11296296296296296
2 0.571875 0.17592592592592593 0.013541666666666667 0.04259259259259259
2 0.3182291666666667 0.30462962962962964 0.011458333333333333 0.05925925925925926
2 0.8278645833333333 0.13287037037037036 0.0078125 0.03611111111111111
2 0.11223958333333334 0.524537037037037 0.022395833333333334 0.07685185185185185
2 0.88359375 0.26157407407407407 0.015104166666666667 0.05277777777777778
2 0.5411458333333333 0.10092592592592593 0.008333333333333333 0.037037037037037035
2 0.58984375 0.19444444444444445 0.008854166666666666 0.04814814814814815
2 0.5338541666666666 0.20879629629629629 0.009375 0.05277777777777778
2 0.5862916666666667 0.09827777777777778 0.01015625 0.03333333333333333
2 0.6447916666666667 0.17592592592592593 0.013541666666666667 0.04259259259259259
2 0.38723958333333336 0.22314814814814815 0.0109375 0.05555555555555555
2 0.4044270833333333 0.3476851851851852 0.011979166666666667 0.062037037037037036
2 0.4153645833333333 0.4013888888888889 0.0140625 0.06574074074074074
2 0.43697916666666664 0.1763888888888889 0.0125 0.05092592592592592
2 0.76875 0.27175925925925926 0.014583333333333334 0.05648148148148148
1 0.86875 0.29212962962962963 0.005208333333333333 0.010185185185185186
2 0.54609375 0.07777777777777778 0.0078125 0.03333333333333333
