2 0.6908854166666667 0.2671296296296296 0.011979166666666667 0.04537037037037037
2 0.2598958333333333 0.3824074074074074 0.021875 0.07037037037037037
2 0.14192708333333334 0.17546296296296296 0.011979166666666667 0.05092592592592592
2 0.8768229166666667 0.44537037037037036 0.028645833333333332 0.07407407407407407
2 0.3736979166666667 0.23194444444444445 0.0140625 0.05462962962962963
2 0.5 0.2675925925925926 0.011458333333333333 0.05555555555555555
2 0.48203125 0.8300925925925926 0.028645833333333332 0.11388888888888889
2 0.571875 0.175 0.013541666666666667 0.04259259259259259
2 0.31875 0.3037037037037037 0.011458333333333333 0.05925925925925926
2 0.8278645833333333 0.13240740740740742 0.0078125 0.03518518518518519
2 0.11276041666666667 0.524074074074074 0.022395833333333334 0.07592592592592592
2 0.88359375 0.262037037037037 0.015104166666666667 0.053703703703703705
2 0.54140625 0.10046296296296296 0.008854166666666666 0.03611111111111111
2 0.5908854166666667 0.1935185185185185 0.008854166666666666 0.04814814814814815
2 0.5341145833333333 0.20833333333333334 0.009895833333333333 0.053703703703703705
2 0.5878229166666666 0.09453240740740741 0.010416666666666666 0.032712962962962965
2 0.6447916666666667 0.17546296296296296 0.013541666666666667 0.04351851851851852
2 0.38776041666666666 0.22314814814814815 0.0109375 0.05555555555555555
2 0.4049479166666667 0.3472222222222222 0.011979166666666667 0.06296296296296296
2 0.415625 0.40046296296296297 0.014583333333333334 0.06574074074074074
2 0.4375 0.1763888888888889 0.0125 0.05092592592592592
2 0.76875 0.2708333333333333 0.014583333333333334 0.05648148148148148
1 0.86875 0.29259259259259257 0.005208333333333333 0.009259259259259259
2 0.5466145833333333 0.07731481481481481 0.0078125 0.032407407407407406
