2 0.7049479166666667 0.25462962962962965 0.013020833333333334 0.046296296296296294
2 0.26614583333333336 0.37592592592592594 0.016666666666666666 0.07222222222222222
2 0.17760416666666667 0.15231481481481482 0.009375 0.05277777777777778
2 0.8653645833333333 0.43472222222222223 0.019270833333333334 0.075
2 0.39088541666666665 0.21666666666666667 0.011979166666666667 0.05555555555555555
2 0.5221354166666666 0.2726851851851852 0.011979166666666667 0.058333333333333334
2 0.47369791666666666 0.8004629629629629 0.0265625 0.11388888888888889
2 0.5994791666666667 0.1625 0.011458333333333333 0.04537037037037037
2 0.33671875 0.29444444444444445 0.016145833333333335 0.06851851851851852
2 0.8627604166666667 0.1111111111111111 0.008854166666666666 0.040740740740740744
2 0.11223958333333334 0.5421296296296296 0.0203125 0.08055555555555556
2 0.9213541666666667 0.26435185185185184 0.014583333333333334 0.058333333333333334
2 0.5666666666666667 0.08148148148148149 0.009375 0.03888888888888889
2 0.62578125 0.1935185185185185 0.011979166666666667 0.04814814814814815
2 0.5627604166666667 0.19490740740740742 0.013020833333333334 0.05277777777777778
2 0.6067708333333334 0.07268518518518519 0.009375 0.032407407407407406
2 0.6690104166666667 0.16296296296296298 0.009895833333333333 0.04814814814814815
2 0.41744791666666664 0.20601851851851852 0.0109375 0.05462962962962963
2 0.4192708333333333 0.3300925925925926 0.015625 0.06388888888888888
2 0.43411458333333336 0.38657407407407407 0.0171875 0.06944444444444445
2 0.4640625 0.1625 0.011458333333333333 0.049074074074074076
2 0.8140625 0.2759259259259259 0.015625 0.05
1 0.846875 0.4115740740740741 0.00625 0.012037037037037037
2 0.58359375 0.056018518518518516 0.008854166666666666 0.032407407407407406
