1 0.6908854166666667 0.2712962962962963 0.0109375 0.046296296296296294
1 0.25885416666666666 0.3851851851851852 0.020833333333333332 0.07037037037037037
1 0.14088541666666668 0.17916666666666667 0.011979166666666667 0.05092592592592592
1 0.87734375 0.44814814814814813 0.025520833333333333 0.07407407407407407
1 0.37213541666666666 0.2351851851851852 0.013020833333333334 0.05555555555555555
1 0.4986979166666667 0.2708333333333333 0.0109375 0.05462962962962963
1 0.48203125 0.8328703703703704 0.027604166666666666 0.11388888888888889
1 0.5703125 0.1787037037037037 0.013541666666666667 0.040740740740740744
1 0.3177083333333333 0.3074074074074074 0.011458333333333333 0.05925925925925926
1 0.8255208333333334 0.13472222222222222 0.008333333333333333 0.03611111111111111
1 0.1125 0.5273148148148148 0.022916666666666665 0.07685185185185185
1 0.88125 0.2611111111111111 0.015625 0.04814814814814815
1 0.53984375 0.1037037037037037 0.008854166666666666 0.037037037037037035
1 0.58828125 0.19722222222222222 0.008854166666666666 0.046296296296296294
1 0.5325520833333334 0.2111111111111111 0.009895833333333333 0.05185185185185185
1 0.5847604166666667 0.10202777777777777 0.009895833333333333 0.03394444444444446
1 0.64296875 0.17824074074074073 0.013020833333333334 0.04351851851851852
1 0.38619791666666664 0.2263888888888889 0.0109375 0.05462962962962963
1 0.40390625 0.350462962962963 0.013020833333333334 0.062037037037037036
1 0.41458333333333336 0.40370370370370373 0.013541666666666667 0.06666666666666667
1 0.4356770833333333 0.17962962962962964 0.011979166666666667 0.05
1 0.7666666666666667 0.274537037037037 0.014583333333333334 0.05648148148148148
1 0.86796875 0.2912037037037037 0.005729166666666666 0.010185185185185186
1 0.54453125 0.08055555555555556 0.0078125 0.03333333333333333
