1 0.7002604166666667 0.24259259259259258 0.011979166666666667 0.05185185185185185
1 0.26510416666666664 0.36574074074074076 0.019791666666666666 0.07222222222222222
1 0.15677083333333333 0.14675925925925926 0.010416666666666666 0.05092592592592592
1 0.87890625 0.4305555555555556 0.025520833333333333 0.07777777777777778
1 0.38307291666666665 0.20787037037037037 0.011979166666666667 0.058333333333333334
1 0.5122395833333333 0.25324074074074077 0.013020833333333334 0.058333333333333334
1 0.4791666666666667 0.8027777777777778 0.03333333333333333 0.10925925925925926
1 0.5875 0.15324074074074073 0.010416666666666666 0.04351851851851852
1 0.32838541666666665 0.2833333333333333 0.016145833333333335 0.06296296296296296
1 0.8502604166666666 0.10555555555555556 0.0109375 0.037037037037037035
1 0.11067708333333333 0.5143518518518518 0.0203125 0.075
1 0.9096354166666667 0.24814814814814815 0.013020833333333334 0.06111111111111111
1 0.5565104166666667 0.07268518518518519 0.008854166666666666 0.03796296296296296
1 0.6143229166666667 0.17962962962962964 0.011979166666666667 0.046296296296296294
1 0.5513020833333333 0.18472222222222223 0.0140625 0.05092592592592592
1 0.5989583333333334 0.06898148148148148 0.007291666666666667 0.028703703703703703
1 0.6588541666666666 0.15185185185185185 0.014583333333333334 0.044444444444444446
1 0.4041666666666667 0.19768518518518519 0.014583333333333334 0.05462962962962963
1 0.4140625 0.324537037037037 0.014583333333333334 0.06388888888888888
1 0.42604166666666665 0.37916666666666665 0.011458333333333333 0.06944444444444445
1 0.4544270833333333 0.15416666666666667 0.009895833333333333 0.04722222222222222
1 0.7955729166666666 0.2550925925925926 0.0109375 0.049074074074074076
1 0.8627604166666667 0.3388888888888889 0.005729166666666666 0.009259259259259259
1 0.5690104166666666 0.050462962962962966 0.0078125 0.032407407407407406
