2 0.7122395833333334 0.27546296296296297 0.015104166666666667 0.05092592592592592
2 0.27291666666666664 0.3921296296296296 0.022916666666666665 0.0712962962962963
2 0.19635416666666666 0.1638888888888889 0.009375 0.05185185185185185
2 0.8544270833333333 0.45231481481481484 0.0234375 0.06388888888888888
2 0.4 0.23287037037037037 0.015625 0.05462962962962963
2 0.5307291666666667 0.2962962962962963 0.013541666666666667 0.05740740740740741
2 0.47265625 0.8041666666666667 0.025520833333333333 0.11388888888888889
2 0.61171875 0.17962962962962964 0.009895833333333333 0.04814814814814815
2 0.346875 0.3101851851851852 0.015625 0.06481481481481481
2 0.8752604166666667 0.12777777777777777 0.0109375 0.037037037037037035
2 0.11640625 0.5652777777777778 0.015104166666666667 0.0824074074074074
2 0.9325520833333333 0.287962962962963 0.0140625 0.05925925925925926
2 0.5747395833333333 0.09814814814814815 0.008854166666666666 0.03888888888888889
2 0.6309895833333333 0.2125 0.011979166666666667 0.049074074074074076
2 0.5723958333333333 0.20972222222222223 0.0125 0.05277777777777778
2 0.6151041666666667 0.08611111111111111 0.010416666666666666 0.03518518518518519
2 0.6786458333333333 0.17962962962962964 0.011458333333333333 0.05
2 0.42916666666666664 0.21944444444444444 0.010416666666666666 0.053703703703703705
2 0.42630208333333336 0.3453703703703704 0.015104166666666667 0.06666666666666667
2 0.44505208333333335 0.4046296296296296 0.015104166666666667 0.07222222222222222
2 0.471875 0.1787037037037037 0.010416666666666666 0.04814814814814815
2 0.8229166666666666 0.300462962962963 0.015625 0.05648148148148148
1 0.8408854166666667 0.4671296296296296 0.0067708333333333336 0.012037037037037037
2 0.5963541666666666 0.0699074074074074 0.008333333333333333 0.032407407407407406
