1 0.6669270833333333 0.37592592592592594 0.011979166666666667 0.05185185185185185
1 0.22942708333333334 0.4726851851851852 0.0140625 0.06759259259259259
1 0.11119791666666666 0.2763888888888889 0.013020833333333334 0.049074074074074076
1 0.8645833333333334 0.5273148148148148 0.014583333333333334 0.06388888888888888
1 0.34270833333333334 0.3296296296296296 0.011458333333333333 0.05
1 0.45755208333333336 0.35509259259259257 0.009895833333333333 0.05462962962962963
1 0.4627604166666667 0.9092592592592592 0.027604166666666666 0.1111111111111111
1 0.5331640624999999 0.2720046296296296 0.0069427083333332956 0.043138888888888866
1 0.28671875 0.39490740740740743 0.013020833333333334 0.06018518518518518
1 0.7794270833333333 0.22361111111111112 0.0078125 0.03611111111111111
1 0.09192708333333334 0.6069444444444444 0.016145833333333335 0.0712962962962963
1 0.8356770833333333 0.3347222222222222 0.018229166666666668 0.049074074074074076
1 0.5036458333333333 0.2023148148148148 0.009375 0.03611111111111111
1 0.5307291666666667 0.2824074074074074 0.013541666666666667 0.044444444444444446
1 0.49557291666666664 0.3023148148148148 0.009895833333333333 0.04722222222222222
1 0.5573359375 0.1882314814814815 0.011744791666666643 0.031037037037037047
1 0.60625 0.2652777777777778 0.011458333333333333 0.04351851851851852
1 0.3489583333333333 0.32314814814814813 0.009375 0.053703703703703705
1 0.37005208333333334 0.44722222222222224 0.0109375 0.06666666666666667
1 0.38645833333333335 0.5055555555555555 0.0125 0.07222222222222222
1 0.3966145833333333 0.27314814814814814 0.008854166666666666 0.04814814814814815
1 0.7265625 0.36574074074074076 0.015625 0.05555555555555555
0 0.8293177083333333 0.355162037037037 0.0046875 0.009175925925925896
1 0.49921875 0.17824074074074073 0.0078125 0.030555555555555555
