2 0.6947916666666667 0.2569444444444444 0.017708333333333333 0.04537037037037037
2 0.26276041666666666 0.36944444444444446 0.0203125 0.07037037037037037
2 0.1484375 0.16064814814814815 0.013541666666666667 0.05092592592592592
2 0.8846354166666667 0.43657407407407406 0.022395833333333334 0.0787037037037037
2 0.3807291666666667 0.22083333333333333 0.015625 0.05462962962962963
2 0.5065104166666666 0.25462962962962965 0.013020833333333334 0.05740740740740741
2 0.48463541666666665 0.8185185185185185 0.0296875 0.11481481481481481
2 0.5783854166666667 0.16018518518518518 0.008854166666666666 0.046296296296296294
2 0.32473958333333336 0.2912037037037037 0.015104166666666667 0.06018518518518518
2 0.8380208333333333 0.12083333333333333 0.011458333333333333 0.032407407407407406
2 0.11276041666666667 0.5143518518518518 0.018229166666666668 0.0787037037037037
2 0.89375 0.25277777777777777 0.014583333333333334 0.05555555555555555
2 0.5489583333333333 0.0875 0.009375 0.03796296296296296
2 0.6015625 0.18287037037037038 0.009375 0.049074074074074076
2 0.54140625 0.19490740740740742 0.0109375 0.05277777777777778
2 0.5940104166666667 0.08009259259259259 0.0078125 0.028703703703703703
2 0.653125 0.16111111111111112 0.011458333333333333 0.04814814814814815
2 0.39453125 0.20925925925925926 0.011979166666666667 0.053703703703703705
2 0.40911458333333334 0.33425925925925926 0.009895833333333333 0.06481481481481481
2 0.42161458333333335 0.38796296296296295 0.0203125 0.06481481481481481
2 0.44479166666666664 0.1625 0.010416666666666666 0.05092592592592592
2 0.7794270833333333 0.25925925925925924 0.0140625 0.05555555555555555
1 0.86875 0.30324074074074076 0.005208333333333333 0.008333333333333333
2 0.5559895833333334 0.06342592592592593 0.0078125 0.032407407407407406
