1 0.70078125 0.2439814814814815 0.0109375 0.05277777777777778
1 0.26458333333333334 0.36527777777777776 0.01875 0.0712962962962963
1 0.15572916666666667 0.14722222222222223 0.011458333333333333 0.05185185185185185
1 0.88125 0.4310185185185185 0.021875 0.0787037037037037
1 0.38333333333333336 0.20833333333333334 0.0125 0.05740740740740741
1 0.5122395833333333 0.2537037037037037 0.013020833333333334 0.05740740740740741
1 0.48072916666666665 0.8037037037037037 0.027083333333333334 0.10925925925925926
1 0.5869791666666667 0.15416666666666667 0.010416666666666666 0.04351851851851852
1 0.328125 0.2833333333333333 0.016666666666666666 0.06296296296296296
1 0.85 0.10648148148148148 0.010416666666666666 0.037037037037037035
1 0.11067708333333333 0.5148148148148148 0.0203125 0.07592592592592592
1 0.90859375 0.24814814814814815 0.0140625 0.06111111111111111
1 0.5559895833333334 0.07361111111111111 0.008854166666666666 0.03796296296296296
1 0.61328125 0.17962962962962964 0.011979166666666667 0.046296296296296294
1 0.55078125 0.18564814814814815 0.0140625 0.05277777777777778
1 0.59921875 0.06851851851851852 0.0067708333333333336 0.02962962962962963
1 0.65859375 0.15231481481481482 0.0140625 0.04537037037037037
1 0.4036458333333333 0.1986111111111111 0.015625 0.05462962962962963
1 0.41354166666666664 0.32592592592592595 0.016666666666666666 0.06481481481481481
1 0.42578125 0.38055555555555554 0.011979166666666667 0.07037037037037037
1 0.45364583333333336 0.1550925925925926 0.010416666666666666 0.049074074074074076
1 0.7942708333333334 0.25555555555555554 0.011458333333333333 0.05
0 0.8638020833333333 0.3351851851851852 0.005729166666666666 0.009259259259259259
1 0.5682291666666667 0.05092592592592592 0.008333333333333333 0.03333333333333333
