2 0.6671875 0.37592592592592594 0.011458333333333333 0.05185185185185185
2 0.22916666666666666 0.4726851851851852 0.013541666666666667 0.06759259259259259
2 0.11119791666666666 0.2763888888888889 0.013020833333333334 0.049074074074074076
2 0.8651041666666667 0.5277777777777778 0.014583333333333334 0.06296296296296296
2 0.34270833333333334 0.3300925925925926 0.011458333333333333 0.05092592592592592
2 0.45729166666666665 0.35462962962962963 0.009375 0.053703703703703705
2 0.4627604166666667 0.9092592592592592 0.027604166666666666 0.1111111111111111
2 0.5322552083333334 0.27528703703703705 0.0071145833333333165 0.04420370370370371
2 0.28671875 0.39490740740740743 0.013020833333333334 0.06018518518518518
2 0.7794270833333333 0.22361111111111112 0.008854166666666666 0.03611111111111111
2 0.09192708333333334 0.6064814814814815 0.016145833333333335 0.07222222222222222
2 0.8356770833333333 0.33425925925925926 0.018229166666666668 0.05
2 0.5036458333333333 0.2023148148148148 0.009375 0.03611111111111111
2 0.53046875 0.2824074074074074 0.0140625 0.044444444444444446
2 0.4953125 0.30277777777777776 0.009375 0.04814814814814815
2 0.5563385416666667 0.1917361111111111 0.010989583333333405 0.03150925925925926
2 0.60625 0.2657407407407407 0.011458333333333333 0.044444444444444446
2 0.3489583333333333 0.32314814814814813 0.009375 0.053703703703703705
2 0.37005208333333334 0.44722222222222224 0.0109375 0.06666666666666667
2 0.38645833333333335 0.5055555555555555 0.0125 0.07222222222222222
2 0.3966145833333333 0.27314814814814814 0.008854166666666666 0.04814814814814815
2 0.7265625 0.36574074074074076 0.015625 0.05555555555555555
1 0.8298125 0.35540740740740745 0.0046875 0.008925925925925966
2 0.49921875 0.17777777777777778 0.0078125 0.02962962962962963
