2 0.6661458333333333 0.4824074074074074 0.015625 0.05185185185185185
2 0.19895833333333332 0.5648148148148148 0.015625 0.07222222222222222
2 0.08932291666666667 0.3662037037037037 0.0109375 0.04537037037037037
2 0.8729166666666667 0.6092592592592593 0.020833333333333332 0.07222222222222222
2 0.3182291666666667 0.4162037037037037 0.0125 0.058333333333333334
2 0.41770833333333335 0.44305555555555554 0.010416666666666666 0.05648148148148148
2 0.4425625 0.9599212962962962 0.0450833333333333 0.07521296296296287
2 0.5018229166666667 0.35833333333333334 0.009895833333333333 0.04259259259259259
2 0.25833333333333336 0.47685185185185186 0.015625 0.05740740740740741
2 0.7450520833333333 0.3106481481481482 0.009895833333333333 0.03425925925925926
2 0.08932291666666667 0.6805555555555556 0.018229166666666668 0.07592592592592592
2 0.82890625 0.4074074074074074 0.0171875 0.046296296296296294
2 0.48072916666666665 0.3638888888888889 0.010416666666666666 0.03888888888888889
2 0.4713541666666667 0.38796296296296295 0.010416666666666666 0.046296296296296294
2 0.5296875 0.2824074074074074 0.007291666666666667 0.027777777777777776
2 0.5817708333333333 0.3458333333333333 0.008333333333333333 0.03981481481481482
2 0.3189505208333333 0.4061296296296296 0.011776041666666674 0.04794444444444442
2 0.34348958333333335 0.538425925925926 0.011979166666666667 0.06388888888888888
2 0.37109375 0.6060185185185185 0.015104166666666667 0.07314814814814814
2 0.36666666666666664 0.3560185185185185 0.009375 0.04351851851851852
2 0.7002604166666667 0.45555555555555555 0.0140625 0.05
1 0.815625 0.4310185185185185 0.004166666666666667 0.008333333333333333
2 0.46640625 0.26990740740740743 0.008854166666666666 0.03981481481481482
