2 0.7119791666666667 0.3425925925925926 0.015625 0.06111111111111111
2 0.23619791666666667 0.4532407407407407 0.0265625 0.05648148148148148
2 0.2078125 0.19444444444444445 0.0125 0.053703703703703705
2 0.80234375 0.5046296296296297 0.0234375 0.07777777777777778
2 0.3932291666666667 0.2689814814814815 0.014583333333333334 0.05648148148148148
2 0.5369791666666667 0.38055555555555554 0.015625 0.07407407407407407
2 0.41432291666666665 0.8064814814814815 0.03177083333333333 0.10925925925925926
2 0.6046875 0.2152777777777778 0.010416666666666666 0.04537037037037037
2 0.34921875 0.3560185185185185 0.0171875 0.06574074074074074
2 0.8674479166666667 0.15324074074074073 0.009895833333333333 0.041666666666666664
2 0.09270833333333334 0.6689814814814815 0.016666666666666666 0.10277777777777777
2 0.9432291666666667 0.3388888888888889 0.017708333333333333 0.06296296296296296
2 0.5630208333333333 0.13240740740740742 0.009375 0.04259259259259259
2 0.61640625 0.26990740740740743 0.013020833333333334 0.05648148148148148
2 0.5697916666666667 0.25046296296296294 0.015625 0.04722222222222222
2 0.6106770833333334 0.11898148148148148 0.0078125 0.03425925925925926
2 0.67578125 0.22407407407407406 0.0109375 0.05185185185185185
2 0.4296875 0.25416666666666665 0.0125 0.05648148148148148
2 0.41692708333333334 0.38935185185185184 0.018229166666666668 0.06574074074074074
2 0.4166666666666667 0.4462962962962963 0.026041666666666668 0.05185185185185185
2 0.45755208333333336 0.21481481481481482 0.0109375 0.05555555555555555
2 0.7786458333333334 0.35648148148148145 0.017708333333333333 0.06296296296296296
1 0.7838541666666666 0.5509259259259259 0.008333333333333333 0.011111111111111112
2 0.6059895833333333 0.09351851851851851 0.0067708333333333336 0.02962962962962963
