2 0.7049479166666667 0.3486111111111111 0.0140625 0.06388888888888888
2 0.21640625 0.47175925925925927 0.0171875 0.058333333333333334
2 0.20572916666666666 0.19768518518518519 0.014583333333333334 0.05092592592592592
2 0.7869791666666667 0.5106481481481482 0.027083333333333334 0.0787037037037037
2 0.38723958333333336 0.274537037037037 0.019270833333333334 0.05648148148148148
2 0.5330729166666667 0.3921296296296296 0.016145833333333335 0.07314814814814814
2 0.3971354166666667 0.8069444444444445 0.0265625 0.11574074074074074
2 0.5986979166666667 0.21944444444444444 0.009895833333333333 0.04814814814814815
2 0.34791666666666665 0.3699074074074074 0.026041666666666668 0.06018518518518518
2 0.8614583333333333 0.1537037037037037 0.010416666666666666 0.040740740740740744
2 0.09088541666666666 0.6787037037037037 0.016145833333333335 0.10185185185185185
2 0.9440104166666666 0.34444444444444444 0.016145833333333335 0.06851851851851852
2 0.55703125 0.13703703703703704 0.0078125 0.040740740740740744
2 0.6104166666666667 0.2759259259259259 0.0125 0.05925925925925926
2 0.5640625 0.2569444444444444 0.014583333333333334 0.05092592592592592
2 0.6059895833333333 0.12037037037037036 0.0109375 0.037037037037037035
2 0.6716145833333333 0.2273148148148148 0.0109375 0.05277777777777778
2 0.42682291666666666 0.25833333333333336 0.015104166666666667 0.05740740740740741
2 0.40729166666666666 0.3958333333333333 0.01875 0.062037037037037036
2 0.40338541666666666 0.45601851851851855 0.024479166666666666 0.05092592592592592
2 0.45 0.22037037037037038 0.011458333333333333 0.053703703703703705
2 0.7661458333333333 0.36435185185185187 0.01875 0.06388888888888888
1 0.7002604166666667 0.6023148148148149 0.009895833333333333 0.012037037037037037
2 0.6041666666666666 0.09398148148148149 0.00625 0.028703703703703703
