1 0.6838541666666667 0.3699074074074074 0.014583333333333334 0.06018518518518518
1 0.17578125 0.5171296296296296 0.0203125 0.07685185185185185
1 0.19765625 0.20277777777777778 0.0109375 0.05
1 0.7783854166666667 0.5203703703703704 0.0265625 0.07037037037037037
1 0.36692708333333335 0.2833333333333333 0.0203125 0.053703703703703705
1 0.5106770833333333 0.4222222222222222 0.025520833333333333 0.07037037037037037
1 0.365625 0.7953703703703704 0.021875 0.11481481481481481
1 0.58359375 0.2273148148148148 0.0109375 0.049074074074074076
1 0.31536458333333334 0.38564814814814813 0.0234375 0.05462962962962963
1 0.84921875 0.1597222222222222 0.008854166666666666 0.03981481481481482
1 0.08177083333333333 0.6986111111111111 0.023958333333333335 0.09722222222222222
1 0.9380208333333333 0.3587962962962963 0.016666666666666666 0.06944444444444445
1 0.5421875 0.14675925925925926 0.009375 0.04351851851851852
1 0.59296875 0.2967592592592593 0.013020833333333334 0.058333333333333334
1 0.54296875 0.2712962962962963 0.013020833333333334 0.05
1 0.5940104166666667 0.12916666666666668 0.0078125 0.032407407407407406
1 0.6640625 0.24166666666666667 0.011458333333333333 0.05185185185185185
1 0.4158854166666667 0.26435185185185184 0.015104166666666667 0.05648148148148148
1 0.38307291666666665 0.4134259259259259 0.0234375 0.06759259259259259
1 0.36354166666666665 0.4986111111111111 0.01875 0.06018518518518518
1 0.43333333333333335 0.22777777777777777 0.0125 0.05740740740740741
1 0.7411458333333333 0.38564814814814813 0.016666666666666666 0.062037037037037036
1 0.5052083333333334 0.7074074074074074 0.010416666666666666 0.014814814814814815
1 0.5973958333333333 0.09861111111111111 0.007291666666666667 0.032407407407407406
