2 0.69765625 0.35555555555555557 0.0140625 0.05925925925925926
2 0.20130208333333333 0.49027777777777776 0.025520833333333333 0.06574074074074074
2 0.20390625 0.2 0.0171875 0.05
2 0.7760416666666666 0.512962962962963 0.029166666666666667 0.07407407407407407
2 0.3765625 0.27546296296296297 0.0125 0.05648148148148148
2 0.5291666666666667 0.4074074074074074 0.019791666666666666 0.06666666666666667
2 0.3815104166666667 0.8115740740740741 0.0359375 0.11203703703703703
2 0.5921875 0.22083333333333333 0.011458333333333333 0.049074074074074076
2 0.3372395833333333 0.37777777777777777 0.0328125 0.05925925925925926
2 0.8565104166666667 0.15601851851851853 0.008854166666666666 0.03796296296296296
2 0.09296875 0.6953703703703704 0.0203125 0.09444444444444444
2 0.9419270833333333 0.35138888888888886 0.0171875 0.06759259259259259
2 0.5513020833333333 0.14074074074074075 0.009895833333333333 0.04259259259259259
2 0.6046875 0.2847222222222222 0.011458333333333333 0.058333333333333334
2 0.55625 0.2611111111111111 0.011458333333333333 0.04814814814814815
2 0.6005208333333333 0.12129629629629629 0.008333333333333333 0.03888888888888889
2 0.6677083333333333 0.23333333333333334 0.010416666666666666 0.05
2 0.42135416666666664 0.2601851851851852 0.010416666666666666 0.05740740740740741
2 0.39869791666666665 0.40324074074074073 0.0203125 0.06759259259259259
2 0.38828125 0.4708333333333333 0.019270833333333334 0.049074074074074076
2 0.44583333333333336 0.225 0.017708333333333333 0.053703703703703705
2 0.75546875 0.3712962962962963 0.016145833333333335 0.05740740740740741
1 0.6270833333333333 0.6439814814814815 0.010416666666666666 0.012037037037037037
2 0.6013020833333333 0.09537037037037037 0.0067708333333333336 0.027777777777777776
