1 0.6809895833333334 0.37453703703703706 0.015104166666666667 0.06388888888888888
1 0.16822916666666668 0.5287037037037037 0.022916666666666665 0.07962962962962963
1 0.19817708333333334 0.20416666666666666 0.011979166666666667 0.049074074074074076
1 0.78046875 0.5236111111111111 0.025520833333333333 0.06944444444444445
1 0.3614583333333333 0.28194444444444444 0.014583333333333334 0.058333333333333334
1 0.50625 0.42685185185185187 0.026041666666666668 0.07407407407407407
1 0.3645833333333333 0.7842592592592592 0.026041666666666668 0.1037037037037037
1 0.58203125 0.23055555555555557 0.0109375 0.05
1 0.30755208333333334 0.38796296296296295 0.0171875 0.05185185185185185
1 0.8473958333333333 0.1625 0.008333333333333333 0.03981481481481482
1 0.07708333333333334 0.7032407407407407 0.020833333333333332 0.09722222222222222
1 0.9372395833333333 0.36203703703703705 0.016145833333333335 0.06851851851851852
1 0.540625 0.15 0.007291666666666667 0.04259259259259259
1 0.5901041666666667 0.3 0.014583333333333334 0.06111111111111111
1 0.5403645833333334 0.27546296296296297 0.0140625 0.05462962962962963
1 0.59296875 0.1310185185185185 0.009895833333333333 0.032407407407407406
1 0.6635416666666667 0.24351851851851852 0.010416666666666666 0.05185185185185185
1 0.4140625 0.2662037037037037 0.011458333333333333 0.05648148148148148
1 0.3763020833333333 0.41712962962962963 0.0203125 0.06388888888888888
1 0.35703125 0.5101851851851852 0.0203125 0.06666666666666667
1 0.43072916666666666 0.2310185185185185 0.014583333333333334 0.05462962962962963
1 0.7385416666666667 0.39305555555555555 0.016666666666666666 0.06944444444444445
1 0.4703125 0.7245370370370371 0.010416666666666666 0.013888888888888888
1 0.5966145833333333 0.10046296296296296 0.0078125 0.030555555555555555
