2 0.6640625 0.4398148148148148 0.019791666666666666 0.06111111111111111
2 0.12135416666666667 0.5828703703703704 0.029166666666666667 0.08055555555555556
2 0.21432291666666667 0.23333333333333334 0.013020833333333334 0.05
2 0.8455729166666667 0.6106481481481482 0.021354166666666667 0.07685185185185185
2 0.346875 0.31805555555555554 0.015625 0.05462962962962963
2 0.46041666666666664 0.4847222222222222 0.017708333333333333 0.06944444444444445
2 0.3807291666666667 0.7694444444444445 0.025 0.10555555555555556
2 0.5825520833333333 0.2763888888888889 0.0109375 0.05092592592592592
2 0.27265625 0.45092592592592595 0.021354166666666667 0.07222222222222222
2 0.8520833333333333 0.20416666666666666 0.008333333333333333 0.03981481481481482
2 0.05182291666666667 0.7189814814814814 0.025520833333333333 0.06759259259259259
2 0.9494791666666667 0.4074074074074074 0.01875 0.06666666666666667
2 0.5380208333333333 0.19305555555555556 0.010416666666666666 0.04537037037037037
2 0.56328125 0.3537037037037037 0.015104166666666667 0.06111111111111111
2 0.5252604166666667 0.3365740740740741 0.0140625 0.062037037037037036
2 0.6013020833333333 0.1726851851851852 0.0078125 0.03611111111111111
2 0.6708333333333333 0.2935185185185185 0.013541666666666667 0.05555555555555555
2 0.4171875 0.29768518518518516 0.015625 0.05462962962962963
2 0.33671875 0.48194444444444445 0.015104166666666667 0.06018518518518518
2 0.34479166666666666 0.6291666666666667 0.023958333333333335 0.09166666666666666
2 0.4276041666666667 0.26805555555555555 0.015625 0.049074074074074076
2 0.72734375 0.46435185185185185 0.024479166666666666 0.06944444444444445
2 0.60390625 0.13518518518518519 0.0078125 0.02962962962962963
