2 0.69921875 0.35509259259259257 0.015104166666666667 0.06018518518518518
2 0.20703125 0.48194444444444445 0.024479166666666666 0.058333333333333334
2 0.20416666666666666 0.19953703703703704 0.016666666666666666 0.05092592592592592
2 0.7768229166666667 0.512962962962963 0.03177083333333333 0.07592592592592592
2 0.37942708333333336 0.274537037037037 0.0140625 0.058333333333333334
2 0.53046875 0.4027777777777778 0.0171875 0.07222222222222222
2 0.38307291666666665 0.8134259259259259 0.0359375 0.1175925925925926
2 0.59375 0.22083333333333333 0.010416666666666666 0.049074074074074076
2 0.34296875 0.37592592592592594 0.0328125 0.06111111111111111
2 0.8583333333333333 0.15555555555555556 0.011458333333333333 0.040740740740740744
2 0.09192708333333334 0.6888888888888889 0.0203125 0.1
2 0.9421875 0.35138888888888886 0.017708333333333333 0.06944444444444445
2 0.553125 0.1388888888888889 0.010416666666666666 0.04259259259259259
2 0.6067708333333334 0.2833333333333333 0.0125 0.05925925925925926
2 0.5583333333333333 0.26157407407407407 0.010416666666666666 0.049074074074074076
2 0.60234375 0.12037037037037036 0.0078125 0.03888888888888889
2 0.6690104166666667 0.2324074074074074 0.0109375 0.05185185185185185
2 0.4234375 0.2601851851851852 0.011458333333333333 0.05740740740740741
2 0.40130208333333334 0.4009259259259259 0.0203125 0.06666666666666667
2 0.39166666666666666 0.4685185185185185 0.01875 0.05185185185185185
2 0.4466145833333333 0.22453703703703703 0.0171875 0.05462962962962963
2 0.7588541666666667 0.37083333333333335 0.016666666666666666 0.06018518518518518
1 0.6513020833333333 0.6300925925925925 0.009895833333333333 0.012037037037037037
2 0.60234375 0.09537037037037037 0.0067708333333333336 0.027777777777777776
