2 0.69765625 0.35555555555555557 0.0140625 0.05925925925925926
2 0.20286458333333332 0.487962962962963 0.025520833333333333 0.06296296296296296
2 0.20390625 0.2 0.0171875 0.05
2 0.77578125 0.513425925925926 0.0296875 0.075
2 0.3768229166666667 0.27546296296296297 0.013020833333333334 0.05648148148148148
2 0.5294270833333333 0.4064814814814815 0.019270833333333334 0.06851851851851852
2 0.3815104166666667 0.812037037037037 0.0359375 0.11296296296296296
2 0.5924479166666666 0.2212962962962963 0.0109375 0.04814814814814815
2 0.33880208333333334 0.3773148148148148 0.0328125 0.058333333333333334
2 0.8567708333333334 0.15601851851851853 0.009375 0.03981481481481482
2 0.09244791666666667 0.6935185185185185 0.0203125 0.0962962962962963
2 0.9416666666666667 0.35138888888888886 0.016666666666666666 0.06759259259259259
2 0.5515625 0.14074074074074075 0.009375 0.04259259259259259
2 0.6052083333333333 0.2847222222222222 0.011458333333333333 0.058333333333333334
2 0.5565104166666667 0.2611111111111111 0.0109375 0.04814814814814815
2 0.6010416666666667 0.12129629629629629 0.008333333333333333 0.03888888888888889
2 0.66796875 0.23333333333333334 0.0109375 0.05
2 0.42161458333333335 0.2601851851851852 0.0109375 0.05740740740740741
2 0.39921875 0.40324074074074073 0.0203125 0.06759259259259259
2 0.3890625 0.4703703703703704 0.01875 0.05
2 0.44583333333333336 0.225 0.017708333333333333 0.053703703703703705
2 0.7559895833333333 0.37083333333333335 0.016145833333333335 0.058333333333333334
1 0.6270833333333333 0.6439814814814815 0.010416666666666666 0.012037037037037037
2 0.6013020833333333 0.09537037037037037 0.0067708333333333336 0.027777777777777776
