2 0.65625 0.48518518518518516 0.017708333333333333 0.06666666666666667
2 0.11875 0.5990740740740741 0.01875 0.07037037037037037
2 0.23880208333333333 0.2569444444444444 0.013020833333333334 0.049074074074074076
2 0.8856770833333333 0.6657407407407407 0.027604166666666666 0.08518518518518518
2 0.3533854166666667 0.34120370370370373 0.011979166666666667 0.05462962962962963
2 0.4596354166666667 0.5236111111111111 0.0203125 0.07314814814814814
2 0.39505208333333336 0.7527777777777778 0.04635416666666667 0.07777777777777778
2 0.5890625 0.3074074074074074 0.010416666666666666 0.05
2 0.2721354166666667 0.4930555555555556 0.0171875 0.06388888888888888
2 0.8536458333333333 0.23703703703703705 0.009375 0.040740740740740744
2 0.08619791666666667 0.7282407407407407 0.015104166666666667 0.08425925925925926
2 0.9572916666666667 0.44027777777777777 0.016666666666666666 0.06759259259259259
2 0.5466145833333333 0.22453703703703703 0.0109375 0.04537037037037037
2 0.5536458333333333 0.387037037037037 0.015625 0.053703703703703705
2 0.5236979166666667 0.375 0.016145833333333335 0.06111111111111111
2 0.6106770833333334 0.20555555555555555 0.0078125 0.03333333333333333
2 0.68125 0.32731481481481484 0.013541666666666667 0.05277777777777778
2 0.42552083333333335 0.32175925925925924 0.014583333333333334 0.04722222222222222
2 0.33098958333333334 0.5259259259259259 0.015104166666666667 0.07222222222222222
2 0.37135416666666665 0.6865740740740741 0.01875 0.08981481481481482
2 0.43307291666666664 0.29444444444444445 0.011979166666666667 0.04814814814814815
2 0.72734375 0.5101851851851852 0.0265625 0.07222222222222222
1 0.39514583333333336 0.778037037037037 0.008145833333333326 0.012425925925925887
2 0.6109375 0.16435185185185186 0.007291666666666667 0.028703703703703703
