1 0.671875 0.4046296296296296 0.016666666666666666 0.06666666666666667
1 0.14270833333333333 0.5606481481481481 0.025 0.0824074074074074
1 0.20260416666666667 0.21342592592592594 0.011458333333333333 0.05092592592592592
1 0.8059895833333334 0.5648148148148148 0.03177083333333333 0.07777777777777778
1 0.3533854166666667 0.2972222222222222 0.018229166666666668 0.05555555555555555
1 0.47630208333333335 0.4532407407407407 0.0296875 0.0712962962962963
1 0.36640625 0.7675925925925926 0.027604166666666666 0.09259259259259259
1 0.5783854166666667 0.24953703703703703 0.011979166666666667 0.049074074074074076
1 0.28463541666666664 0.4166666666666667 0.019270833333333334 0.07037037037037037
1 0.8484375 0.17731481481481481 0.008333333333333333 0.041666666666666664
1 0.06302083333333333 0.7092592592592593 0.030208333333333334 0.1
1 0.9440104166666666 0.38055555555555554 0.0203125 0.07037037037037037
1 0.5369791666666667 0.16666666666666666 0.008333333333333333 0.044444444444444446
1 0.5752604166666667 0.3226851851851852 0.0203125 0.058333333333333334
1 0.5302083333333333 0.3023148148148148 0.017708333333333333 0.06018518518518518
1 0.5947916666666667 0.14722222222222223 0.007291666666666667 0.03518518518518519
1 0.6651041666666667 0.26435185185185184 0.0125 0.05648148148148148
1 0.41380208333333335 0.27685185185185185 0.013020833333333334 0.05555555555555555
1 0.3541666666666667 0.4412037037037037 0.022916666666666665 0.06388888888888888
1 0.3416666666666667 0.5592592592592592 0.01875 0.06851851851851852
1 0.42630208333333336 0.24444444444444444 0.013020833333333334 0.05740740740740741
1 0.7307291666666667 0.4263888888888889 0.017708333333333333 0.0712962962962963
1 0.59921875 0.11342592592592593 0.0078125 0.032407407407407406
