1 0.7033854166666667 0.350462962962963 0.0140625 0.06388888888888888
1 0.21302083333333333 0.47453703703703703 0.016666666666666666 0.05648148148148148
1 0.20546875 0.19814814814814816 0.015104166666666667 0.05
1 0.7830729166666667 0.5106481481481482 0.030729166666666665 0.0787037037037037
1 0.38515625 0.2740740740740741 0.018229166666666668 0.05740740740740741
1 0.5322916666666667 0.3939814814814815 0.015625 0.07314814814814814
1 0.39348958333333334 0.8097222222222222 0.0296875 0.1175925925925926
1 0.5973958333333333 0.22037037037037038 0.010416666666666666 0.04814814814814815
1 0.34739583333333335 0.37175925925925923 0.027083333333333334 0.06018518518518518
1 0.8604166666666667 0.1537037037037037 0.011458333333333333 0.040740740740740744
1 0.09088541666666666 0.6814814814814815 0.016145833333333335 0.1037037037037037
1 0.94375 0.34629629629629627 0.016666666666666666 0.07037037037037037
1 0.5557291666666667 0.13703703703703704 0.008333333333333333 0.04259259259259259
1 0.609375 0.2777777777777778 0.0125 0.05925925925925926
1 0.5627604166666667 0.25833333333333336 0.0140625 0.05185185185185185
1 0.6049479166666667 0.11944444444444445 0.009895833333333333 0.03888888888888889
1 0.6708333333333333 0.22824074074074074 0.010416666666666666 0.05277777777777778
1 0.42630208333333336 0.25833333333333336 0.0140625 0.05740740740740741
1 0.40520833333333334 0.39675925925925926 0.01875 0.06388888888888888
1 0.4002604166666667 0.4601851851851852 0.024479166666666666 0.053703703703703705
1 0.44869791666666664 0.2212962962962963 0.013020833333333334 0.053703703703703705
1 0.7635416666666667 0.3662037037037037 0.019791666666666666 0.06388888888888888
0 0.6880208333333333 0.6101851851851852 0.009375 0.012962962962962963
1 0.6036458333333333 0.09398148148148149 0.00625 0.026851851851851852
