2 0.7255208333333333 0.30324074074074076 0.013541666666666667 0.05277777777777778
2 0.27630208333333334 0.41388888888888886 0.018229166666666668 0.07037037037037037
2 0.21328125 0.18101851851851852 0.0109375 0.05092592592592592
2 0.8552083333333333 0.46944444444444444 0.016666666666666666 0.07592592592592592
2 0.41119791666666666 0.2518518518518518 0.016145833333333335 0.05555555555555555
2 0.5421875 0.32731481481481484 0.013541666666666667 0.06018518518518518
2 0.46953125 0.812962962962963 0.034895833333333334 0.10740740740740741
2 0.6221354166666667 0.19907407407407407 0.011979166666666667 0.05
2 0.35703125 0.33101851851851855 0.016145833333333335 0.06574074074074074
2 0.8848958333333333 0.1449074074074074 0.0125 0.03796296296296296
2 0.12265625 0.5930555555555556 0.016145833333333335 0.08425925925925926
2 0.94375 0.3138888888888889 0.016666666666666666 0.06481481481481481
2 0.5828125 0.11805555555555555 0.008333333333333333 0.03796296296296296
2 0.6372395833333333 0.2375 0.0109375 0.049074074074074076
2 0.5841145833333333 0.22916666666666666 0.0109375 0.05277777777777778
2 0.625 0.10648148148148148 0.008333333333333333 0.03333333333333333
2 0.68828125 0.20046296296296295 0.0109375 0.049074074074074076
2 0.44114583333333335 0.2388888888888889 0.015625 0.053703703703703705
2 0.4354166666666667 0.36157407407407405 0.011458333333333333 0.06574074074074074
2 0.45416666666666666 0.42407407407407405 0.020833333333333332 0.07037037037037037
2 0.48046875 0.1986111111111111 0.015104166666666667 0.05092592592592592
2 0.8260416666666667 0.32731481481481484 0.015625 0.06018518518518518
1 0.8395833333333333 0.5009259259259259 0.00625 0.011111111111111112
2 0.61015625 0.08657407407407407 0.0078125 0.032407407407407406
