2 0.68671875 0.3685185185185185 0.016145833333333335 0.06111111111111111
2 0.18098958333333334 0.5078703703703704 0.021354166666666667 0.0712962962962963
2 0.19765625 0.20092592592592592 0.0109375 0.05
2 0.7768229166666667 0.5185185185185185 0.027604166666666666 0.07407407407407407
2 0.36875 0.2824074074074074 0.019791666666666666 0.053703703703703705
2 0.5145833333333333 0.41944444444444445 0.025 0.06666666666666667
2 0.36770833333333336 0.8004629629629629 0.019791666666666666 0.11574074074074074
2 0.5848958333333333 0.2263888888888889 0.011458333333333333 0.04722222222222222
2 0.32135416666666666 0.38333333333333336 0.029166666666666667 0.05555555555555555
2 0.8502604166666666 0.15925925925925927 0.0109375 0.040740740740740744
2 0.08645833333333333 0.6972222222222222 0.028125 0.09444444444444444
2 0.9385416666666667 0.35694444444444445 0.016666666666666666 0.06944444444444445
2 0.5440104166666667 0.14444444444444443 0.009895833333333333 0.044444444444444446
2 0.596875 0.29398148148148145 0.014583333333333334 0.06018518518518518
2 0.5458333333333333 0.27037037037037037 0.013541666666666667 0.05185185185185185
2 0.5953125 0.12824074074074074 0.00625 0.032407407407407406
2 0.6643229166666667 0.23981481481481481 0.0109375 0.053703703703703705
2 0.4161458333333333 0.2638888888888889 0.016666666666666666 0.05555555555555555
2 0.38671875 0.4097222222222222 0.022395833333333334 0.06759259259259259
2 0.36875 0.4888888888888889 0.017708333333333333 0.05
2 0.43515625 0.22546296296296298 0.011979166666666667 0.058333333333333334
2 0.7424479166666667 0.3851851851851852 0.018229166666666668 0.06296296296296296
1 0.52890625 0.6944444444444444 0.009895833333333333 0.012962962962962963
2 0.5984375 0.09722222222222222 0.007291666666666667 0.03148148148148148
