2 0.6690104166666667 0.4134259259259259 0.0140625 0.06388888888888888
2 0.13411458333333334 0.5712962962962963 0.021354166666666667 0.08148148148148149
2 0.20494791666666667 0.21944444444444444 0.0140625 0.05
2 0.8203125 0.5740740740740741 0.025 0.07037037037037037
2 0.3497395833333333 0.30185185185185187 0.011979166666666667 0.05740740740740741
2 0.46901041666666665 0.46064814814814814 0.015104166666666667 0.07314814814814814
2 0.3703125 0.763425925925926 0.023958333333333335 0.08981481481481482
2 0.5799479166666667 0.25601851851851853 0.0109375 0.05092592592592592
2 0.2791666666666667 0.4273148148148148 0.01875 0.06944444444444445
2 0.8489583333333334 0.18472222222222223 0.009375 0.041666666666666664
2 0.054947916666666666 0.7074074074074074 0.033854166666666664 0.08518518518518518
2 0.9447916666666667 0.38796296296296295 0.016666666666666666 0.06851851851851852
2 0.5369791666666667 0.17453703703703705 0.009375 0.04537037037037037
2 0.56953125 0.3314814814814815 0.015104166666666667 0.05740740740740741
2 0.5278645833333333 0.3143518518518518 0.015104166666666667 0.058333333333333334
2 0.5958333333333333 0.1537037037037037 0.008333333333333333 0.037037037037037035
2 0.66640625 0.2740740740740741 0.011979166666666667 0.05555555555555555
2 0.41328125 0.28194444444444444 0.009895833333333333 0.05648148148148148
2 0.34661458333333334 0.45231481481481484 0.0203125 0.062037037037037036
2 0.34010416666666665 0.5875 0.025 0.08611111111111111
2 0.42526041666666664 0.2523148148148148 0.015104166666666667 0.05462962962962963
2 0.73046875 0.4361111111111111 0.0171875 0.06851851851851852
2 0.60078125 0.11944444444444445 0.0078125 0.03148148148148148
