2 0.72109375 0.33055555555555555 0.0140625 0.05925925925925926
2 0.25390625 0.4337962962962963 0.016145833333333335 0.0712962962962963
2 0.21328125 0.1912037037037037 0.011979166666666667 0.05277777777777778
2 0.82265625 0.48842592592592593 0.0203125 0.06574074074074074
2 0.40286458333333336 0.2657407407407407 0.015104166666666667 0.05740740740740741
2 0.5416666666666666 0.36064814814814816 0.013541666666666667 0.06944444444444445
2 0.43828125 0.8092592592592592 0.024479166666666666 0.10740740740740741
2 0.6143229166666667 0.21203703703703702 0.0109375 0.046296296296296294
2 0.3536458333333333 0.35185185185185186 0.016666666666666666 0.06666666666666667
2 0.8760416666666667 0.15416666666666667 0.008333333333333333 0.03796296296296296
2 0.11015625 0.6407407407407407 0.0234375 0.09259259259259259
2 0.9432291666666667 0.3300925925925926 0.016666666666666666 0.06018518518518518
2 0.5731770833333333 0.1300925925925926 0.0109375 0.03981481481481482
2 0.62578125 0.25925925925925924 0.011979166666666667 0.05555555555555555
2 0.5786458333333333 0.2439814814814815 0.0125 0.05277777777777778
2 0.6182291666666667 0.11666666666666667 0.007291666666666667 0.03333333333333333
2 0.68125 0.21805555555555556 0.011458333333333333 0.049074074074074076
2 0.43697916666666664 0.2513888888888889 0.0125 0.05648148148148148
2 0.42604166666666665 0.37916666666666665 0.015625 0.06759259259259259
2 0.43697916666666664 0.43425925925925923 0.015625 0.06481481481481481
2 0.4674479166666667 0.21157407407407408 0.013020833333333334 0.05277777777777778
2 0.7971354166666667 0.34675925925925927 0.018229166666666668 0.06388888888888888
1 0.8174479166666667 0.5268518518518519 0.0067708333333333336 0.011111111111111112
2 0.6091145833333333 0.09351851851851851 0.0067708333333333336 0.03148148148148148
