2 0.6890625 0.36574074074074076 0.016666666666666666 0.06296296296296296
2 0.18489583333333334 0.5018518518518519 0.021875 0.06481481481481481
2 0.19817708333333334 0.20092592592592592 0.0109375 0.05
2 0.7765625 0.5162037037037037 0.028125 0.075
2 0.36953125 0.2796296296296296 0.019270833333333334 0.05555555555555555
2 0.5192708333333333 0.4185185185185185 0.027083333333333334 0.06666666666666667
2 0.36953125 0.8027777777777778 0.0203125 0.11481481481481481
2 0.5856770833333333 0.22546296296296298 0.011979166666666667 0.04722222222222222
2 0.32473958333333336 0.3814814814814815 0.030729166666666665 0.05555555555555555
2 0.8513020833333333 0.15694444444444444 0.0109375 0.03981481481481482
2 0.08984375 0.6976851851851852 0.027604166666666666 0.09351851851851851
2 0.9395833333333333 0.3541666666666667 0.016666666666666666 0.06944444444444445
2 0.5455729166666666 0.14305555555555555 0.008854166666666666 0.04351851851851852
2 0.5989583333333334 0.2912037037037037 0.014583333333333334 0.06018518518518518
2 0.5484375 0.2689814814814815 0.014583333333333334 0.05277777777777778
2 0.5963541666666666 0.12685185185185185 0.00625 0.03148148148148148
2 0.66484375 0.23703703703703705 0.0109375 0.053703703703703705
2 0.4166666666666667 0.2625 0.016666666666666666 0.05648148148148148
2 0.3888020833333333 0.4078703703703704 0.0203125 0.06574074074074074
2 0.37265625 0.48657407407407405 0.018229166666666668 0.05277777777777778
2 0.43671875 0.22407407407407406 0.011979166666666667 0.05740740740740741
2 0.7440104166666667 0.3824074074074074 0.019270833333333334 0.06481481481481481
1 0.553125 0.6824074074074075 0.010416666666666666 0.012962962962962963
2 0.59921875 0.09675925925925925 0.0067708333333333336 0.030555555555555555
