2 0.721875 0.3296296296296296 0.013541666666666667 0.06111111111111111
2 0.2557291666666667 0.43148148148148147 0.016666666666666666 0.07222222222222222
2 0.21380208333333334 0.19027777777777777 0.011979166666666667 0.05277777777777778
2 0.8247395833333333 0.487962962962963 0.021354166666666667 0.06481481481481481
2 0.40338541666666666 0.26435185185185184 0.015104166666666667 0.05648148148148148
2 0.5419270833333333 0.3587962962962963 0.013020833333333334 0.06944444444444445
2 0.4401041666666667 0.8092592592592592 0.023958333333333335 0.10925925925925926
2 0.6153645833333333 0.21157407407407408 0.0109375 0.04722222222222222
2 0.3541666666666667 0.35 0.016666666666666666 0.06666666666666667
2 0.8768229166666667 0.15462962962962962 0.009895833333333333 0.03518518518518519
2 0.11119791666666666 0.6393518518518518 0.022395833333333334 0.09351851851851851
2 0.9434895833333333 0.3296296296296296 0.0171875 0.06111111111111111
2 0.57421875 0.12916666666666668 0.0109375 0.03981481481481482
2 0.6265625 0.2574074074074074 0.0125 0.05555555555555555
2 0.5794270833333334 0.24351851851851852 0.013020833333333334 0.053703703703703705
2 0.6190104166666667 0.1175925925925926 0.0078125 0.03148148148148148
2 0.6817708333333333 0.21712962962962962 0.011458333333333333 0.049074074074074076
2 0.4375 0.25092592592592594 0.0125 0.05555555555555555
2 0.4276041666666667 0.37916666666666665 0.015625 0.06759259259259259
2 0.43854166666666666 0.4337962962962963 0.015625 0.06759259259259259
2 0.46848958333333335 0.2111111111111111 0.011979166666666667 0.05185185185185185
2 0.7986979166666667 0.3453703703703704 0.019270833333333334 0.06481481481481481
1 0.81875 0.525 0.00625 0.011111111111111112
2 0.6104739583333334 0.09413425925925925 0.011135416666666604 0.03234259259259258
