2 0.6580729166666667 0.4824074074074074 0.018229166666666668 0.06666666666666667
2 0.11822916666666666 0.5995370370370371 0.020833333333333332 0.06944444444444445
2 0.23776041666666667 0.25601851851851853 0.013020833333333334 0.049074074074074076
2 0.8841145833333334 0.6620370370370371 0.0265625 0.08148148148148149
2 0.3541666666666667 0.3402777777777778 0.010416666666666666 0.05462962962962963
2 0.45989583333333334 0.5222222222222223 0.019791666666666666 0.07407407407407407
2 0.39479166666666665 0.7532407407407408 0.04375 0.0787037037037037
2 0.5893229166666667 0.30648148148148147 0.0109375 0.05
2 0.27265625 0.49212962962962964 0.0171875 0.06574074074074074
2 0.8546875 0.2361111111111111 0.009375 0.040740740740740744
2 0.08385416666666666 0.7268518518518519 0.015625 0.08333333333333333
2 0.9578125 0.4398148148148148 0.016666666666666666 0.06666666666666667
2 0.5463541666666667 0.22361111111111112 0.010416666666666666 0.04537037037037037
2 0.5549479166666667 0.3851851851851852 0.016145833333333335 0.053703703703703705
2 0.5244791666666667 0.3726851851851852 0.016666666666666666 0.062037037037037036
2 0.6109375 0.20462962962962963 0.007291666666666667 0.03518518518518519
2 0.68125 0.3263888888888889 0.013541666666666667 0.05462962962962963
2 0.42526041666666664 0.3212962962962963 0.0140625 0.04814814814814815
2 0.33177083333333335 0.5236111111111111 0.015625 0.06944444444444445
2 0.36875 0.6828703703703703 0.01875 0.08981481481481482
2 0.43411458333333336 0.29398148148148145 0.011979166666666667 0.049074074074074076
2 0.7278645833333334 0.5087962962962963 0.0265625 0.07314814814814814
1 0.39428906250000006 0.7789675925925926 0.00777604166666664 0.01243518518518514
2 0.6111979166666667 0.1638888888888889 0.0078125 0.02962962962962963
