2 0.6744791666666666 0.3976851851851852 0.015625 0.06759259259259259
2 0.14921875 0.5546296296296296 0.025520833333333333 0.08148148148148149
2 0.2015625 0.21157407407407408 0.010416666666666666 0.05092592592592592
2 0.7984375 0.5550925925925926 0.029166666666666667 0.075
2 0.3528645833333333 0.29398148148148145 0.0171875 0.05648148148148148
2 0.4817708333333333 0.4444444444444444 0.03125 0.07222222222222222
2 0.3651041666666667 0.7671296296296296 0.03333333333333333 0.09351851851851851
2 0.57890625 0.2449074074074074 0.011979166666666667 0.05092592592592592
2 0.28828125 0.4078703703703704 0.019270833333333334 0.06388888888888888
2 0.8466145833333333 0.175 0.008854166666666666 0.03888888888888889
2 0.06822916666666666 0.7101851851851851 0.03229166666666667 0.09814814814814815
2 0.9419270833333333 0.37546296296296294 0.0203125 0.06944444444444445
2 0.53828125 0.16435185185185186 0.0109375 0.04351851851851852
2 0.57890625 0.31712962962962965 0.016145833333333335 0.06018518518518518
2 0.5322916666666667 0.2949074074074074 0.013541666666666667 0.05648148148148148
2 0.59375 0.14351851851851852 0.007291666666666667 0.03518518518518519
2 0.6638020833333333 0.25972222222222224 0.011979166666666667 0.05462962962962963
2 0.41328125 0.27546296296296297 0.016145833333333335 0.05648148148148148
2 0.3580729166666667 0.43425925925925923 0.0171875 0.05925925925925926
2 0.34140625 0.55 0.022395833333333334 0.07407407407407407
2 0.4265625 0.24166666666666667 0.0125 0.05740740740740741
2 0.7307291666666667 0.41712962962962963 0.01875 0.06944444444444445
2 0.5984375 0.1137962962962963 0.008333333333333333 0.027962962962962967
