1 0.5950520833333334 0.4675925925925926 0.019270833333333334 0.06481481481481481
1 0.09114583333333333 0.6055555555555555 0.027083333333333334 0.07962962962962963
1 0.10286458333333333 0.23333333333333334 0.0140625 0.04814814814814815
1 0.8263020833333333 0.6013888888888889 0.021354166666666667 0.07685185185185185
1 0.25807291666666665 0.31157407407407406 0.018229166666666668 0.05092592592592592
1 0.52421875 0.462037037037037 0.018229166666666668 0.06111111111111111
1 0.28359375 0.7842592592592592 0.0234375 0.08888888888888889
1 0.478125 0.2574074074074074 0.014583333333333334 0.044444444444444446
1 0.27395833333333336 0.5023148148148148 0.019791666666666666 0.06759259259259259
1 0.6611979166666667 0.17592592592592593 0.0078125 0.03148148148148148
1 0.07682291666666667 0.6583333333333333 0.024479166666666666 0.08333333333333333
1 0.8690104166666667 0.3439814814814815 0.0171875 0.05648148148148148
1 0.4041666666666667 0.18472222222222223 0.011458333333333333 0.03981481481481482
1 0.47317708333333336 0.32222222222222224 0.009895833333333333 0.05
1 0.39453125 0.33796296296296297 0.016145833333333335 0.05555555555555555
1 0.46328125 0.16111111111111112 0.009895833333333333 0.03148148148148148
1 0.5848958333333333 0.26157407407407407 0.013541666666666667 0.04537037037037037
1 0.30625 0.2777777777777778 0.010416666666666666 0.05
1 0.3885416666666667 0.5333333333333333 0.020833333333333332 0.07037037037037037
1 0.42161458333333335 0.6388888888888888 0.0234375 0.08518518518518518
1 0.32395833333333335 0.2625 0.011458333333333333 0.05277777777777778
1 0.7604166666666666 0.48009259259259257 0.019791666666666666 0.058333333333333334
0 0.8122395833333333 0.6208333333333333 0.0067708333333333336 0.012037037037037037
1 0.46145833333333336 0.12407407407407407 0.007291666666666667 0.027777777777777776
