2 0.6294270833333333 0.47453703703703703 0.011979166666666667 0.06388888888888888
2 0.12916666666666668 0.6162037037037037 0.019791666666666666 0.08425925925925926
2 0.10260416666666666 0.23425925925925925 0.011458333333333333 0.04814814814814815
2 0.80703125 0.5958333333333333 0.027604166666666666 0.0712962962962963
2 0.27421875 0.30925925925925923 0.009895833333333333 0.05
2 0.5809895833333333 0.47685185185185186 0.021354166666666667 0.05740740740740741
2 0.3268229166666667 0.8166666666666667 0.03177083333333333 0.09259259259259259
2 0.49244791666666665 0.25601851851851853 0.0078125 0.04537037037037037
2 0.3411458333333333 0.5106481481481482 0.023958333333333335 0.06944444444444445
2 0.6692708333333334 0.1726851851851852 0.009375 0.03425925925925926
2 0.09270833333333334 0.6550925925925926 0.035416666666666666 0.0712962962962963
2 0.8864583333333333 0.3398148148148148 0.015625 0.053703703703703705
2 0.40911458333333334 0.18611111111111112 0.008854166666666666 0.03888888888888889
2 0.48828125 0.31851851851851853 0.0140625 0.04814814814814815
2 0.41848958333333336 0.3337962962962963 0.011979166666666667 0.05648148148148148
2 0.46875 0.16203703703703703 0.007291666666666667 0.03148148148148148
2 0.6041666666666666 0.2587962962962963 0.009375 0.03981481481481482
2 0.31953125 0.2796296296296296 0.013020833333333334 0.044444444444444446
2 0.4328125 0.5319444444444444 0.020833333333333332 0.0712962962962963
2 0.4546875 0.6259259259259259 0.016666666666666666 0.08148148148148149
2 0.33203125 0.2662037037037037 0.0140625 0.049074074074074076
2 0.7817708333333333 0.5032407407407408 0.021875 0.058333333333333334
1 0.7786458333333334 0.6217592592592592 0.007291666666666667 0.012037037037037037
2 0.46640625 0.125 0.0067708333333333336 0.027777777777777776
