2 0.5934895833333333 0.48333333333333334 0.025520833333333333 0.06481481481481481
2 0.11354166666666667 0.5842592592592593 0.017708333333333333 0.07592592592592592
2 0.17083333333333334 0.23333333333333334 0.011458333333333333 0.044444444444444446
2 0.8809895833333333 0.6592592592592592 0.024479166666666666 0.09074074074074075
2 0.29296875 0.32314814814814813 0.015104166666666667 0.053703703703703705
2 0.49375 0.475 0.023958333333333335 0.06111111111111111
2 0.29609375 0.7379629629629629 0.018229166666666668 0.07777777777777778
2 0.51171875 0.2759259259259259 0.011979166666666667 0.046296296296296294
2 0.25677083333333334 0.4986111111111111 0.028125 0.058333333333333334
2 0.7140625 0.19722222222222222 0.0125 0.03518518518518519
2 0.11927083333333334 0.6615740740740741 0.017708333333333333 0.0787037037037037
2 0.9018229166666667 0.37592592592592594 0.0140625 0.05555555555555555
2 0.45677083333333335 0.1986111111111111 0.011458333333333333 0.03796296296296296
2 0.5020833333333333 0.35462962962962963 0.016666666666666666 0.053703703703703705
2 0.4205729166666667 0.35462962962962963 0.019270833333333334 0.053703703703703705
2 0.5169270833333334 0.17685185185185184 0.0067708333333333336 0.03148148148148148
2 0.6200520833333333 0.28935185185185186 0.0109375 0.04537037037037037
2 0.35078125 0.28564814814814815 0.0109375 0.04537037037037037
2 0.3671875 0.5435185185185185 0.03333333333333333 0.07407407407407407
2 0.4265625 0.6486111111111111 0.016666666666666666 0.075
2 0.36640625 0.27175925925925926 0.015104166666666667 0.049074074074074076
2 0.7533854166666667 0.5 0.0171875 0.06481481481481481
1 0.8638020833333333 0.6708333333333333 0.0078125 0.012037037037037037
2 0.5122395833333333 0.1361111111111111 0.0078125 0.024074074074074074
