2 0.6119791666666666 0.5 0.021875 0.06296296296296296
2 0.13932291666666666 0.5787037037037037 0.0203125 0.07222222222222222
2 0.21927083333333333 0.24212962962962964 0.009375 0.04537037037037037
2 0.91328125 0.7027777777777777 0.0328125 0.09259259259259259
2 0.32473958333333336 0.33611111111111114 0.015104166666666667 0.04814814814814815
2 0.49322916666666666 0.4925925925925926 0.028125 0.06296296296296296
2 0.33567708333333335 0.7175925925925926 0.034895833333333334 0.08518518518518518
2 0.5440104166666667 0.29768518518518516 0.013020833333333334 0.04537037037037037
2 0.26588541666666665 0.5060185185185185 0.0203125 0.062037037037037036
2 0.7638020833333333 0.22037037037037038 0.015104166666666667 0.037037037037037035
2 0.14713541666666666 0.6782407407407407 0.015104166666666667 0.08425925925925926
2 0.93359375 0.4064814814814815 0.0203125 0.05740740740740741
2 0.5010416666666667 0.21481481481481482 0.009375 0.03888888888888889
2 0.52265625 0.38564814814814813 0.0171875 0.05462962962962963
2 0.45390625 0.37175925925925923 0.019270833333333334 0.05462962962962963
2 0.5604166666666667 0.19537037037037036 0.009375 0.03148148148148148
2 0.64921875 0.31157407407407406 0.018229166666666668 0.049074074074074076
2 0.39010416666666664 0.3013888888888889 0.010416666666666666 0.04722222222222222
2 0.3606770833333333 0.5532407407407407 0.0234375 0.06944444444444445
2 0.43463541666666666 0.6703703703703704 0.0265625 0.07962962962962963
2 0.4005208333333333 0.28564814814814815 0.013541666666666667 0.049074074074074076
2 0.753125 0.5226851851851851 0.030208333333333334 0.06759259259259259
1 0.8638020833333333 0.7171296296296297 0.008854166666666666 0.012037037037037037
2 0.55390625 0.15601851851851853 0.0067708333333333336 0.019444444444444445
