2 0.6080729166666666 0.46944444444444444 0.015104166666666667 0.06111111111111111
2 0.10598958333333333 0.6078703703703704 0.024479166666666666 0.075
2 0.10442708333333334 0.2337962962962963 0.016145833333333335 0.04722222222222222
2 0.8216145833333334 0.5972222222222222 0.0203125 0.07222222222222222
2 0.26536458333333335 0.30972222222222223 0.0109375 0.05277777777777778
2 0.5458333333333333 0.4648148148148148 0.015625 0.06111111111111111
2 0.2984375 0.7949074074074074 0.026041666666666668 0.08796296296296297
2 0.48541666666666666 0.2574074074074074 0.008333333333333333 0.046296296296296294
2 0.2994791666666667 0.5023148148148148 0.03125 0.062037037037037036
2 0.6651041666666667 0.17546296296296296 0.008333333333333333 0.03425925925925926
2 0.08255208333333333 0.6546296296296297 0.016145833333333335 0.08148148148148149
2 0.8807291666666667 0.34074074074074073 0.014583333333333334 0.05555555555555555
2 0.4075520833333333 0.18564814814814815 0.009895833333333333 0.03796296296296296
2 0.4791666666666667 0.31851851851851853 0.017708333333333333 0.044444444444444446
2 0.4049479166666667 0.3347222222222222 0.0140625 0.05648148148148148
2 0.4661458333333333 0.1625 0.00625 0.030555555555555555
2 0.5932291666666667 0.2601851851851852 0.010416666666666666 0.044444444444444446
2 0.3109375 0.2791666666666667 0.0125 0.04722222222222222
2 0.40572916666666664 0.5356481481481481 0.023958333333333335 0.07314814814814814
2 0.43463541666666666 0.638425925925926 0.019270833333333334 0.08425925925925926
2 0.3296875 0.2652777777777778 0.014583333333333334 0.049074074074074076
2 0.7729166666666667 0.48657407407407405 0.022916666666666665 0.058333333333333334
1 0.8044270833333333 0.6203703703703703 0.0067708333333333336 0.011111111111111112
2 0.4640625 0.12407407407407407 0.007291666666666667 0.027777777777777776
