2 0.6231770833333333 0.5078703703703704 0.022395833333333334 0.062037037037037036
2 0.134375 0.5898148148148148 0.023958333333333335 0.06481481481481481
2 0.24921875 0.2574074074074074 0.008854166666666666 0.046296296296296294
2 0.9174479166666667 0.6972222222222222 0.0234375 0.09444444444444444
2 0.3453125 0.3486111111111111 0.011458333333333333 0.05092592592592592
2 0.47109375 0.5199074074074074 0.0171875 0.06388888888888888
2 0.3802083333333333 0.7157407407407408 0.021875 0.06296296296296296
2 0.5747395833333333 0.31157407407407406 0.011979166666666667 0.049074074074074076
2 0.26666666666666666 0.5125 0.021875 0.07314814814814814
2 0.8244791666666667 0.2412037037037037 0.010416666666666666 0.03981481481481482
2 0.1296875 0.7222222222222222 0.019791666666666666 0.09444444444444444
2 0.9455729166666667 0.44212962962962965 0.028645833333333332 0.05648148148148148
2 0.5380208333333333 0.2324074074074074 0.009375 0.04259259259259259
2 0.5307291666666667 0.40324074074074073 0.01875 0.05277777777777778
2 0.49375 0.38333333333333336 0.015625 0.05925925925925926
2 0.59921875 0.21157407407407408 0.009895833333333333 0.03425925925925926
2 0.6671875 0.3351851851851852 0.016666666666666666 0.05
2 0.4200520833333333 0.3189814814814815 0.0140625 0.05092592592592592
2 0.32265625 0.5555555555555556 0.025520833333333333 0.06296296296296296
2 0.4002604166666667 0.6995370370370371 0.025520833333333333 0.08425925925925926
2 0.41953125 0.30092592592592593 0.0140625 0.040740740740740744
2 0.7268229166666667 0.5333333333333333 0.03802083333333333 0.05925925925925926
1 0.6611979166666667 0.7583333333333333 0.009895833333333333 0.012962962962962963
2 0.5947916666666667 0.16805555555555557 0.007291666666666667 0.028703703703703703
