1 0.6330729166666667 0.475462962962963 0.011979166666666667 0.06388888888888888
1 0.13463541666666667 0.6162037037037037 0.0265625 0.08425925925925926
1 0.10234375 0.23472222222222222 0.011979166666666667 0.04722222222222222
1 0.8059895833333334 0.5962962962962963 0.025520833333333333 0.07407407407407407
1 0.27682291666666664 0.30925925925925923 0.013020833333333334 0.05
1 0.58515625 0.4773148148148148 0.021354166666666667 0.05648148148148148
1 0.33307291666666666 0.8175925925925925 0.028645833333333332 0.09074074074074075
1 0.49296875 0.2550925925925926 0.008854166666666666 0.04537037037037037
1 0.34739583333333335 0.5106481481481482 0.017708333333333333 0.06944444444444445
1 0.6697916666666667 0.1726851851851852 0.008333333333333333 0.03425925925925926
1 0.09427083333333333 0.6546296296296297 0.035416666666666666 0.07037037037037037
1 0.8885416666666667 0.3375 0.013541666666666667 0.05462962962962963
1 0.40911458333333334 0.18564814814814815 0.0078125 0.03981481481481482
1 0.48880208333333336 0.3189814814814815 0.0140625 0.04722222222222222
1 0.4192708333333333 0.33194444444444443 0.013541666666666667 0.05648148148148148
1 0.46848958333333335 0.16111111111111112 0.0067708333333333336 0.03148148148148148
1 0.6044270833333333 0.25833333333333336 0.0109375 0.04259259259259259
1 0.3203125 0.28055555555555556 0.0125 0.04259259259259259
1 0.43671875 0.5319444444444444 0.018229166666666668 0.06944444444444445
1 0.45625 0.6231481481481481 0.016666666666666666 0.08333333333333333
1 0.3328125 0.2671296296296296 0.015625 0.05092592592592592
1 0.7817708333333333 0.5032407407407408 0.022916666666666665 0.05648148148148148
1 0.7705729166666667 0.6222222222222222 0.0067708333333333336 0.011111111111111112
1 0.4661458333333333 0.12546296296296297 0.00625 0.028703703703703703
