2 0.6153645833333333 0.5092592592592593 0.0234375 0.06851851851851852
2 0.14401041666666667 0.5833333333333334 0.016145833333333335 0.07222222222222222
2 0.24088541666666666 0.25046296296296294 0.008854166666666666 0.04537037037037037
2 0.9302083333333333 0.7064814814814815 0.01875 0.09444444444444444
2 0.33697916666666666 0.3439814814814815 0.0125 0.049074074074074076
2 0.48802083333333335 0.5046296296296297 0.029166666666666667 0.05740740740740741
2 0.35651041666666666 0.7162037037037037 0.0296875 0.0787037037037037
2 0.5580729166666667 0.30787037037037035 0.015104166666666667 0.04351851851851852
2 0.2721354166666667 0.5060185185185185 0.0203125 0.07314814814814814
2 0.7955729166666666 0.23148148148148148 0.0109375 0.03888888888888889
2 0.1484375 0.6944444444444444 0.028125 0.08518518518518518
2 0.9463541666666667 0.42314814814814816 0.022916666666666665 0.05740740740740741
2 0.5216145833333333 0.22546296296296298 0.011979166666666667 0.03981481481481482
2 0.5270833333333333 0.4 0.01875 0.053703703703703705
2 0.47291666666666665 0.37916666666666665 0.014583333333333334 0.058333333333333334
2 0.5815104166666667 0.20555555555555555 0.009895833333333333 0.03148148148148148
2 0.6611979166666667 0.3263888888888889 0.0203125 0.049074074074074076
2 0.40859375 0.3111111111111111 0.0109375 0.046296296296296294
2 0.3458333333333333 0.5597222222222222 0.022916666666666665 0.06759259259259259
2 0.42578125 0.6865740740740741 0.030729166666666665 0.0824074074074074
2 0.4161458333333333 0.2953703703703704 0.011458333333333333 0.046296296296296294
2 0.7442708333333333 0.5347222222222222 0.029166666666666667 0.06388888888888888
1 0.8059895833333334 0.7398148148148148 0.008854166666666666 0.012962962962962963
2 0.5755208333333334 0.16203703703703703 0.007291666666666667 0.025925925925925925
