2 0.5880208333333333 0.47638888888888886 0.016666666666666666 0.062037037037037036
2 0.0984375 0.5879629629629629 0.026041666666666668 0.07777777777777778
2 0.146875 0.23148148148148148 0.009375 0.046296296296296294
2 0.86015625 0.6393518518518518 0.028645833333333332 0.08981481481481482
2 0.27682291666666664 0.32037037037037036 0.013020833333333334 0.05185185185185185
2 0.49192708333333335 0.4689814814814815 0.021354166666666667 0.06018518518518518
2 0.28125 0.75 0.025 0.09259259259259259
2 0.49635416666666665 0.2712962962962963 0.014583333333333334 0.046296296296296294
2 0.24791666666666667 0.5013888888888889 0.019791666666666666 0.062037037037037036
2 0.6940104166666666 0.18796296296296297 0.0109375 0.03518518518518519
2 0.10625 0.662962962962963 0.027083333333333334 0.07962962962962963
2 0.8861979166666667 0.3648148148148148 0.015104166666666667 0.053703703703703705
2 0.4361979166666667 0.1935185185185185 0.013020833333333334 0.03518518518518519
2 0.48932291666666666 0.3449074074074074 0.011979166666666667 0.05648148148148148
2 0.4080729166666667 0.3490740740740741 0.015104166666666667 0.053703703703703705
2 0.49713541666666666 0.17083333333333334 0.009895833333333333 0.030555555555555555
2 0.6041666666666666 0.27824074074074073 0.016666666666666666 0.04722222222222222
2 0.3328125 0.2810185185185185 0.014583333333333334 0.04722222222222222
2 0.3658854166666667 0.5407407407407407 0.016145833333333335 0.07222222222222222
2 0.41848958333333336 0.6444444444444445 0.0296875 0.07777777777777778
2 0.3497395833333333 0.26666666666666666 0.015104166666666667 0.05
2 0.7486979166666666 0.48703703703703705 0.0265625 0.06481481481481481
1 0.84453125 0.6532407407407408 0.0067708333333333336 0.012037037037037037
2 0.4940104166666667 0.13148148148148148 0.0067708333333333336 0.022222222222222223
