1 0.5901041666666667 0.48148148148148145 0.022916666666666665 0.06481481481481481
1 0.1078125 0.5851851851851851 0.022916666666666665 0.07592592592592592
1 0.16223958333333333 0.23287037037037037 0.009895833333333333 0.04537037037037037
1 0.8734375 0.6523148148148148 0.027083333333333334 0.08981481481481482
1 0.28619791666666666 0.3212962962962963 0.016145833333333335 0.053703703703703705
1 0.49140625 0.4726851851851852 0.027604166666666666 0.062037037037037036
1 0.28958333333333336 0.7421296296296296 0.019791666666666666 0.0824074074074074
1 0.50546875 0.2740740740740741 0.013020833333333334 0.046296296296296294
1 0.2515625 0.49953703703703706 0.028125 0.06018518518518518
1 0.70625 0.19398148148148148 0.0125 0.03425925925925926
1 0.11510416666666666 0.6620370370370371 0.021875 0.08148148148148149
1 0.8950520833333333 0.3726851851851852 0.0171875 0.05277777777777778
1 0.4484375 0.19722222222222222 0.0125 0.037037037037037035
1 0.49713541666666666 0.35185185185185186 0.011979166666666667 0.053703703703703705
1 0.4161458333333333 0.3537037037037037 0.015625 0.053703703703703705
1 0.509375 0.17407407407407408 0.007291666666666667 0.03148148148148148
1 0.6138020833333333 0.2861111111111111 0.011979166666666667 0.044444444444444446
1 0.34375 0.28425925925925927 0.011458333333333333 0.046296296296296294
1 0.36484375 0.5435185185185185 0.027604166666666666 0.07222222222222222
1 0.42239583333333336 0.6486111111111111 0.020833333333333332 0.0787037037037037
1 0.359375 0.26990740740740743 0.014583333333333334 0.049074074074074076
1 0.7510416666666667 0.49444444444444446 0.017708333333333333 0.06296296296296296
0 0.8559895833333333 0.663425925925926 0.0078125 0.012037037037037037
1 0.50546875 0.13472222222222222 0.0067708333333333336 0.023148148148148147
