2 0.60390625 0.4962962962962963 0.025520833333333333 0.06666666666666667
2 0.13151041666666666 0.5787037037037037 0.021354166666666667 0.07962962962962963
2 0.20572916666666666 0.23796296296296296 0.0125 0.044444444444444446
2 0.90390625 0.6828703703703703 0.024479166666666666 0.09351851851851851
2 0.3145833333333333 0.33194444444444443 0.016666666666666666 0.05092592592592592
2 0.4984375 0.48518518518518516 0.025 0.06111111111111111
2 0.3229166666666667 0.7263888888888889 0.030208333333333334 0.08611111111111111
2 0.5330729166666667 0.28935185185185186 0.015104166666666667 0.04351851851851852
2 0.26458333333333334 0.5018518518518519 0.025 0.05740740740740741
2 0.74921875 0.2101851851851852 0.009895833333333333 0.037037037037037035
2 0.14166666666666666 0.6726851851851852 0.026041666666666668 0.08611111111111111
2 0.9247395833333333 0.39675925925925926 0.0140625 0.058333333333333334
2 0.4861979166666667 0.20972222222222223 0.0109375 0.03796296296296296
2 0.51796875 0.37546296296296294 0.0203125 0.05277777777777778
2 0.4434895833333333 0.36574074074074076 0.015104166666666667 0.05185185185185185
2 0.546875 0.18888888888888888 0.007291666666666667 0.03148148148148148
2 0.64140625 0.30277777777777776 0.0140625 0.04814814814814815
2 0.3770833333333333 0.2953703703703704 0.016666666666666666 0.044444444444444446
2 0.36354166666666665 0.5486111111111112 0.029166666666666667 0.07314814814814814
2 0.43463541666666666 0.6601851851851852 0.018229166666666668 0.07962962962962963
2 0.39114583333333336 0.2791666666666667 0.0125 0.049074074074074076
2 0.7572916666666667 0.5148148148148148 0.022916666666666665 0.06666666666666667
1 0.8791666666666667 0.7023148148148148 0.008333333333333333 0.012037037037037037
2 0.5403645833333334 0.14814814814814814 0.0067708333333333336 0.022222222222222223
