2 0.609375 0.4986111111111111 0.023958333333333335 0.06388888888888888
2 0.13671875 0.5777777777777777 0.021354166666666667 0.07222222222222222
2 0.21432291666666667 0.24027777777777778 0.009895833333333333 0.04537037037037037
2 0.909375 0.6949074074074074 0.029166666666666667 0.09351851851851851
2 0.32135416666666666 0.3347222222222222 0.015625 0.049074074074074076
2 0.4947916666666667 0.49027777777777776 0.025 0.062037037037037036
2 0.3307291666666667 0.7199074074074074 0.035416666666666666 0.0787037037037037
2 0.5403645833333334 0.2949074074074074 0.011979166666666667 0.04351851851851852
2 0.26640625 0.5060185185185185 0.018229166666666668 0.058333333333333334
2 0.7580729166666667 0.21712962962962962 0.0140625 0.03611111111111111
2 0.14583333333333334 0.6763888888888889 0.01875 0.08611111111111111
2 0.9286458333333333 0.4023148148148148 0.020833333333333332 0.05648148148148148
2 0.49557291666666664 0.21296296296296297 0.0109375 0.03888888888888889
2 0.5203125 0.3824074074074074 0.019791666666666666 0.053703703703703705
2 0.44895833333333335 0.3699074074074074 0.01875 0.05277777777777778
2 0.55546875 0.1935185185185185 0.0078125 0.03148148148148148
2 0.6466145833333333 0.3087962962962963 0.016145833333333335 0.04722222222222222
2 0.3854166666666667 0.29907407407407405 0.0125 0.046296296296296294
2 0.3611979166666667 0.55 0.027604166666666666 0.07037037037037037
2 0.43411458333333336 0.6671296296296296 0.0203125 0.0787037037037037
2 0.3971354166666667 0.28425925925925927 0.013020833333333334 0.04814814814814815
2 0.7533854166666667 0.5203703703703704 0.030729166666666665 0.06851851851851852
1 0.8705729166666667 0.711574074074074 0.008854166666666666 0.012037037037037037
2 0.5489583333333333 0.15324074074074073 0.007291666666666667 0.021296296296296296
