1 0.7111979166666667 0.425 0.016145833333333335 0.06666666666666667
1 0.1125 0.5439814814814815 0.022916666666666665 0.0787037037037037
1 0.06197916666666667 0.21851851851851853 0.017708333333333333 0.053703703703703705
1 0.7106770833333333 0.6097222222222223 0.019270833333333334 0.07685185185185185
1 0.19401041666666666 0.34444444444444444 0.024479166666666666 0.06666666666666667
1 0.4953125 0.524074074074074 0.025 0.07222222222222222
1 0.3234375 0.8324074074074074 0.03333333333333333 0.1037037037037037
1 0.48880208333333336 0.22870370370370371 0.0140625 0.04814814814814815
1 0.3796875 0.44305555555555554 0.028125 0.058333333333333334
1 0.7158854166666667 0.1375 0.008854166666666666 0.03796296296296296
1 0.20234375 0.5550925925925926 0.022395833333333334 0.0712962962962963
1 0.90625 0.32592592592592595 0.013541666666666667 0.05925925925925926
1 0.384375 0.14953703703703702 0.008333333333333333 0.03981481481481482
1 0.4270833333333333 0.3138888888888889 0.016666666666666666 0.05925925925925926
1 0.4744791666666667 0.3101851851851852 0.014583333333333334 0.05925925925925926
1 0.4588541666666667 0.12824074074074074 0.010416666666666666 0.03425925925925926
1 0.6104166666666667 0.22824074074074074 0.0125 0.04722222222222222
1 0.29375 0.34814814814814815 0.016666666666666666 0.06481481481481481
1 0.43125 0.43194444444444446 0.028125 0.06018518518518518
1 0.39088541666666665 0.6925925925925925 0.030729166666666665 0.07037037037037037
1 0.28411458333333334 0.23981481481481481 0.016145833333333335 0.05
1 0.6859375 0.5879629629629629 0.023958333333333335 0.08703703703703704
1 0.33541666666666664 0.8481481481481481 0.010416666666666666 0.016666666666666666
1 0.45755208333333336 0.08611111111111111 0.0078125 0.020370370370370372
