2 0.6971354166666667 0.42268518518518516 0.0203125 0.06388888888888888
2 0.10104166666666667 0.5731481481481482 0.036458333333333336 0.08888888888888889
2 0.05130208333333333 0.22083333333333333 0.011979166666666667 0.05462962962962963
2 0.6809895833333334 0.6032407407407407 0.027604166666666666 0.08055555555555556
2 0.19375 0.3398148148148148 0.014583333333333334 0.06111111111111111
2 0.5096354166666667 0.5171296296296296 0.0171875 0.0712962962962963
2 0.3359375 0.8523148148148149 0.030208333333333334 0.11203703703703703
2 0.4791666666666667 0.22870370370370371 0.010416666666666666 0.046296296296296294
2 0.39609375 0.45 0.025520833333333333 0.053703703703703705
2 0.6979166666666666 0.13842592592592592 0.008333333333333333 0.03981481481481482
2 0.17526041666666667 0.5773148148148148 0.033854166666666664 0.0787037037037037
2 0.8950520833333333 0.3212962962962963 0.016145833333333335 0.05555555555555555
2 0.37447916666666664 0.15138888888888888 0.010416666666666666 0.03981481481481482
2 0.42213541666666665 0.30972222222222223 0.013020833333333334 0.058333333333333334
2 0.4630208333333333 0.30925925925925923 0.0125 0.05555555555555555
2 0.4510416666666667 0.1310185185185185 0.010416666666666666 0.030555555555555555
2 0.60546875 0.22870370370370371 0.016145833333333335 0.046296296296296294
2 0.2942708333333333 0.3375 0.01875 0.06018518518518518
2 0.4510416666666667 0.44351851851851853 0.03125 0.05740740740740741
2 0.4197916666666667 0.6699074074074074 0.03229166666666667 0.0712962962962963
2 0.2765625 0.23981481481481481 0.011458333333333333 0.05185185185185185
2 0.6747395833333333 0.5726851851851852 0.0203125 0.0787037037037037
1 0.43385416666666665 0.787962962962963 0.011458333333333333 0.016666666666666666
2 0.44427083333333334 0.08842592592592592 0.007291666666666667 0.025
