1 0.6567708333333333 0.45185185185185184 0.0125 0.05925925925925926
1 0.13125 0.611574074074074 0.025 0.07685185185185185
1 0.08046875 0.23333333333333334 0.015104166666666667 0.046296296296296294
1 0.7388020833333333 0.5972222222222222 0.013020833333333334 0.07777777777777778
1 0.24635416666666668 0.31157407407407406 0.015625 0.04722222222222222
1 0.5859375 0.48935185185185187 0.025 0.062037037037037036
1 0.36796875 0.8523148148148149 0.030729166666666665 0.09907407407407408
1 0.48151041666666666 0.24305555555555555 0.0140625 0.04351851851851852
1 0.39791666666666664 0.5222222222222223 0.016666666666666666 0.07037037037037037
1 0.6653645833333334 0.1597222222222222 0.0067708333333333336 0.028703703703703703
1 0.10807291666666667 0.6703703703703704 0.019270833333333334 0.09259259259259259
1 0.8861979166666667 0.32592592592592595 0.016145833333333335 0.05555555555555555
1 0.38984375 0.17962962962962964 0.0109375 0.03518518518518519
1 0.4596354166666667 0.3074074074074074 0.0203125 0.04814814814814815
1 0.4278645833333333 0.32314814814814813 0.011979166666666667 0.05555555555555555
1 0.45598958333333334 0.15 0.008854166666666666 0.03148148148148148
1 0.6174479166666667 0.25462962962962965 0.0140625 0.03888888888888889
1 0.31197916666666664 0.2935185185185185 0.014583333333333334 0.04259259259259259
1 0.46979166666666666 0.5231481481481481 0.023958333333333335 0.07592592592592592
1 0.45260416666666664 0.5782407407407407 0.013541666666666667 0.07314814814814814
1 0.3059895833333333 0.2722222222222222 0.0109375 0.044444444444444446
1 0.7385416666666667 0.5236111111111111 0.020833333333333332 0.06944444444444445
1 0.6984375 0.6277777777777778 0.00625 0.011111111111111112
1 0.45 0.11481481481481481 0.007291666666666667 0.027777777777777776
