1 0.7080729166666667 0.45925925925925926 0.018229166666666668 0.06666666666666667
1 0.13515625 0.5282407407407408 0.0234375 0.06944444444444445
1 0.0578125 0.23055555555555557 0.019791666666666666 0.053703703703703705
1 0.76953125 0.674537037037037 0.027604166666666666 0.075
1 0.15989583333333332 0.3731481481481482 0.017708333333333333 0.06481481481481481
1 0.4075520833333333 0.6111111111111112 0.033854166666666664 0.05925925925925926
1 0.26536458333333335 0.8046296296296296 0.027604166666666666 0.05185185185185185
1 0.4859375 0.24537037037037038 0.009375 0.05
1 0.26510416666666664 0.4375 0.01875 0.06944444444444445
1 0.7356770833333334 0.1527777777777778 0.008854166666666666 0.03888888888888889
1 0.22473958333333333 0.5685185185185185 0.030729166666666665 0.06851851851851852
1 0.8859375 0.3476851851851852 0.026041666666666668 0.06388888888888888
1 0.39010416666666664 0.16574074074074074 0.010416666666666666 0.044444444444444446
1 0.39114583333333336 0.35185185185185186 0.019791666666666666 0.06111111111111111
1 0.47552083333333334 0.33564814814814814 0.014583333333333334 0.062037037037037036
1 0.44635416666666666 0.14907407407407408 0.007291666666666667 0.03333333333333333
1 0.5953125 0.2513888888888889 0.014583333333333334 0.05092592592592592
1 0.24322916666666666 0.37777777777777777 0.023958333333333335 0.06481481481481481
1 0.32265625 0.4027777777777778 0.0140625 0.06481481481481481
1 0.23255208333333333 0.812037037037037 0.0390625 0.09074074074074075
1 0.271875 0.26064814814814813 0.0125 0.05648148148148148
1 0.6817708333333333 0.6046296296296296 0.015625 0.08333333333333333
1 0.3151041666666667 0.8481481481481481 0.009375 0.014814814814814815
1 0.47291666666666665 0.08842592592592592 0.007291666666666667 0.026851851851851852
