2 0.7075520833333333 0.45092592592592595 0.018229166666666668 0.06851851851851852
2 0.12291666666666666 0.5208333333333334 0.023958333333333335 0.06574074074074074
2 0.04895833333333333 0.2263888888888889 0.019791666666666666 0.05277777777777778
2 0.7596354166666667 0.6587962962962963 0.0203125 0.08981481481481482
2 0.15729166666666666 0.36574074074074076 0.021875 0.06851851851851852
2 0.4231770833333333 0.5851851851851851 0.0203125 0.06666666666666667
2 0.26260416666666664 0.8010648148148148 0.022083333333333323 0.09601851851851856
2 0.48411458333333335 0.23981481481481481 0.016145833333333335 0.04814814814814815
2 0.28619791666666666 0.43333333333333335 0.030729166666666665 0.06481481481481481
2 0.7296875 0.1449074074074074 0.007291666666666667 0.03796296296296296
2 0.21328125 0.5574074074074075 0.024479166666666666 0.07037037037037037
2 0.8888020833333333 0.3416666666666667 0.011979166666666667 0.05925925925925926
2 0.3854166666666667 0.1587962962962963 0.010416666666666666 0.04537037037037037
2 0.39479166666666665 0.34120370370370373 0.01875 0.062037037037037036
2 0.4705729166666667 0.3263888888888889 0.011979166666666667 0.062037037037037036
2 0.4453125 0.14027777777777778 0.009375 0.03611111111111111
2 0.596875 0.24212962962962964 0.011458333333333333 0.04722222222222222
2 0.246875 0.3731481481481482 0.017708333333333333 0.06666666666666667
2 0.3385416666666667 0.40694444444444444 0.027083333333333334 0.06388888888888888
2 0.25218229166666667 0.7940833333333334 0.038541666666666696 0.10555555555555556
2 0.2713541666666667 0.25092592592592594 0.016666666666666666 0.05740740740740741
2 0.6783854166666666 0.5990740740740741 0.0234375 0.08333333333333333
1 0.2872395833333333 0.8495370370370371 0.008854166666666666 0.013888888888888888
2 0.46640625 0.08333333333333333 0.0078125 0.02962962962962963
