1 0.6682291666666667 0.43425925925925923 0.014583333333333334 0.06111111111111111
1 0.10807291666666667 0.5976851851851852 0.0265625 0.0787037037037037
1 0.0640625 0.23194444444444445 0.020833333333333332 0.04722222222222222
1 0.6911458333333333 0.5995370370370371 0.022916666666666665 0.0712962962962963
1 0.22135416666666666 0.32037037037037036 0.017708333333333333 0.05185185185185185
1 0.55859375 0.4949074074074074 0.024479166666666666 0.06388888888888888
1 0.3684895833333333 0.8694444444444445 0.0328125 0.10555555555555556
1 0.47239583333333335 0.2375 0.011458333333333333 0.041666666666666664
1 0.4166666666666667 0.49444444444444446 0.022916666666666665 0.06481481481481481
1 0.67109375 0.15092592592592594 0.0078125 0.03333333333333333
1 0.11953125 0.6574074074074074 0.022395833333333334 0.08888888888888889
1 0.8822916666666667 0.32175925925925924 0.013541666666666667 0.05648148148148148
1 0.37552083333333336 0.1685185185185185 0.010416666666666666 0.03888888888888889
1 0.43515625 0.30462962962962964 0.013020833333333334 0.05185185185185185
1 0.43854166666666666 0.3189814814814815 0.016666666666666666 0.058333333333333334
1 0.44921875 0.1425925925925926 0.009895833333333333 0.02962962962962963
1 0.61171875 0.2449074074074074 0.0109375 0.04537037037037037
1 0.30416666666666664 0.3055555555555556 0.015625 0.04814814814814815
1 0.47682291666666665 0.4925925925925926 0.0203125 0.06481481481481481
1 0.44583333333333336 0.5824074074074074 0.016666666666666666 0.05555555555555555
1 0.28359375 0.2638888888888889 0.0171875 0.05185185185185185
1 0.6950520833333333 0.5328703703703703 0.0265625 0.06944444444444445
0 0.6716145833333333 0.6370370370370371 0.0067708333333333336 0.011111111111111112
1 0.4421875 0.10925925925925926 0.007291666666666667 0.022222222222222223
