1 0.6580729166666667 0.44583333333333336 0.011979166666666667 0.06018518518518518
1 0.12864583333333332 0.6097222222222223 0.028125 0.075
1 0.07578125 0.23194444444444445 0.015104166666666667 0.04722222222222222
1 0.7294270833333333 0.5972222222222222 0.0203125 0.07592592592592592
1 0.23958333333333334 0.31342592592592594 0.013541666666666667 0.05092592592592592
1 0.5796875 0.48842592592592593 0.021875 0.062037037037037036
1 0.3692708333333333 0.8574074074074074 0.03125 0.1
1 0.4786458333333333 0.24305555555555555 0.015625 0.041666666666666664
1 0.40260416666666665 0.5189814814814815 0.020833333333333332 0.07685185185185185
1 0.6645833333333333 0.15787037037037038 0.007291666666666667 0.032407407407407406
1 0.10677083333333333 0.6689814814814815 0.01875 0.09537037037037037
1 0.884375 0.325 0.017708333333333333 0.05555555555555555
1 0.38671875 0.17777777777777778 0.0109375 0.037037037037037035
1 0.45260416666666664 0.3050925925925926 0.016666666666666666 0.049074074074074076
1 0.42864583333333334 0.32222222222222224 0.014583333333333334 0.05740740740740741
1 0.453125 0.1486111111111111 0.008333333333333333 0.032407407407407406
1 0.6177083333333333 0.25416666666666665 0.015625 0.03796296296296296
1 0.309375 0.2953703703703704 0.014583333333333334 0.044444444444444446
1 0.46875 0.5162037037037037 0.020833333333333332 0.07314814814814814
1 0.45026041666666666 0.5745370370370371 0.0140625 0.06944444444444445
1 0.30026041666666664 0.2712962962962963 0.011979166666666667 0.046296296296296294
1 0.7299479166666667 0.524074074074074 0.022395833333333334 0.07037037037037037
0 0.6908854166666667 0.6291666666666667 0.0067708333333333336 0.012037037037037037
1 0.4471354166666667 0.11296296296296296 0.0078125 0.027777777777777776
