1 0.5174479166666667 0.5226851851851851 0.0140625 0.07685185185185185
1 0.11666666666666667 0.5828703703703704 0.01875 0.0824074074074074
1 0.459375 0.6060185185185185 0.023958333333333335 0.07314814814814814
1 0.2513020833333333 0.5569444444444445 0.019270833333333334 0.0824074074074074
1 0.8591145833333333 0.7902777777777777 0.0265625 0.09907407407407408
1 0.9096354166666667 0.47453703703703703 0.0140625 0.07314814814814814
1 0.453125 0.6476851851851851 0.01875 0.08611111111111111
1 0.28229166666666666 0.4078703703703704 0.013541666666666667 0.06574074074074074
1 0.6778645833333333 0.21481481481481482 0.0109375 0.044444444444444446
1 0.61328125 0.4046296296296296 0.0109375 0.07037037037037037
1 0.15729166666666666 0.37222222222222223 0.015625 0.06296296296296296
1 0.11770833333333333 0.4532407407407407 0.014583333333333334 0.07314814814814814
1 0.83515625 0.3111111111111111 0.0140625 0.05555555555555555
1 0.21588541666666666 0.2777777777777778 0.0109375 0.053703703703703705
1 0.5302083333333333 0.3282407407407407 0.021875 0.05092592592592592
1 0.4127604166666667 0.32916666666666666 0.008854166666666666 0.05648148148148148
1 0.27291666666666664 0.6546296296296297 0.021875 0.09074074074074075
1 0.47161458333333334 0.2300925925925926 0.011979166666666667 0.04351851851851852
1 0.3723958333333333 0.28194444444444444 0.0125 0.05462962962962963
1 0.2520833333333333 0.18703703703703703 0.010416666666666666 0.04259259259259259
1 0.46458333333333335 0.5180555555555556 0.025 0.06759259259259259
1 0.4588541666666667 0.4027777777777778 0.017708333333333333 0.06296296296296296
1 0.5296875 0.42824074074074076 0.00625 0.010185185185185186
