1 0.5075520833333333 0.5199074074074074 0.0140625 0.07685185185185185
1 0.1203125 0.575925925925926 0.017708333333333333 0.09074074074074075
1 0.48515625 0.5967592592592592 0.021354166666666667 0.07685185185185185
1 0.2786458333333333 0.5509259259259259 0.0125 0.07962962962962963
1 0.8713541666666667 0.7888888888888889 0.026041666666666668 0.10185185185185185
1 0.9106770833333333 0.4689814814814815 0.018229166666666668 0.07314814814814814
1 0.4669270833333333 0.6319444444444444 0.019270833333333334 0.08796296296296297
1 0.2908854166666667 0.4027777777777778 0.013020833333333334 0.06666666666666667
1 0.6924479166666667 0.21157407407407408 0.0109375 0.04722222222222222
1 0.6265625 0.40046296296296297 0.009375 0.07314814814814814
1 0.16770833333333332 0.36712962962962964 0.016666666666666666 0.06388888888888888
1 0.11484375 0.4587962962962963 0.015104166666666667 0.075
1 0.8466145833333333 0.30833333333333335 0.0140625 0.05555555555555555
1 0.22552083333333334 0.27361111111111114 0.013541666666666667 0.05277777777777778
1 0.5513020833333333 0.3226851851851852 0.0109375 0.05648148148148148
1 0.42239583333333336 0.32407407407407407 0.009375 0.05925925925925926
1 0.26145833333333335 0.6722222222222223 0.01875 0.09074074074074075
1 0.49244791666666665 0.21944444444444444 0.013020833333333334 0.046296296296296294
1 0.38359375 0.2777777777777778 0.011979166666666667 0.053703703703703705
1 0.2557291666666667 0.18333333333333332 0.011458333333333333 0.04259259259259259
1 0.4471354166666667 0.5208333333333334 0.016145833333333335 0.0787037037037037
1 0.4734375 0.4 0.013541666666666667 0.06851851851851852
1 0.48203125 0.42962962962962964 0.005729166666666666 0.011111111111111112
