1 0.4109375 0.49444444444444446 0.015625 0.06296296296296296
1 0.3424479166666667 0.487962962962963 0.011979166666666667 0.06111111111111111
1 0.32526041666666666 0.549074074074074 0.011979166666666667 0.06296296296296296
1 0.4640625 0.4425925925925926 0.017708333333333333 0.05555555555555555
1 0.6669270833333333 0.7129629629629629 0.018229166666666668 0.08333333333333333
1 0.9010416666666666 0.48194444444444445 0.013541666666666667 0.05648148148148148
1 0.4479166666666667 0.5037037037037037 0.014583333333333334 0.05925925925925926
1 0.5299479166666666 0.3449074074074074 0.0109375 0.04537037037037037
1 0.7520833333333333 0.32546296296296295 0.009375 0.04351851851851852
1 0.6877604166666667 0.3680555555555556 0.0078125 0.04537037037037037
1 0.46822916666666664 0.3648148148148148 0.0125 0.04814814814814815
1 0.44635416666666666 0.40879629629629627 0.013541666666666667 0.05648148148148148
1 0.9453125 0.3861111111111111 0.013541666666666667 0.04814814814814815
1 0.56484375 0.30925925925925923 0.013020833333333334 0.04259259259259259
1 0.6723958333333333 0.34074074074074073 0.009375 0.04259259259259259
1 0.6419270833333334 0.3509259259259259 0.013020833333333334 0.046296296296296294
1 0.57734375 0.4217592592592593 0.0171875 0.05277777777777778
1 0.6109375 0.3023148148148148 0.010416666666666666 0.03796296296296296
1 0.65078125 0.3314814814814815 0.008854166666666666 0.04259259259259259
1 0.5670026041666667 0.28847685185185185 0.009463541666666705 0.042249999999999996
1 0.740625 0.39305555555555555 0.011458333333333333 0.049074074074074076
1 0.48151041666666666 0.36574074074074076 0.009895833333333333 0.04814814814814815
1 0.16927083333333334 0.4078703703703704 0.0125 0.05277777777777778
1 0.7815104166666667 0.37453703703703706 0.005729166666666666 0.008333333333333333
