1 0.390625 0.4759259259259259 0.020833333333333332 0.07222222222222222
1 0.12109375 0.46944444444444444 0.0203125 0.08333333333333333
1 0.20546875 0.48518518518518516 0.015104166666666667 0.07777777777777778
1 0.3458333333333333 0.4310185185185185 0.015625 0.0712962962962963
1 0.74921875 0.7870370370370371 0.018229166666666668 0.10185185185185185
1 0.8997395833333334 0.43657407407407406 0.0171875 0.07314814814814814
1 0.3684895833333333 0.5162037037037037 0.019270833333333334 0.07685185185185185
1 0.3059895833333333 0.33240740740740743 0.011979166666666667 0.06481481481481481
1 0.6052083333333333 0.1875 0.014583333333333334 0.041666666666666664
1 0.5984375 0.30833333333333335 0.0125 0.06296296296296296
1 0.20390625 0.29583333333333334 0.011979166666666667 0.05648148148148148
1 0.2 0.3587962962962963 0.01875 0.06574074074074074
1 0.8143229166666667 0.24814814814814815 0.013020833333333334 0.053703703703703705
1 0.225 0.22037037037037038 0.01875 0.044444444444444446
1 0.37552083333333336 0.2712962962962963 0.009375 0.03888888888888889
1 0.3815104166666667 0.2865740740740741 0.0109375 0.05462962962962963
1 0.2791666666666667 0.5212962962962963 0.01875 0.07777777777777778
1 0.3028645833333333 0.2 0.009895833333333333 0.046296296296296294
1 0.4140625 0.2125 0.017708333333333333 0.04537037037037037
1 0.25885416666666666 0.1550925925925926 0.011458333333333333 0.041666666666666664
1 0.5828125 0.3101851851851852 0.017708333333333333 0.05740740740740741
1 0.22942708333333334 0.37777777777777777 0.016145833333333335 0.06851851851851852
1 0.6002604166666666 0.22314814814814815 0.0046875 0.009259259259259259
