1 0.3671875 0.44722222222222224 0.016666666666666666 0.06666666666666667
1 0.15651041666666668 0.7898148148148149 0.0234375 0.09814814814814815
1 0.26666666666666666 0.524537037037037 0.023958333333333335 0.07314814814814814
1 0.53359375 0.6662037037037037 0.0234375 0.08796296296296297
1 0.8833333333333333 0.7023148148148148 0.021875 0.09166666666666666
1 0.8671875 0.4439814814814815 0.015625 0.07314814814814814
1 0.7875 0.7680555555555556 0.029166666666666667 0.11388888888888889
1 0.3143229166666667 0.3143518518518518 0.018229166666666668 0.05648148148148148
1 0.7893229166666667 0.2361111111111111 0.008854166666666666 0.05
1 0.5388020833333333 0.3449074074074074 0.021354166666666667 0.06388888888888888
1 0.1625 0.2569444444444444 0.009375 0.049074074074074076
1 0.021875 0.3875 0.014583333333333334 0.06388888888888888
1 0.8247395833333333 0.3125 0.0140625 0.05462962962962963
1 0.30546875 0.18703703703703703 0.0078125 0.03888888888888889
1 0.32708333333333334 0.2601851851851852 0.013541666666666667 0.046296296296296294
1 0.6106770833333334 0.2175925925925926 0.008854166666666666 0.044444444444444446
1 0.53828125 0.29444444444444445 0.0140625 0.05555555555555555
1 0.5083333333333333 0.21712962962962962 0.010416666666666666 0.04722222222222222
1 0.7526041666666666 0.21898148148148147 0.011458333333333333 0.04537037037037037
1 0.26588541666666665 0.13425925925925927 0.011979166666666667 0.03888888888888889
1 0.734375 0.3023148148148148 0.0125 0.05648148148148148
1 0.0828125 0.3476851851851852 0.016666666666666666 0.062037037037037036
1 0.0078125 0.30185185185185187 0.013541666666666667 0.05740740740740741
1 0.010322916666666666 0.2884907407407407 0.004510416666666666 0.008333333333333333
