1 0.4088541666666667 0.4550925925925926 0.014583333333333334 0.06574074074074074
1 0.36953125 0.45740740740740743 0.0171875 0.06481481481481481
1 0.246875 0.6300925925925925 0.016666666666666666 0.08055555555555556
1 0.4822916666666667 0.42268518518518516 0.0125 0.058333333333333334
1 0.6411458333333333 0.7592592592592593 0.023958333333333335 0.09814814814814815
1 0.8901041666666667 0.4666666666666667 0.013541666666666667 0.07037037037037037
1 0.49765625 0.49953703703703706 0.015104166666666667 0.06574074074074074
1 0.5385416666666667 0.31203703703703706 0.013541666666666667 0.05185185185185185
1 0.7236979166666667 0.2337962962962963 0.008854166666666666 0.03981481481481482
1 0.62734375 0.3287037037037037 0.0109375 0.05740740740740741
1 0.484375 0.30416666666666664 0.0125 0.05092592592592592
1 0.4421875 0.36018518518518516 0.011458333333333333 0.05925925925925926
1 0.8578125 0.29953703703703705 0.017708333333333333 0.04537037037037037
1 0.528125 0.24722222222222223 0.008333333333333333 0.040740740740740744
1 0.56484375 0.2777777777777778 0.008854166666666666 0.046296296296296294
1 0.6046875 0.29074074074074074 0.0125 0.05
1 0.553125 0.36712962962962964 0.013541666666666667 0.062037037037037036
1 0.5908854166666667 0.2212962962962963 0.0109375 0.044444444444444446
1 0.6354166666666666 0.2537037037037037 0.009375 0.046296296296296294
1 0.5674479166666667 0.2037037037037037 0.013020833333333334 0.03888888888888889
1 0.7075520833333333 0.33194444444444443 0.013020833333333334 0.05277777777777778
1 0.4671875 0.3148148148148148 0.010416666666666666 0.05185185185185185
1 0.12057291666666667 0.34305555555555556 0.0140625 0.05648148148148148
1 0.8453125 0.32407407407407407 0.005208333333333333 0.009259259259259259
