1 0.3416666666666667 0.43796296296296294 0.0125 0.06851851851851852
1 0.16822916666666668 0.44722222222222224 0.019791666666666666 0.06666666666666667
1 0.12421875 0.5143518518518518 0.015104166666666667 0.06944444444444445
1 0.3265625 0.3976851851851852 0.0125 0.05648148148148148
1 0.7651041666666667 0.8333333333333334 0.036458333333333336 0.10555555555555556
1 0.9372395833333333 0.44305555555555554 0.0203125 0.07314814814814814
1 0.31875 0.5111111111111111 0.025 0.07222222222222222
1 0.3098958333333333 0.2916666666666667 0.016666666666666666 0.05740740740740741
1 0.62265625 0.18287037037037038 0.011979166666666667 0.04537037037037037
1 0.6247395833333333 0.28425925925925927 0.0203125 0.05740740740740741
1 0.26015625 0.2773148148148148 0.013020833333333334 0.05277777777777778
1 0.25703125 0.33287037037037037 0.0140625 0.058333333333333334
1 0.85546875 0.23333333333333334 0.015104166666666667 0.04814814814814815
1 0.2796875 0.21157407407407408 0.0125 0.03981481481481482
1 0.3575520833333333 0.24212962962962964 0.009895833333333333 0.04537037037037037
1 0.45651041666666664 0.2564814814814815 0.0140625 0.04814814814814815
1 0.30885416666666665 0.4064814814814815 0.013541666666666667 0.06851851851851852
1 0.3026041666666667 0.1875 0.013541666666666667 0.04537037037037037
1 0.5776041666666667 0.2111111111111111 0.013541666666666667 0.05
1 0.29192708333333334 0.15324074074074073 0.009895833333333333 0.03981481481481482
1 0.7057291666666666 0.25555555555555554 0.015625 0.046296296296296294
1 0.22604166666666667 0.3421296296296296 0.011458333333333333 0.058333333333333334
1 0.8518072916666667 0.2528055555555555 0.004520833333333248 0.007814814814814813
