1 0.2640625 0.37407407407407406 0.0125 0.053703703703703705
1 0.0578125 0.48564814814814816 0.013541666666666667 0.06759259259259259
1 0.20963541666666666 0.44583333333333336 0.011979166666666667 0.062037037037037036
1 0.36223958333333334 0.47129629629629627 0.0171875 0.06296296296296296
1 0.5526041666666667 0.6773148148148148 0.026041666666666668 0.08055555555555556
1 0.8794270833333333 0.5143518518518518 0.011979166666666667 0.06944444444444445
1 0.37005208333333334 0.6736111111111112 0.016145833333333335 0.075
1 0.27005208333333336 0.3189814814814815 0.016145833333333335 0.05277777777777778
1 0.6645833333333333 0.28055555555555556 0.014583333333333334 0.044444444444444446
1 0.51328125 0.33240740740740743 0.019270833333333334 0.05555555555555555
1 0.17395833333333333 0.275 0.014583333333333334 0.046296296296296294
1 0.11119791666666666 0.3236111111111111 0.015104166666666667 0.05092592592592592
1 0.8953125 0.3837962962962963 0.010416666666666666 0.058333333333333334
1 0.22473958333333333 0.24953703703703703 0.0171875 0.03981481481481482
1 0.32447916666666665 0.24768518518518517 0.009375 0.03981481481481482
1 0.5046875 0.26990740740740743 0.011458333333333333 0.03981481481481482
1 0.3567708333333333 0.3421296296296296 0.016666666666666666 0.05277777777777778
1 0.4205729166666667 0.2462962962962963 0.008854166666666666 0.040740740740740744
1 0.5822916666666667 0.2791666666666667 0.015625 0.04537037037037037
1 0.3958333333333333 0.1486111111111111 0.009375 0.032407407407407406
1 0.82109375 0.3787037037037037 0.0109375 0.05925925925925926
1 0.20651041666666667 0.31805555555555554 0.013020833333333334 0.05277777777777778
