1 0.3880208333333333 0.37222222222222223 0.013541666666666667 0.06296296296296296
1 0.15989583333333332 0.6671296296296296 0.021875 0.09722222222222222
1 0.30052083333333335 0.46805555555555556 0.021875 0.0712962962962963
1 0.5309895833333333 0.5916666666666667 0.022395833333333334 0.08333333333333333
1 0.8830729166666667 0.6861111111111111 0.021354166666666667 0.09259259259259259
1 0.9265625 0.44166666666666665 0.015625 0.07222222222222222
1 0.76328125 0.8134259259259259 0.021354166666666667 0.10277777777777777
1 0.35546875 0.27314814814814814 0.016145833333333335 0.05555555555555555
1 0.8390625 0.2300925925925926 0.007291666666666667 0.049074074074074076
1 0.5708333333333333 0.30092592592592593 0.021875 0.06111111111111111
1 0.19140625 0.21342592592592594 0.013020833333333334 0.049074074074074076
1 0.07786458333333333 0.3300925925925926 0.016145833333333335 0.06018518518518518
1 0.9109375 0.31574074074074077 0.0125 0.05740740740740741
1 0.34010416666666665 0.16018518518518518 0.009375 0.040740740740740744
1 0.3958333333333333 0.22083333333333333 0.008333333333333333 0.04722222222222222
1 0.646875 0.175 0.009375 0.04259259259259259
1 0.5747395833333333 0.2625 0.011979166666666667 0.03425925925925926
1 0.5497395833333333 0.19907407407407407 0.0109375 0.044444444444444446
1 0.7890625 0.20879629629629629 0.010416666666666666 0.049074074074074076
1 0.34817708333333336 0.1037037037037037 0.008854166666666666 0.037037037037037035
1 0.79921875 0.3101851851851852 0.011979166666666667 0.05925925925925926
1 0.13802083333333334 0.31296296296296294 0.010416666666666666 0.05740740740740741
1 0.13411458333333334 0.26064814814814813 0.015104166666666667 0.05277777777777778
