1 0.3346354166666667 0.4675925925925926 0.019270833333333334 0.08148148148148149
1 0.12213541666666666 0.5578703703703703 0.019270833333333334 0.09537037037037037
1 0.1265625 0.687962962962963 0.022916666666666665 0.09444444444444444
1 0.3546875 0.38935185185185184 0.014583333333333334 0.075
1 0.8330729166666667 0.887962962962963 0.04010416666666667 0.10925925925925926
1 0.85546875 0.3435185185185185 0.021354166666666667 0.06851851851851852
1 0.40208333333333335 0.5208333333333334 0.022916666666666665 0.08611111111111111
1 0.3260416666666667 0.275 0.015625 0.06666666666666667
1 0.5875 0.09351851851851851 0.010416666666666666 0.040740740740740744
1 0.6333333333333333 0.2898148148148148 0.017708333333333333 0.06296296296296296
1 0.27109375 0.2310185185185185 0.013020833333333334 0.058333333333333334
1 0.20989583333333334 0.32731481481481484 0.014583333333333334 0.06759259259259259
1 0.7869791666666667 0.1875 0.014583333333333334 0.049074074074074076
1 0.30442708333333335 0.1527777777777778 0.008854166666666666 0.05
1 0.39166666666666666 0.1712962962962963 0.008333333333333333 0.05
1 0.44427083333333334 0.1986111111111111 0.010416666666666666 0.05277777777777778
1 0.39609375 0.40925925925925927 0.0203125 0.07592592592592592
1 0.3734375 0.09907407407407408 0.010416666666666666 0.04259259259259259
1 0.47890625 0.14537037037037037 0.009895833333333333 0.04814814814814815
1 0.33880208333333334 0.07962962962962963 0.011979166666666667 0.040740740740740744
1 0.6755208333333333 0.27037037037037037 0.014583333333333334 0.05925925925925926
1 0.24427083333333333 0.33101851851851855 0.015625 0.06759259259259259
1 0.7838541666666666 0.22592592592592592 0.005208333333333333 0.009259259259259259
