1 0.3723958333333333 0.37175925925925923 0.019791666666666666 0.06759259259259259
1 0.22161458333333334 0.3611111111111111 0.0265625 0.06666666666666667
1 0.190625 0.40555555555555556 0.022916666666666665 0.06111111111111111
1 0.42682291666666666 0.2777777777777778 0.0109375 0.05185185185185185
1 0.6609375 0.7972222222222223 0.023958333333333335 0.10925925925925926
1 0.8044270833333333 0.35324074074074074 0.019270833333333334 0.06759259259259259
1 0.35859375 0.4064814814814815 0.015104166666666667 0.06851851851851852
1 0.43359375 0.21666666666666667 0.016145833333333335 0.05
1 0.7153645833333333 0.15462962962962962 0.011979166666666667 0.040740740740740744
1 0.55703125 0.24583333333333332 0.0171875 0.058333333333333334
1 0.35 0.18888888888888888 0.017708333333333333 0.046296296296296294
1 0.31015625 0.24074074074074073 0.0171875 0.06296296296296296
1 0.67578125 0.21435185185185185 0.008854166666666666 0.049074074074074076
1 0.40572916666666664 0.16805555555555557 0.0125 0.03981481481481482
1 0.4484375 0.1787037037037037 0.016666666666666666 0.04259259259259259
1 0.53203125 0.19074074074074074 0.0109375 0.04814814814814815
1 0.42994791666666665 0.3263888888888889 0.016145833333333335 0.06574074074074074
1 0.45755208333333336 0.13472222222222222 0.011979166666666667 0.04351851851851852
1 0.51484375 0.15555555555555556 0.011979166666666667 0.046296296296296294
1 0.41494010416666666 0.11675925925925926 0.013036458333333379 0.023148148148148147
1 0.66328125 0.20972222222222223 0.0140625 0.04722222222222222
1 0.28984375 0.2013888888888889 0.0171875 0.04722222222222222
1 0.03828125 0.2337962962962963 0.0140625 0.05648148148148148
1 0.37734375 0.1675925925925926 0.005729166666666666 0.009259259259259259
