1 0.36171875 0.4476851851851852 0.0140625 0.06759259259259259
1 0.30078125 0.475462962962963 0.021354166666666667 0.06944444444444445
1 0.1734375 0.6875 0.016666666666666666 0.08796296296296297
1 0.4171875 0.43148148148148147 0.013541666666666667 0.06851851851851852
1 0.60625 0.7759259259259259 0.025 0.10555555555555556
1 0.8302083333333333 0.4398148148148148 0.019791666666666666 0.06666666666666667
1 0.4549479166666667 0.5120370370370371 0.016145833333333335 0.07777777777777778
1 0.48828125 0.30462962962962964 0.013020833333333334 0.05185185185185185
1 0.65546875 0.19722222222222222 0.008854166666666666 0.040740740740740744
1 0.5768229166666666 0.31157407407407406 0.011979166666666667 0.062037037037037036
1 0.4161458333333333 0.2898148148148148 0.0125 0.05185185185185185
1 0.3723958333333333 0.35185185185185186 0.013541666666666667 0.05740740740740741
1 0.8036458333333333 0.27685185185185185 0.016666666666666666 0.044444444444444446
1 0.4671875 0.22268518518518518 0.010416666666666666 0.04351851851851852
1 0.49557291666666664 0.25416666666666665 0.0109375 0.04722222222222222
1 0.5268229166666667 0.26944444444444443 0.011979166666666667 0.05185185185185185
1 0.48802083333333335 0.35555555555555557 0.013541666666666667 0.05925925925925926
1 0.5255208333333333 0.19166666666666668 0.010416666666666666 0.044444444444444446
1 0.5606770833333333 0.22546296296296298 0.009895833333333333 0.04722222222222222
1 0.5091145833333334 0.16898148148148148 0.011979166666666667 0.03796296296296296
1 0.6528645833333333 0.3106481481481482 0.0109375 0.05462962962962963
1 0.4002604166666667 0.3050925925925926 0.0109375 0.05648148148148148
1 0.04583333333333333 0.3282407407407407 0.014583333333333334 0.06018518518518518
1 0.7953125 0.3976851851851852 0.005208333333333333 0.010185185185185186
