1 0.3299479166666667 0.4449074074074074 0.016145833333333335 0.06759259259259259
1 0.12890625 0.4287037037037037 0.022395833333333334 0.06111111111111111
1 0.1484375 0.4671296296296296 0.0125 0.06944444444444445
1 0.31692708333333336 0.38333333333333336 0.011979166666666667 0.06481481481481481
1 0.71875 0.8041666666666667 0.03229166666666667 0.10092592592592593
1 0.8971354166666666 0.4337962962962963 0.022395833333333334 0.06944444444444445
1 0.2877604166666667 0.49722222222222223 0.018229166666666668 0.06666666666666667
1 0.30911458333333336 0.27870370370370373 0.0109375 0.05185185185185185
1 0.6190104166666667 0.1935185185185185 0.016145833333333335 0.04814814814814815
1 0.5786458333333333 0.2861111111111111 0.020833333333333332 0.046296296296296294
1 0.21380208333333334 0.27546296296296297 0.016145833333333335 0.04351851851851852
1 0.20963541666666666 0.324537037037037 0.011979166666666667 0.05277777777777778
1 0.8348958333333333 0.2337962962962963 0.011458333333333333 0.04722222222222222
1 0.2671875 0.2074074074074074 0.008333333333333333 0.04259259259259259
1 0.3372395833333333 0.24861111111111112 0.013020833333333334 0.049074074074074076
1 0.40338541666666666 0.25972222222222224 0.0171875 0.04351851851851852
1 0.2911458333333333 0.4356481481481482 0.016666666666666666 0.0712962962962963
1 0.2947916666666667 0.18888888888888888 0.014583333333333334 0.04259259259259259
1 0.5471354166666667 0.20416666666666666 0.008854166666666666 0.04351851851851852
1 0.26979166666666665 0.1550925925925926 0.009375 0.04351851851851852
1 0.6177083333333333 0.2722222222222222 0.017708333333333333 0.044444444444444446
1 0.20130208333333333 0.3398148148148148 0.0140625 0.05555555555555555
1 0.7049479166666667 0.23148148148148148 0.005729166666666666 0.009259259259259259
