1 0.37395833333333334 0.425 0.014583333333333334 0.06481481481481481
1 0.14635416666666667 0.7648148148148148 0.03125 0.09259259259259259
1 0.2877604166666667 0.5055555555555555 0.022395833333333334 0.07407407407407407
1 0.5369791666666667 0.6527777777777778 0.017708333333333333 0.08703703703703704
1 0.8942708333333333 0.7018518518518518 0.019791666666666666 0.09074074074074075
1 0.8921875 0.4444444444444444 0.020833333333333332 0.07037037037037037
1 0.7979166666666667 0.775 0.023958333333333335 0.11296296296296296
1 0.33229166666666665 0.300462962962963 0.014583333333333334 0.06018518518518518
1 0.8143229166666667 0.23194444444444445 0.008854166666666666 0.049074074074074076
1 0.5518229166666667 0.33194444444444443 0.0140625 0.06018518518518518
1 0.17526041666666667 0.23981481481481481 0.0140625 0.04814814814814815
1 0.04453125 0.3712962962962963 0.011979166666666667 0.05925925925925926
1 0.8473958333333333 0.3101851851851852 0.014583333333333334 0.05555555555555555
1 0.3265625 0.17407407407407408 0.013541666666666667 0.03888888888888889
1 0.34765625 0.24675925925925926 0.0140625 0.04722222222222222
1 0.6348958333333333 0.20277777777777778 0.009375 0.044444444444444446
1 0.5604166666666667 0.2875 0.0125 0.05462962962962963
1 0.5294270833333333 0.2125 0.011979166666666667 0.04537037037037037
1 0.7736979166666667 0.20972222222222223 0.0140625 0.04537037037037037
1 0.28880208333333335 0.12361111111111112 0.008854166666666666 0.03611111111111111
1 0.7598958333333333 0.30416666666666664 0.013541666666666667 0.05648148148148148
1 0.1109375 0.33240740740740743 0.014583333333333334 0.05925925925925926
1 0.051041666666666666 0.2884259259259259 0.0125 0.05462962962962963
