1 0.3640625 0.45046296296296295 0.013541666666666667 0.0712962962962963
1 0.29401041666666666 0.4810185185185185 0.024479166666666666 0.0712962962962963
1 0.17005208333333333 0.7046296296296296 0.019270833333333334 0.08333333333333333
1 0.41692708333333334 0.4324074074074074 0.011979166666666667 0.07037037037037037
1 0.61171875 0.7787037037037037 0.0234375 0.10185185185185185
1 0.82890625 0.4388888888888889 0.016145833333333335 0.06666666666666667
1 0.45755208333333336 0.5175925925925926 0.0140625 0.06851851851851852
1 0.4908854166666667 0.3106481481481482 0.015104166666666667 0.05092592592592592
1 0.6552083333333333 0.19675925925925927 0.008333333333333333 0.03981481481481482
1 0.5802083333333333 0.31296296296296294 0.011458333333333333 0.05925925925925926
1 0.41354166666666664 0.2902777777777778 0.011458333333333333 0.05462962962962963
1 0.3697916666666667 0.3574074074074074 0.014583333333333334 0.05925925925925926
1 0.8125 0.2777777777777778 0.010416666666666666 0.04259259259259259
1 0.4666666666666667 0.2263888888888889 0.009375 0.04351851851851852
1 0.49557291666666664 0.2564814814814815 0.009895833333333333 0.05
1 0.5229166666666667 0.27037037037037037 0.0125 0.05
1 0.48723958333333334 0.36064814814814816 0.0140625 0.06388888888888888
1 0.5247395833333334 0.19166666666666668 0.0109375 0.044444444444444446
1 0.5580729166666667 0.2263888888888889 0.008854166666666666 0.04722222222222222
1 0.51171875 0.16666666666666666 0.008854166666666666 0.03888888888888889
1 0.6528645833333333 0.3125 0.0109375 0.05277777777777778
1 0.3984375 0.3055555555555556 0.011458333333333333 0.05555555555555555
1 0.04479166666666667 0.3287037037037037 0.016666666666666666 0.06111111111111111
1 0.8005208333333333 0.42592592592592593 0.005208333333333333 0.009259259259259259
