1 0.41067708333333336 0.4217592592592593 0.013020833333333334 0.06388888888888888
1 0.24583333333333332 0.4074074074074074 0.013541666666666667 0.06111111111111111
1 0.28463541666666664 0.425 0.013020833333333334 0.05925925925925926
1 0.40598958333333335 0.3625 0.009895833333333333 0.05277777777777778
1 0.7546875 0.6847222222222222 0.019791666666666666 0.09166666666666666
1 0.9322916666666666 0.4115740740740741 0.020833333333333332 0.058333333333333334
1 0.3703125 0.4375 0.013541666666666667 0.06018518518518518
1 0.4895833333333333 0.2652777777777778 0.0125 0.041666666666666664
1 0.6848958333333334 0.2601851851851852 0.011458333333333333 0.040740740740740744
1 0.6815104166666667 0.324537037037037 0.0140625 0.05277777777777778
1 0.39557291666666666 0.2847222222222222 0.011979166666666667 0.04722222222222222
1 0.34739583333333335 0.33287037037037037 0.011458333333333333 0.05277777777777778
1 0.8580729166666666 0.34120370370370373 0.0140625 0.05092592592592592
1 0.5199635416666666 0.23918518518518517 0.008677083333333316 0.029314814814814787
1 0.5872395833333334 0.2625 0.008854166666666666 0.03981481481481482
1 0.5630208333333333 0.2902777777777778 0.008333333333333333 0.04537037037037037
1 0.5200520833333333 0.3861111111111111 0.013020833333333334 0.06111111111111111
1 0.5442708333333334 0.23055555555555557 0.010416666666666666 0.03888888888888889
1 0.5184635416666666 0.25217592592592597 0.012239583333333333 0.0363888888888889
1 0.49296875 0.22037037037037038 0.008854166666666666 0.03888888888888889
1 0.8395833333333333 0.35185185185185186 0.015625 0.05185185185185185
1 0.33880208333333334 0.2962962962962963 0.0109375 0.046296296296296294
1 0.12057291666666667 0.3439814814814815 0.0109375 0.05277777777777778
1 0.542640625 0.24903703703703708 0.0028437499999999006 0.004703703703703689
