1 0.27421875 0.4041666666666667 0.016145833333333335 0.06018518518518518
1 0.19791666666666666 0.41712962962962963 0.021875 0.058333333333333334
1 0.12682291666666667 0.5796296296296296 0.022395833333333334 0.07407407407407407
1 0.38619791666666664 0.4185185185185185 0.0171875 0.06111111111111111
1 0.5856770833333333 0.7083333333333334 0.024479166666666666 0.09444444444444444
1 0.8015625 0.5120370370370371 0.01875 0.06851851851851852
1 0.384375 0.5296296296296297 0.023958333333333335 0.07222222222222222
1 0.39895833333333336 0.3439814814814815 0.017708333333333333 0.05648148148148148
1 0.659375 0.26851851851851855 0.008333333333333333 0.046296296296296294
1 0.546875 0.35694444444444445 0.014583333333333334 0.05648148148148148
1 0.2625 0.3111111111111111 0.016666666666666666 0.05185185185185185
1 0.20338541666666668 0.32546296296296295 0.022395833333333334 0.04537037037037037
1 0.8981770833333333 0.4041666666666667 0.0140625 0.06018518518518518
1 0.18723958333333332 0.31574074074074077 0.013020833333333334 0.04259259259259259
1 0.24765625 0.26435185185185184 0.009895833333333333 0.041666666666666664
1 0.49453125 0.3175925925925926 0.016145833333333335 0.053703703703703705
1 0.42213541666666665 0.39814814814814814 0.0234375 0.06111111111111111
1 0.3765625 0.24861111111111112 0.013541666666666667 0.04722222222222222
1 0.4515625 0.2759259259259259 0.0125 0.04814814814814815
1 0.42890625 0.1675925925925926 0.0078125 0.03148148148148148
1 0.8671875 0.4222222222222222 0.016666666666666666 0.06666666666666667
1 0.13255208333333332 0.3421296296296296 0.019270833333333334 0.04722222222222222
1 0.12161458333333333 0.3347222222222222 0.015104166666666667 0.05092592592592592
1 0.10755208333333334 0.35138888888888886 0.005729166666666666 0.010185185185185186
