1 0.40130208333333334 0.47638888888888886 0.0203125 0.07685185185185185
1 0.11770833333333333 0.48148148148148145 0.020833333333333332 0.08148148148148149
1 0.21354166666666666 0.49074074074074076 0.01875 0.07037037037037037
1 0.35104166666666664 0.43703703703703706 0.014583333333333334 0.06851851851851852
1 0.75703125 0.7907407407407407 0.033854166666666664 0.10185185185185185
1 0.9049479166666666 0.4375 0.013020833333333334 0.07314814814814814
1 0.3802083333333333 0.5180555555555556 0.020833333333333332 0.075
1 0.30572916666666666 0.34074074074074073 0.016666666666666666 0.06481481481481481
1 0.6111979166666667 0.18611111111111112 0.013020833333333334 0.04259259259259259
1 0.6052083333333333 0.3125 0.015625 0.058333333333333334
1 0.20286458333333332 0.30092592592592593 0.013020833333333334 0.05925925925925926
1 0.20364583333333333 0.3648148148148148 0.025 0.06111111111111111
1 0.8151041666666666 0.2523148148148148 0.013541666666666667 0.05462962962962963
1 0.21927083333333333 0.22453703703703703 0.0125 0.04351851851851852
1 0.38359375 0.2875 0.013020833333333334 0.058333333333333334
1 0.3841145833333333 0.28703703703703703 0.013020833333333334 0.05740740740740741
1 0.28072916666666664 0.5296296296296297 0.017708333333333333 0.08888888888888889
1 0.31171875 0.2013888888888889 0.0109375 0.04537037037037037
1 0.4044270833333333 0.21805555555555556 0.0109375 0.04537037037037037
1 0.2546875 0.15462962962962962 0.009375 0.04259259259259259
1 0.5880208333333333 0.3148148148148148 0.014583333333333334 0.06111111111111111
1 0.24140625 0.37824074074074077 0.021354166666666667 0.06759259259259259
1 0.6018229166666667 0.2324074074074074 0.0046875 0.009259259259259259
