1 0.36666666666666664 0.44583333333333336 0.016666666666666666 0.06388888888888888
1 0.15390625 0.7888888888888889 0.024479166666666666 0.0962962962962963
1 0.2677083333333333 0.5231481481481481 0.023958333333333335 0.07407407407407407
1 0.5325520833333334 0.6662037037037037 0.025520833333333333 0.08796296296296297
1 0.8830729166666667 0.7018518518518518 0.0203125 0.09259259259259259
1 0.8674479166666667 0.4439814814814815 0.016145833333333335 0.07314814814814814
1 0.7875 0.7685185185185185 0.029166666666666667 0.11296296296296296
1 0.3143229166666667 0.31342592592592594 0.016145833333333335 0.05648148148148148
1 0.78984375 0.2351851851851852 0.008854166666666666 0.05
1 0.5388020833333333 0.3439814814814815 0.021354166666666667 0.06388888888888888
1 0.1625 0.25601851851851853 0.011458333333333333 0.049074074074074076
1 0.021875 0.3861111111111111 0.013541666666666667 0.06296296296296296
1 0.825 0.31157407407407406 0.013541666666666667 0.05462962962962963
1 0.30572916666666666 0.18703703703703703 0.007291666666666667 0.03888888888888889
1 0.328125 0.25925925925925924 0.013541666666666667 0.046296296296296294
1 0.6114583333333333 0.21712962962962962 0.008333333333333333 0.04537037037037037
1 0.5393229166666667 0.29444444444444445 0.015104166666666667 0.05555555555555555
1 0.50859375 0.21666666666666667 0.009895833333333333 0.046296296296296294
1 0.753125 0.21898148148148147 0.011458333333333333 0.04537037037037037
1 0.26640625 0.13287037037037036 0.011979166666666667 0.03796296296296296
1 0.7348958333333333 0.30324074074074076 0.0125 0.05648148148148148
1 0.08385416666666666 0.3476851851851852 0.016666666666666666 0.062037037037037036
1 0.009375 0.3013888888888889 0.013541666666666667 0.05648148148148148
1 0.01153125 0.2899027777777778 0.004468749999999999 0.008212962962962915
