1 0.5200520833333333 0.5143518518518518 0.016145833333333335 0.07685185185185185
1 0.12057291666666667 0.5736111111111111 0.021354166666666667 0.08796296296296297
1 0.48984375 0.5953703703703703 0.021354166666666667 0.07592592592592592
1 0.30052083333333335 0.5467592592592593 0.017708333333333333 0.0787037037037037
1 0.8760416666666667 0.787962962962963 0.026041666666666668 0.10185185185185185
1 0.90703125 0.4685185185185185 0.018229166666666668 0.07222222222222222
1 0.4744791666666667 0.6277777777777778 0.01875 0.08518518518518518
1 0.29583333333333334 0.40046296296296297 0.0125 0.06759259259259259
1 0.6986979166666667 0.21064814814814814 0.0109375 0.04722222222222222
1 0.63203125 0.399537037037037 0.009895833333333333 0.07314814814814814
1 0.17291666666666666 0.36435185185185187 0.017708333333333333 0.06388888888888888
1 0.1140625 0.46111111111111114 0.01875 0.07592592592592592
1 0.8515625 0.3074074074074074 0.014583333333333334 0.05555555555555555
1 0.23229166666666667 0.2708333333333333 0.010416666666666666 0.05277777777777778
1 0.5580729166666667 0.32083333333333336 0.013020833333333334 0.05648148148148148
1 0.4270833333333333 0.32222222222222224 0.009375 0.05925925925925926
1 0.2625 0.6699074074074074 0.023958333333333335 0.08981481481481482
1 0.5010416666666667 0.21666666666666667 0.011458333333333333 0.04814814814814815
1 0.38828125 0.2759259259259259 0.011979166666666667 0.053703703703703705
1 0.26171875 0.18009259259259258 0.009895833333333333 0.04351851851851852
1 0.4484375 0.5199074074074074 0.013541666666666667 0.07685185185185185
1 0.478125 0.39861111111111114 0.013541666666666667 0.06759259259259259
1 0.4869791666666667 0.4273148148148148 0.005208333333333333 0.010185185185185186
