1 0.2984375 0.4425925925925926 0.015625 0.07222222222222222
1 0.06302083333333333 0.6314814814814815 0.026041666666666668 0.0962962962962963
1 0.06197916666666667 0.7611111111111111 0.034375 0.1
1 0.3294270833333333 0.4185185185185185 0.0171875 0.06851851851851852
1 0.8276041666666667 0.7736111111111111 0.022916666666666665 0.10648148148148148
1 0.8059895833333334 0.33935185185185185 0.0234375 0.06388888888888888
1 0.49166666666666664 0.48518518518518516 0.027083333333333334 0.07777777777777778
1 0.22760416666666666 0.32731481481481484 0.021875 0.06388888888888888
1 0.4401041666666667 0.09074074074074075 0.011458333333333333 0.03888888888888889
1 0.5072916666666667 0.25324074074074077 0.014583333333333334 0.062037037037037036
1 0.16380208333333332 0.2601851851851852 0.019270833333333334 0.06111111111111111
1 0.11536458333333334 0.3699074074074074 0.0140625 0.07314814814814814
1 0.7010416666666667 0.1824074074074074 0.0125 0.04814814814814815
1 0.18619791666666666 0.1814814814814815 0.011979166666666667 0.04814814814814815
1 0.25364583333333335 0.21712962962962962 0.011458333333333333 0.05277777777777778
1 0.3815104166666667 0.23796296296296296 0.0140625 0.05555555555555555
1 0.253125 0.37777777777777777 0.014583333333333334 0.06666666666666667
1 0.1953125 0.1287037037037037 0.0125 0.044444444444444446
1 0.3815104166666667 0.15925925925925927 0.013020833333333334 0.04814814814814815
1 0.19401041666666666 0.09490740740740741 0.0109375 0.03611111111111111
1 0.6940104166666666 0.20277777777777778 0.016145833333333335 0.044444444444444446
1 0.15026041666666667 0.38101851851851853 0.019270833333333334 0.0712962962962963
1 0.7763020833333333 0.35648148148148145 0.005729166666666666 0.009259259259259259
