1 0.37161458333333336 0.42824074074074076 0.011979166666666667 0.062037037037037036
1 0.14739583333333334 0.7671296296296296 0.027083333333333334 0.09351851851851851
1 0.28151041666666665 0.5078703703703704 0.021354166666666667 0.075
1 0.5364583333333334 0.6541666666666667 0.014583333333333334 0.08796296296296297
1 0.8916666666666667 0.7023148148148148 0.023958333333333335 0.09166666666666666
1 0.8880208333333334 0.4444444444444444 0.020833333333333332 0.07037037037037037
1 0.7953125 0.7759259259259259 0.023958333333333335 0.11296296296296296
1 0.32864583333333336 0.30324074074074076 0.017708333333333333 0.058333333333333334
1 0.8104166666666667 0.23148148148148148 0.010416666666666666 0.05
1 0.54921875 0.33287037037037037 0.0140625 0.062037037037037036
1 0.17161458333333332 0.24212962962962964 0.015104166666666667 0.049074074074074076
1 0.03958333333333333 0.3731481481481482 0.011458333333333333 0.06111111111111111
1 0.8424479166666666 0.3106481481481482 0.0140625 0.05462962962962963
1 0.3221354166666667 0.17592592592592593 0.011979166666666667 0.03888888888888889
1 0.34375 0.24722222222222223 0.0125 0.04814814814814815
1 0.6309895833333333 0.20462962962962963 0.009895833333333333 0.044444444444444446
1 0.55625 0.287962962962963 0.010416666666666666 0.05555555555555555
1 0.5263020833333333 0.21296296296296297 0.008854166666666666 0.046296296296296294
1 0.7700520833333333 0.20972222222222223 0.013020833333333334 0.04722222222222222
1 0.2838541666666667 0.125 0.009375 0.037037037037037035
1 0.7557291666666667 0.3023148148148148 0.0125 0.05648148148148148
1 0.10546875 0.3351851851851852 0.0140625 0.05925925925925926
1 0.04348958333333333 0.2898148148148148 0.013020833333333334 0.05740740740740741
