1 0.31015625 0.4634259259259259 0.015104166666666667 0.075
1 0.09869791666666666 0.5972222222222222 0.022395833333333334 0.08148148148148149
1 0.08229166666666667 0.7087962962962963 0.020833333333333332 0.08611111111111111
1 0.3424479166666667 0.4361111111111111 0.016145833333333335 0.06666666666666667
1 0.8263020833333333 0.8282407407407407 0.028645833333333332 0.10648148148148148
1 0.89765625 0.40694444444444444 0.0234375 0.06574074074074074
1 0.4705729166666667 0.5157407407407407 0.0234375 0.07777777777777778
1 0.2513020833333333 0.3425925925925926 0.0203125 0.06481481481481481
1 0.5013020833333334 0.13287037037037036 0.009895833333333333 0.03796296296296296
1 0.5486979166666667 0.2861111111111111 0.011979166666666667 0.06296296296296296
1 0.21354166666666666 0.28703703703703703 0.013541666666666667 0.05740740740740741
1 0.18802083333333333 0.3800925925925926 0.015625 0.06759259259259259
1 0.7690104166666667 0.22037037037037038 0.011979166666666667 0.04814814814814815
1 0.23958333333333334 0.2074074074074074 0.0125 0.04814814814814815
1 0.29322916666666665 0.24583333333333332 0.010416666666666666 0.049074074074074076
1 0.43203125 0.26666666666666666 0.011979166666666667 0.05555555555555555
1 0.2638020833333333 0.39814814814814814 0.015104166666666667 0.06481481481481481
1 0.22708333333333333 0.16574074074074074 0.009375 0.04259259259259259
1 0.46067708333333335 0.19814814814814816 0.0140625 0.04814814814814815
1 0.23489583333333333 0.1337962962962963 0.014583333333333334 0.03796296296296296
1 0.7559895833333333 0.23055555555555557 0.015104166666666667 0.046296296296296294
1 0.18072916666666666 0.3888888888888889 0.013541666666666667 0.06296296296296296
1 0.8716145833333333 0.42407407407407405 0.005729166666666666 0.009259259259259259
