1 0.4083333333333333 0.38425925925925924 0.015625 0.07037037037037037
1 0.22708333333333333 0.36527777777777776 0.013541666666666667 0.06574074074074074
1 0.19322916666666667 0.38472222222222224 0.015625 0.06388888888888888
1 0.45546875 0.2986111111111111 0.0140625 0.049074074074074076
1 0.696875 0.7759259259259259 0.021875 0.1111111111111111
1 0.8583333333333333 0.3648148148148148 0.013541666666666667 0.06851851851851852
1 0.3765625 0.41712962962962963 0.015625 0.06759259259259259
1 0.4557291666666667 0.2310185185185185 0.017708333333333333 0.049074074074074076
1 0.7651041666666667 0.19814814814814816 0.011458333333333333 0.04259259259259259
1 0.59296875 0.25555555555555554 0.0140625 0.05
1 0.3880208333333333 0.1935185185185185 0.014583333333333334 0.04259259259259259
1 0.3145833333333333 0.26157407407407407 0.015625 0.06388888888888888
1 0.7434895833333334 0.25416666666666665 0.013020833333333334 0.05092592592592592
1 0.42916666666666664 0.19953703703703704 0.015625 0.04537037037037037
1 0.46015625 0.20462962962962963 0.0109375 0.044444444444444446
1 0.57109375 0.22314814814814815 0.0171875 0.046296296296296294
1 0.45390625 0.3388888888888889 0.015104166666666667 0.06111111111111111
1 0.4921875 0.16898148148148148 0.009375 0.041666666666666664
1 0.553125 0.18796296296296297 0.017708333333333333 0.037037037037037035
1 0.42890625 0.1388888888888889 0.0109375 0.03518518518518519
1 0.7536458333333333 0.24537037037037038 0.009375 0.053703703703703705
1 0.2864583333333333 0.20416666666666666 0.009375 0.04351851851851852
1 0.09270833333333334 0.2462962962962963 0.01875 0.05
1 0.47291666666666665 0.18796296296296297 0.004166666666666667 0.009259259259259259
