1 0.36380208333333336 0.4425925925925926 0.019270833333333334 0.06481481481481481
1 0.14609375 0.7847222222222222 0.0328125 0.09907407407407408
1 0.27057291666666666 0.5194444444444445 0.021354166666666667 0.07407407407407407
1 0.5307291666666667 0.6648148148148149 0.030208333333333334 0.08703703703703704
1 0.8838541666666667 0.7018518518518518 0.019791666666666666 0.09259259259259259
1 0.8700520833333333 0.4439814814814815 0.0171875 0.0712962962962963
1 0.7877604166666666 0.7689814814814815 0.027604166666666666 0.11018518518518519
1 0.3151041666666667 0.3106481481481482 0.011458333333333333 0.058333333333333334
1 0.7921875 0.2337962962962963 0.010416666666666666 0.049074074074074076
1 0.53984375 0.3416666666666667 0.0171875 0.06296296296296296
1 0.16197916666666667 0.2513888888888889 0.015625 0.05092592592592592
1 0.022916666666666665 0.38472222222222224 0.013541666666666667 0.06018518518518518
1 0.8268229166666666 0.3106481481481482 0.009895833333333333 0.05462962962962963
1 0.3067708333333333 0.1837962962962963 0.010416666666666666 0.03981481481481482
1 0.33046875 0.2564814814814815 0.013020833333333334 0.046296296296296294
1 0.6138020833333333 0.21342592592592594 0.008854166666666666 0.04722222222222222
1 0.54296875 0.29212962962962963 0.013020833333333334 0.05462962962962963
1 0.5104166666666666 0.2162037037037037 0.010416666666666666 0.04537037037037037
1 0.7559895833333333 0.21712962962962962 0.013020833333333334 0.04537037037037037
1 0.2682291666666667 0.13148148148148148 0.009375 0.03518518518518519
1 0.7377604166666667 0.30324074074074076 0.011979166666666667 0.05648148148148148
1 0.08567708333333333 0.3449074074074074 0.015104166666666667 0.062037037037037036
1 0.0140625 0.2986111111111111 0.013541666666666667 0.058333333333333334
1 0.017908854166666665 0.29487962962962966 0.004338541666666666 0.00787037037037037
