1 0.3859375 0.3662037037037037 0.017708333333333333 0.06018518518518518
1 0.16875 0.6291666666666667 0.025 0.09166666666666666
1 0.2828125 0.46574074074074073 0.013541666666666667 0.07037037037037037
1 0.51484375 0.5648148148148148 0.018229166666666668 0.08148148148148149
1 0.8515625 0.6819444444444445 0.028125 0.08796296296296297
1 0.9169270833333333 0.44305555555555554 0.018229166666666668 0.06759259259259259
1 0.7122395833333334 0.8064814814814815 0.0234375 0.0962962962962963
1 0.3541666666666667 0.275 0.015625 0.05555555555555555
1 0.8302083333333333 0.2412037037037037 0.008333333333333333 0.049074074074074076
1 0.5744791666666667 0.3055555555555556 0.023958333333333335 0.06111111111111111
1 0.19505208333333332 0.2199074074074074 0.008854166666666666 0.049074074074074076
1 0.08151041666666667 0.32592592592592595 0.015104166666666667 0.05925925925925926
1 0.9171875 0.32685185185185184 0.011458333333333333 0.05555555555555555
1 0.33177083333333335 0.1726851851851852 0.013541666666666667 0.03981481481481482
1 0.40859375 0.2263888888888889 0.008854166666666666 0.04722222222222222
1 0.6307291666666667 0.1837962962962963 0.010416666666666666 0.04351851851851852
1 0.5546875 0.2791666666666667 0.013541666666666667 0.05462962962962963
1 0.5330729166666667 0.2037037037037037 0.011979166666666667 0.044444444444444446
1 0.7703125 0.22407407407407406 0.009375 0.046296296296296294
1 0.36432291666666666 0.10925925925925926 0.0078125 0.037037037037037035
1 0.7994791666666666 0.32407407407407407 0.011458333333333333 0.05740740740740741
1 0.11875 0.32175925925925924 0.010416666666666666 0.05462962962962963
1 0.15572916666666667 0.2675925925925926 0.010416666666666666 0.053703703703703705
