1 0.38984375 0.38333333333333336 0.015104166666666667 0.06481481481481481
1 0.15963541666666667 0.6986111111111111 0.021354166666666667 0.09907407407407408
1 0.31276041666666665 0.46944444444444444 0.024479166666666666 0.06851851851851852
1 0.5427083333333333 0.6097222222222223 0.023958333333333335 0.08611111111111111
1 0.8963541666666667 0.6912037037037037 0.017708333333333333 0.09166666666666666
1 0.9268229166666667 0.44305555555555554 0.018229166666666668 0.0712962962962963
1 0.7872395833333333 0.799537037037037 0.025520833333333333 0.10648148148148148
1 0.35963541666666665 0.27824074074074073 0.0109375 0.05648148148148148
1 0.8401041666666667 0.22685185185185186 0.007291666666666667 0.05
1 0.5703125 0.3055555555555556 0.0125 0.05925925925925926
1 0.19375 0.21666666666666667 0.0125 0.044444444444444446
1 0.08098958333333334 0.3375 0.015104166666666667 0.058333333333333334
1 0.8979166666666667 0.31203703703703706 0.015625 0.05740740740740741
1 0.34791666666666665 0.15925925925925927 0.010416666666666666 0.040740740740740744
1 0.38828125 0.22407407407407406 0.008854166666666666 0.04814814814814815
1 0.6557291666666667 0.18055555555555555 0.013541666666666667 0.04259259259259259
1 0.5854166666666667 0.27546296296296297 0.013541666666666667 0.05277777777777778
1 0.5557291666666667 0.20185185185185187 0.0125 0.044444444444444446
1 0.7963541666666667 0.20416666666666666 0.007291666666666667 0.04722222222222222
1 0.34140625 0.10833333333333334 0.008854166666666666 0.037037037037037035
1 0.796875 0.30787037037037035 0.011458333333333333 0.058333333333333334
1 0.14947916666666666 0.31296296296296294 0.017708333333333333 0.05925925925925926
1 0.1234375 0.26481481481481484 0.013541666666666667 0.053703703703703705
