1 0.39817708333333335 0.46296296296296297 0.022395833333333334 0.06851851851851852
1 0.203125 0.7824074074074074 0.034375 0.10555555555555556
1 0.2869791666666667 0.5291666666666667 0.028125 0.075
1 0.5526041666666667 0.6708333333333333 0.023958333333333335 0.08796296296296297
1 0.9005208333333333 0.7037037037037037 0.01875 0.09074074074074075
1 0.87421875 0.44537037037037036 0.0171875 0.06851851851851852
1 0.8078125 0.7587962962962963 0.026041666666666668 0.11018518518518519
1 0.3359375 0.3189814814814815 0.014583333333333334 0.05277777777777778
1 0.7908854166666667 0.24027777777777778 0.009895833333333333 0.049074074074074076
1 0.5609375 0.35 0.020833333333333332 0.05925925925925926
1 0.19010416666666666 0.262037037037037 0.013541666666666667 0.05185185185185185
1 0.04583333333333333 0.3921296296296296 0.01875 0.062037037037037036
1 0.8302083333333333 0.31342592592592594 0.0125 0.05462962962962963
1 0.3182291666666667 0.19490740740740742 0.009375 0.04351851851851852
1 0.34348958333333335 0.2662037037037037 0.013020833333333334 0.04722222222222222
1 0.6153645833333333 0.22824074074074074 0.009895833333333333 0.04537037037037037
1 0.5481770833333334 0.2962962962962963 0.016145833333333335 0.053703703703703705
1 0.5166666666666667 0.22268518518518518 0.010416666666666666 0.04537037037037037
1 0.7559895833333333 0.22592592592592592 0.0109375 0.04814814814814815
1 0.28515625 0.13935185185185187 0.0109375 0.03425925925925926
1 0.7364583333333333 0.29768518518518516 0.010416666666666666 0.05462962962962963
1 0.09140625 0.350462962962963 0.018229166666666668 0.06018518518518518
1 0.009375 0.30416666666666664 0.013541666666666667 0.058333333333333334
1 0.01375 0.2948148148148148 0.004791666666666666 0.008518518518518509
