1 0.29921875 0.43333333333333335 0.011979166666666667 0.06481481481481481
1 0.09921875 0.5263888888888889 0.0203125 0.08425925925925926
1 0.06614583333333333 0.6064814814814815 0.020833333333333332 0.07407407407407407
1 0.31015625 0.4060185185185185 0.013020833333333334 0.06944444444444445
1 0.7721354166666666 0.8115740740740741 0.0296875 0.10092592592592593
1 0.8963541666666667 0.40555555555555556 0.022916666666666665 0.07037037037037037
1 0.4 0.49027777777777776 0.016666666666666666 0.06944444444444445
1 0.24817708333333333 0.30324074074074076 0.0140625 0.06018518518518518
1 0.5291666666666667 0.13148148148148148 0.008333333333333333 0.040740740740740744
1 0.5533854166666666 0.2671296296296296 0.013020833333333334 0.058333333333333334
1 0.22526041666666666 0.2657407407407407 0.0140625 0.05740740740740741
1 0.2125 0.34814814814814815 0.017708333333333333 0.06296296296296296
1 0.7809895833333333 0.20185185185185187 0.011979166666666667 0.04814814814814815
1 0.24296875 0.19212962962962962 0.011979166666666667 0.041666666666666664
1 0.30442708333333335 0.22407407407407406 0.009895833333333333 0.046296296296296294
1 0.4393229166666667 0.24861111111111112 0.011979166666666667 0.049074074074074076
1 0.24869791666666666 0.37962962962962965 0.015104166666666667 0.06296296296296296
1 0.2265625 0.15925925925925927 0.008333333333333333 0.044444444444444446
1 0.5020833333333333 0.1865740740740741 0.010416666666666666 0.04351851851851852
1 0.240625 0.12638888888888888 0.010416666666666666 0.03796296296296296
1 0.7375 0.2101851851851852 0.014583333333333334 0.04259259259259259
1 0.175 0.3527777777777778 0.014583333333333334 0.06481481481481481
1 0.8338541666666667 0.325 0.005208333333333333 0.009259259259259259
