1 0.6286458333333333 0.5768518518518518 0.01875 0.07407407407407407
1 0.42291666666666666 0.7013888888888888 0.028125 0.09351851851851851
1 0.4471354166666667 0.6092592592592593 0.025520833333333333 0.07777777777777778
1 0.6205729166666667 0.6833333333333333 0.027604166666666666 0.08148148148148149
1 0.9283854166666666 0.6944444444444444 0.024479166666666666 0.08703703703703704
1 0.8669270833333333 0.4726851851851852 0.019270833333333334 0.06759259259259259
1 0.8684895833333334 0.7351851851851852 0.021354166666666667 0.08703703703703704
1 0.43515625 0.40925925925925927 0.0171875 0.06111111111111111
1 0.7638020833333333 0.29953703703703705 0.009895833333333333 0.041666666666666664
1 0.6760416666666667 0.40046296296296297 0.013541666666666667 0.06574074074074074
1 0.3059895833333333 0.32916666666666666 0.0140625 0.05462962962962963
1 0.17916666666666667 0.4648148148148148 0.016666666666666666 0.06481481481481481
1 0.8161458333333333 0.37222222222222223 0.013541666666666667 0.053703703703703705
1 0.3453125 0.2851851851851852 0.0125 0.04814814814814815
1 0.43072916666666666 0.3347222222222222 0.013541666666666667 0.04722222222222222
1 0.6036458333333333 0.3388888888888889 0.009375 0.05
1 0.5627604166666667 0.3375 0.015104166666666667 0.05277777777777778
1 0.5119791666666667 0.2800925925925926 0.011458333333333333 0.04722222222222222
1 0.6973958333333333 0.29212962962962963 0.009375 0.04351851851851852
1 0.3645833333333333 0.1912037037037037 0.009375 0.03981481481481482
1 0.7171875 0.36574074074074076 0.014583333333333334 0.05555555555555555
1 0.05625 0.40555555555555556 0.019791666666666666 0.06296296296296296
