1 0.3958333333333333 0.37592592592592594 0.016666666666666666 0.06851851851851852
1 0.22552083333333334 0.35509259259259257 0.01875 0.06944444444444445
1 0.19088541666666667 0.387037037037037 0.016145833333333335 0.06481481481481481
1 0.44765625 0.28703703703703703 0.011979166666666667 0.05185185185185185
1 0.6815104166666667 0.7791666666666667 0.0234375 0.11018518518518519
1 0.8375 0.3578703703703704 0.014583333333333334 0.06759259259259259
1 0.3692708333333333 0.41064814814814815 0.0125 0.06759259259259259
1 0.4510416666666667 0.22037037037037038 0.016666666666666666 0.04814814814814815
1 0.75078125 0.17824074074074073 0.009895833333333333 0.04351851851851852
1 0.5783854166666667 0.2490740740740741 0.0140625 0.05740740740740741
1 0.37213541666666666 0.18888888888888888 0.009895833333333333 0.03888888888888889
1 0.3138020833333333 0.25324074074074077 0.0203125 0.05648148148148148
1 0.7192708333333333 0.23703703703703705 0.009375 0.05185185185185185
1 0.42161458333333335 0.18425925925925926 0.009895833333333333 0.046296296296296294
1 0.45364583333333336 0.18935185185185185 0.009375 0.03981481481481482
1 0.5598958333333334 0.2074074074074074 0.011458333333333333 0.04814814814814815
1 0.4453125 0.3300925925925926 0.013541666666666667 0.062037037037037036
1 0.48125 0.15462962962962962 0.009375 0.04259259259259259
1 0.5453125 0.17546296296296296 0.011458333333333333 0.041666666666666664
1 0.42291666666666666 0.12685185185185185 0.010416666666666666 0.03148148148148148
1 0.72265625 0.22268518518518518 0.0078125 0.04537037037037037
1 0.28463541666666664 0.19907407407407407 0.0109375 0.044444444444444446
1 0.07734375 0.23564814814814813 0.015104166666666667 0.049074074074074076
