1 0.40703125 0.38333333333333336 0.015104166666666667 0.07037037037037037
1 0.22708333333333333 0.36435185185185187 0.013541666666666667 0.06574074074074074
1 0.19192708333333333 0.38472222222222224 0.0171875 0.06388888888888888
1 0.45598958333333334 0.300462962962963 0.015104166666666667 0.05648148148148148
1 0.6955729166666667 0.7777777777777778 0.022395833333333334 0.11296296296296296
1 0.8567708333333334 0.36435185185185187 0.013541666666666667 0.06759259259259259
1 0.3763020833333333 0.4162037037037037 0.0171875 0.06759259259259259
1 0.4552083333333333 0.2300925925925926 0.016666666666666666 0.049074074074074076
1 0.7638020833333333 0.19675925925925927 0.009895833333333333 0.041666666666666664
1 0.5916666666666667 0.25462962962962965 0.013541666666666667 0.05
1 0.38697916666666665 0.19305555555555556 0.014583333333333334 0.041666666666666664
1 0.3145833333333333 0.2601851851851852 0.016666666666666666 0.06481481481481481
1 0.7411458333333333 0.25324074074074077 0.0125 0.05092592592592592
1 0.42890625 0.19814814814814816 0.0140625 0.044444444444444446
1 0.4591145833333333 0.20416666666666666 0.009895833333333333 0.04351851851851852
1 0.5705729166666667 0.22268518518518518 0.016145833333333335 0.04537037037037037
1 0.45338541666666665 0.3384259259259259 0.015104166666666667 0.06018518518518518
1 0.49140625 0.1685185185185185 0.008854166666666666 0.040740740740740744
1 0.553125 0.1865740740740741 0.016666666666666666 0.03611111111111111
1 0.4283854166666667 0.13796296296296295 0.009895833333333333 0.03518518518518519
1 0.7510416666666667 0.24351851851851852 0.009375 0.053703703703703705
1 0.28619791666666666 0.20416666666666666 0.009895833333333333 0.04351851851851852
1 0.09140625 0.24444444444444444 0.018229166666666668 0.05
1 0.46875 0.18888888888888888 0.004166666666666667 0.007407407407407408
