1 0.3020833333333333 0.43425925925925923 0.013541666666666667 0.06851851851851852
1 0.10026041666666667 0.5300925925925926 0.021354166666666667 0.0787037037037037
1 0.06875 0.6152777777777778 0.020833333333333332 0.08055555555555556
1 0.3125 0.4097222222222222 0.011458333333333333 0.06944444444444445
1 0.778125 0.8138888888888889 0.025 0.10185185185185185
1 0.9005208333333333 0.4041666666666667 0.017708333333333333 0.0712962962962963
1 0.40677083333333336 0.4912037037037037 0.013541666666666667 0.06759259259259259
1 0.24869791666666666 0.30462962962962964 0.016145833333333335 0.05740740740740741
1 0.5283854166666667 0.13148148148148148 0.008854166666666666 0.040740740740740744
1 0.5541666666666667 0.26805555555555555 0.0125 0.06018518518518518
1 0.22578125 0.2675925925925926 0.013020833333333334 0.05740740740740741
1 0.21302083333333333 0.34953703703703703 0.016666666666666666 0.062037037037037036
1 0.7815104166666667 0.20277777777777778 0.013020833333333334 0.04814814814814815
1 0.24375 0.19305555555555556 0.010416666666666666 0.041666666666666664
1 0.30520833333333336 0.22546296296296298 0.011458333333333333 0.049074074074074076
1 0.440625 0.2490740740740741 0.013541666666666667 0.05
1 0.24973958333333332 0.38055555555555554 0.0140625 0.05925925925925926
1 0.22786458333333334 0.1597222222222222 0.0078125 0.04351851851851852
1 0.50078125 0.18703703703703703 0.011979166666666667 0.04259259259259259
1 0.24088541666666666 0.1259259259259259 0.009895833333333333 0.037037037037037035
1 0.7416666666666667 0.21064814814814814 0.009375 0.041666666666666664
1 0.17630208333333333 0.35648148148148145 0.013020833333333334 0.06296296296296296
1 0.8393229166666667 0.33611111111111114 0.005729166666666666 0.009259259259259259
