1 0.43359375 0.4703703703703704 0.016145833333333335 0.06666666666666667
1 0.3963541666666667 0.4671296296296296 0.019791666666666666 0.06944444444444445
1 0.28984375 0.6162037037037037 0.016145833333333335 0.0824074074074074
1 0.5190104166666667 0.43333333333333335 0.0140625 0.06296296296296296
1 0.66875 0.7578703703703704 0.021875 0.09722222222222222
1 0.9239583333333333 0.4828703703703704 0.013541666666666667 0.06574074074074074
1 0.51796875 0.5027777777777778 0.015104166666666667 0.06666666666666667
1 0.565625 0.32592592592592595 0.010416666666666666 0.05
1 0.76328125 0.2652777777777778 0.008854166666666666 0.03981481481481482
1 0.6661458333333333 0.3453703703703704 0.011458333333333333 0.05740740740740741
1 0.5192708333333333 0.32546296296296295 0.0125 0.05277777777777778
1 0.4783854166666667 0.37916666666666665 0.0140625 0.05648148148148148
1 0.9026041666666667 0.32407407407407407 0.0125 0.040740740740740744
1 0.5671875 0.26851851851851855 0.008333333333333333 0.04259259259259259
1 0.6166666666666667 0.30185185185185187 0.008333333333333333 0.046296296296296294
1 0.6484375 0.31203703703703706 0.011458333333333333 0.04814814814814815
1 0.5921875 0.3837962962962963 0.011458333333333333 0.05277777777777778
1 0.62578125 0.2490740740740741 0.008854166666666666 0.03888888888888889
1 0.6770833333333334 0.2791666666666667 0.007291666666666667 0.04351851851851852
1 0.60234375 0.23148148148148148 0.0109375 0.037037037037037035
1 0.7424479166666667 0.3509259259259259 0.0109375 0.05
1 0.5046875 0.33194444444444443 0.011458333333333333 0.05277777777777778
1 0.1625 0.3625 0.013541666666666667 0.05462962962962963
1 0.8895833333333333 0.3490740740740741 0.005208333333333333 0.009259259259259259
