1 0.37604166666666666 0.46064814814814814 0.016666666666666666 0.08055555555555556
1 0.12838541666666667 0.600462962962963 0.016145833333333335 0.09537037037037037
1 0.13489583333333333 0.7222222222222222 0.022916666666666665 0.09814814814814815
1 0.37838541666666664 0.4027777777777778 0.0140625 0.06296296296296296
1 0.8671875 0.8236111111111111 0.0375 0.10092592592592593
1 0.8744791666666667 0.34629629629629627 0.017708333333333333 0.06666666666666667
1 0.47682291666666665 0.5046296296296297 0.021354166666666667 0.07592592592592592
1 0.30859375 0.29259259259259257 0.011979166666666667 0.06481481481481481
1 0.5588541666666667 0.0824074074074074 0.009375 0.040740740740740744
1 0.6786458333333333 0.2574074074074074 0.014583333333333334 0.05555555555555555
1 0.26536458333333335 0.22453703703703703 0.0140625 0.05648148148148148
1 0.19791666666666666 0.3337962962962963 0.011458333333333333 0.06759259259259259
1 0.7908854166666667 0.18472222222222223 0.013020833333333334 0.049074074074074076
1 0.29635416666666664 0.14953703703703702 0.015625 0.04537037037037037
1 0.38333333333333336 0.1787037037037037 0.010416666666666666 0.05
1 0.43255208333333334 0.20601851851851852 0.008854166666666666 0.05277777777777778
1 0.39010416666666664 0.38657407407407407 0.017708333333333333 0.06944444444444445
1 0.34140625 0.10277777777777777 0.008854166666666666 0.044444444444444446
1 0.4591145833333333 0.1425925925925926 0.009895833333333333 0.04814814814814815
1 0.3111979166666667 0.06944444444444445 0.008854166666666666 0.03333333333333333
1 0.6802083333333333 0.27314814814814814 0.015625 0.06111111111111111
1 0.24505208333333334 0.3453703703703704 0.011979166666666667 0.07037037037037037
1 0.8466145833333333 0.35648148148148145 0.005729166666666666 0.009259259259259259
