1 0.2671875 0.425 0.015625 0.05555555555555555
1 0.07786458333333333 0.5041666666666667 0.0140625 0.05648148148148148
1 0.22473958333333333 0.5046296296296297 0.018229166666666668 0.06111111111111111
1 0.32708333333333334 0.5120370370370371 0.020833333333333332 0.06111111111111111
1 0.5059895833333333 0.7203703703703703 0.028645833333333332 0.08148148148148149
1 0.9078125 0.6069444444444444 0.015625 0.0787037037037037
1 0.3299479166666667 0.6787037037037037 0.018229166666666668 0.07592592592592592
1 0.28541666666666665 0.38842592592592595 0.013541666666666667 0.05277777777777778
1 0.6596354166666667 0.3486111111111111 0.018229166666666668 0.04351851851851852
1 0.5494791666666666 0.4046296296296296 0.01875 0.05740740740740741
1 0.21822916666666667 0.3435185185185185 0.011458333333333333 0.046296296296296294
1 0.1609375 0.38287037037037036 0.0125 0.05277777777777778
1 0.9471354166666667 0.4722222222222222 0.0109375 0.05740740740740741
1 0.24010416666666667 0.32546296296296295 0.0125 0.04351851851851852
1 0.3453125 0.30787037037037035 0.0125 0.03981481481481482
1 0.5018229166666667 0.35555555555555557 0.0140625 0.04259259259259259
1 0.3489583333333333 0.4125 0.019791666666666666 0.05092592592592592
1 0.4356770833333333 0.31851851851851853 0.013020833333333334 0.044444444444444446
1 0.57734375 0.35138888888888886 0.011979166666666667 0.04537037037037037
1 0.45078125 0.2162037037037037 0.008854166666666666 0.03425925925925926
1 0.8859375 0.48055555555555557 0.015625 0.05925925925925926
1 0.22135416666666666 0.3861111111111111 0.014583333333333334 0.05
