1 0.44479166666666664 0.4166666666666667 0.0125 0.06296296296296296
1 0.24791666666666667 0.38564814814814813 0.019791666666666666 0.058333333333333334
1 0.2786458333333333 0.39537037037037037 0.013541666666666667 0.05740740740740741
1 0.4669270833333333 0.34814814814814815 0.0109375 0.053703703703703705
1 0.7744791666666667 0.7337962962962963 0.019791666666666666 0.09166666666666666
1 0.9395833333333333 0.4041666666666667 0.015625 0.06018518518518518
1 0.40677083333333336 0.43148148148148147 0.015625 0.06481481481481481
1 0.5010416666666667 0.25787037037037036 0.010416666666666666 0.04537037037037037
1 0.7677083333333333 0.25601851851851853 0.013541666666666667 0.041666666666666664
1 0.64296875 0.3050925925925926 0.0171875 0.04722222222222222
1 0.42734375 0.2550925925925926 0.0140625 0.04722222222222222
1 0.36614583333333334 0.30694444444444446 0.017708333333333333 0.049074074074074076
1 0.8708333333333333 0.3189814814814815 0.011458333333333333 0.05092592592592592
1 0.5229166666666667 0.22962962962962963 0.011458333333333333 0.04259259259259259
1 0.5283854166666667 0.25324074074074077 0.015104166666666667 0.03611111111111111
1 0.5942708333333333 0.27824074074074073 0.010416666666666666 0.049074074074074076
1 0.5247395833333334 0.3736111111111111 0.011979166666666667 0.062037037037037036
1 0.5533854166666666 0.2152777777777778 0.008854166666666666 0.026851851851851852
1 0.5497395833333333 0.24166666666666667 0.0140625 0.040740740740740744
1 0.5065104166666666 0.1986111111111111 0.011979166666666667 0.03981481481481482
1 0.8580729166666666 0.324537037037037 0.008854166666666666 0.05277777777777778
1 0.321875 0.2564814814814815 0.0125 0.037037037037037035
1 0.13307291666666668 0.31157407407407406 0.009895833333333333 0.049074074074074076
