1 0.2520833333333333 0.41805555555555557 0.015625 0.049074074074074076
1 0.14635416666666667 0.4439814814814815 0.021875 0.062037037037037036
1 0.11171875 0.5652777777777778 0.018229166666666668 0.06574074074074074
1 0.34140625 0.42916666666666664 0.011979166666666667 0.05277777777777778
1 0.5122395833333333 0.7083333333333334 0.025520833333333333 0.08888888888888889
1 0.8416666666666667 0.5967592592592592 0.021875 0.0787037037037037
1 0.35182291666666665 0.5537037037037037 0.019270833333333334 0.07037037037037037
1 0.3502604166666667 0.3824074074074074 0.018229166666666668 0.05555555555555555
1 0.6505208333333333 0.324537037037037 0.013541666666666667 0.049074074074074076
1 0.5661458333333333 0.4060185185185185 0.016666666666666666 0.062037037037037036
1 0.24401041666666667 0.3421296296296296 0.013020833333333334 0.04722222222222222
1 0.1625 0.3824074074074074 0.015625 0.05185185185185185
1 0.9481770833333333 0.4708333333333333 0.0171875 0.06018518518518518
1 0.17447916666666666 0.3439814814814815 0.010416666666666666 0.04722222222222222
1 0.30494791666666665 0.2912037037037037 0.013020833333333334 0.041666666666666664
1 0.5057291666666667 0.3648148148148148 0.014583333333333334 0.053703703703703705
1 0.37109375 0.4115740740740741 0.013020833333333334 0.05277777777777778
1 0.38776041666666666 0.31203703703703706 0.0109375 0.04814814814814815
1 0.48151041666666666 0.33611111111111114 0.013020833333333334 0.04814814814814815
1 0.46119791666666665 0.20925925925925926 0.009895833333333333 0.03518518518518519
1 0.93359375 0.48703703703703705 0.016145833333333335 0.06666666666666667
1 0.03872395833333333 0.3931296296296296 0.015260416666666665 0.05092592592592592
1 0.13032812500000002 0.3914074074074074 0.017187500000000015 0.049074074074074076
