1 0.5065104166666666 0.5212962962962963 0.0171875 0.07777777777777778
1 0.11979166666666667 0.5773148148148148 0.01875 0.08981481481481482
1 0.4825520833333333 0.5981481481481481 0.021354166666666667 0.07777777777777778
1 0.26848958333333334 0.5546296296296296 0.0203125 0.07962962962962963
1 0.8682291666666667 0.7893518518518519 0.026041666666666668 0.10092592592592593
1 0.9138020833333333 0.47129629629629627 0.0140625 0.07777777777777778
1 0.46171875 0.6347222222222222 0.022395833333333334 0.08611111111111111
1 0.28802083333333334 0.4041666666666667 0.0125 0.06759259259259259
1 0.6895833333333333 0.21296296296296297 0.010416666666666666 0.04814814814814815
1 0.6234375 0.4013888888888889 0.009375 0.07314814814814814
1 0.16432291666666668 0.3685185185185185 0.0171875 0.06296296296296296
1 0.11458333333333333 0.45740740740740743 0.0125 0.07592592592592592
1 0.8432291666666667 0.30925925925925923 0.014583333333333334 0.05555555555555555
1 0.22239583333333332 0.274537037037037 0.013541666666666667 0.05277777777777778
1 0.5471354166666667 0.3236111111111111 0.0109375 0.05648148148148148
1 0.41953125 0.325 0.009895833333333333 0.05925925925925926
1 0.26171875 0.6726851851851852 0.0203125 0.09351851851851851
1 0.4859375 0.2212962962962963 0.0125 0.04814814814814815
1 0.3807291666666667 0.27870370370370373 0.011458333333333333 0.053703703703703705
1 0.25416666666666665 0.18425925925925926 0.0125 0.044444444444444446
1 0.4479166666666667 0.5208333333333334 0.014583333333333334 0.08055555555555556
1 0.4708333333333333 0.4013888888888889 0.013541666666666667 0.06759259259259259
1 0.4791666666666667 0.4305555555555556 0.00625 0.011111111111111112
