1 0.35598958333333336 0.3768518518518518 0.0171875 0.06666666666666667
1 0.2109375 0.36944444444444446 0.025 0.06666666666666667
1 0.18541666666666667 0.42314814814814816 0.023958333333333335 0.06296296296296296
1 0.41640625 0.2810185185185185 0.015104166666666667 0.05648148148148148
1 0.6518229166666667 0.8078703703703703 0.0203125 0.10648148148148148
1 0.79140625 0.35694444444444445 0.018229166666666668 0.06574074074074074
1 0.3528645833333333 0.4111111111111111 0.021354166666666667 0.06851851851851852
1 0.4234375 0.22175925925925927 0.015625 0.05277777777777778
1 0.69296875 0.15 0.011979166666666667 0.040740740740740744
1 0.5497395833333333 0.24861111111111112 0.0171875 0.05648148148148148
1 0.334375 0.19722222222222222 0.015625 0.046296296296296294
1 0.30390625 0.24537037037037038 0.0234375 0.06111111111111111
1 0.6567708333333333 0.2064814814814815 0.008333333333333333 0.04814814814814815
1 0.39375 0.16574074074074074 0.011458333333333333 0.03888888888888889
1 0.44140625 0.1763888888888889 0.016145833333333335 0.03981481481481482
1 0.515625 0.1912037037037037 0.016666666666666666 0.04537037037037037
1 0.41875 0.33194444444444443 0.01875 0.06759259259259259
1 0.44375 0.13287037037037036 0.0125 0.03796296296296296
1 0.4979166666666667 0.15555555555555556 0.014583333333333334 0.04259259259259259
1 0.40598958333333335 0.11435185185185186 0.011979166666666667 0.032407407407407406
1 0.6432291666666666 0.20833333333333334 0.010416666666666666 0.046296296296296294
1 0.2875 0.2101851851851852 0.0125 0.04814814814814815
1 0.01484375 0.24074074074074073 0.0171875 0.05740740740740741
1 0.425 0.14814814814814814 0.005208333333333333 0.009259259259259259
