1 0.3859375 0.36574074074074076 0.016666666666666666 0.06111111111111111
1 0.16927083333333334 0.6314814814814815 0.025 0.09259259259259259
1 0.2830729166666667 0.4648148148148148 0.013020833333333334 0.07037037037037037
1 0.5161458333333333 0.5671296296296297 0.019791666666666666 0.0824074074074074
1 0.8528645833333334 0.6819444444444445 0.025520833333333333 0.08796296296296297
1 0.91796875 0.44351851851851853 0.0171875 0.06851851851851852
1 0.7138020833333333 0.8069444444444445 0.025520833333333333 0.09907407407407408
1 0.35390625 0.274537037037037 0.0140625 0.05648148148148148
1 0.83125 0.24027777777777778 0.007291666666666667 0.05092592592592592
1 0.575 0.3050925925925926 0.022916666666666665 0.06018518518518518
1 0.1953125 0.21898148148148147 0.010416666666666666 0.049074074074074076
1 0.08098958333333334 0.32546296296296295 0.0140625 0.058333333333333334
1 0.9174479166666667 0.32592592592592595 0.0109375 0.05555555555555555
1 0.33203125 0.1726851851851852 0.013020833333333334 0.03981481481481482
1 0.4080729166666667 0.2263888888888889 0.008854166666666666 0.04722222222222222
1 0.63203125 0.1824074074074074 0.008854166666666666 0.044444444444444446
1 0.5552083333333333 0.27870370370370373 0.015625 0.05555555555555555
1 0.5338541666666666 0.20277777777777778 0.010416666666666666 0.044444444444444446
1 0.77109375 0.22268518518518518 0.009895833333333333 0.04722222222222222
1 0.36380208333333336 0.1087962962962963 0.0078125 0.03796296296296296
1 0.8 0.3226851851851852 0.011458333333333333 0.058333333333333334
1 0.11953125 0.3199074074074074 0.0109375 0.05648148148148148
1 0.1546875 0.2671296296296296 0.010416666666666666 0.05277777777777778
