1 0.3848958333333333 0.37037037037037035 0.015625 0.06296296296296296
1 0.1625 0.65 0.021875 0.09814814814814815
1 0.28958333333333336 0.4689814814814815 0.026041666666666668 0.06944444444444445
1 0.5229166666666667 0.575462962962963 0.015625 0.08425925925925926
1 0.8692708333333333 0.6856481481481481 0.03125 0.08796296296296297
1 0.9244791666666666 0.4425925925925926 0.016666666666666666 0.07037037037037037
1 0.7421875 0.8143518518518519 0.027083333333333334 0.10092592592592593
1 0.35390625 0.27314814814814814 0.016145833333333335 0.05555555555555555
1 0.83515625 0.23564814814814813 0.0109375 0.049074074074074076
1 0.5763020833333333 0.3023148148148148 0.013020833333333334 0.062037037037037036
1 0.19036458333333334 0.21481481481481482 0.009895833333333333 0.04814814814814815
1 0.075 0.3282407407407407 0.015625 0.06018518518518518
1 0.9158854166666667 0.32175925925925924 0.011979166666666667 0.058333333333333334
1 0.33541666666666664 0.16574074074074074 0.009375 0.03888888888888889
1 0.40078125 0.22175925925925927 0.0078125 0.04722222222222222
1 0.640625 0.17777777777777778 0.009375 0.044444444444444446
1 0.5653645833333333 0.2740740740740741 0.013020833333333334 0.05555555555555555
1 0.53984375 0.20046296296296295 0.0140625 0.04351851851851852
1 0.78203125 0.21296296296296297 0.009895833333333333 0.04814814814814815
1 0.35390625 0.10462962962962963 0.0078125 0.037037037037037035
1 0.8005208333333333 0.31574074074074077 0.011458333333333333 0.05740740740740741
1 0.12734375 0.3162037037037037 0.013020833333333334 0.058333333333333334
1 0.14088541666666668 0.26342592592592595 0.013020833333333334 0.05462962962962963
