1 0.4708333333333333 0.5074074074074074 0.026041666666666668 0.07222222222222222
1 0.29375 0.7583333333333333 0.030208333333333334 0.1037037037037037
1 0.33046875 0.5481481481481482 0.018229166666666668 0.06851851851851852
1 0.5768229166666666 0.6847222222222222 0.033854166666666664 0.08796296296296297
1 0.9145833333333333 0.7032407407407407 0.027083333333333334 0.08981481481481482
1 0.8716145833333333 0.4486111111111111 0.0171875 0.06759259259259259
1 0.8268229166666666 0.7416666666666667 0.027604166666666666 0.08888888888888889
1 0.37161458333333336 0.34675925925925927 0.016145833333333335 0.06018518518518518
1 0.7705729166666667 0.262037037037037 0.0109375 0.04814814814814815
1 0.6033854166666667 0.3685185185185185 0.018229166666666668 0.06481481481481481
1 0.23828125 0.2875 0.013020833333333334 0.05277777777777778
1 0.08567708333333333 0.41435185185185186 0.018229166666666668 0.06388888888888888
1 0.8208333333333333 0.325 0.015625 0.05185185185185185
1 0.32395833333333335 0.2263888888888889 0.010416666666666666 0.04537037037037037
1 0.37213541666666666 0.2884259259259259 0.0171875 0.05092592592592592
1 0.60546875 0.2657407407407407 0.009895833333333333 0.05185185185185185
1 0.5518229166666667 0.30972222222222223 0.016145833333333335 0.05277777777777778
1 0.5161458333333333 0.2412037037037037 0.009375 0.04722222222222222
1 0.7333333333333333 0.2462962962962963 0.011458333333333333 0.04814814814814815
1 0.3140625 0.15833333333333333 0.008333333333333333 0.03148148148148148
1 0.7166666666666667 0.29768518518518516 0.011458333333333333 0.05092592592592592
1 0.078125 0.3648148148148148 0.0125 0.06296296296296296
