1 0.2526041666666667 0.4185185185185185 0.013541666666666667 0.05
1 0.10104166666666667 0.46435185185185185 0.011458333333333333 0.06018518518518518
1 0.16901041666666666 0.5277777777777778 0.019270833333333334 0.06296296296296296
1 0.2760416666666667 0.4759259259259259 0.016666666666666666 0.05
1 0.4622395833333333 0.700925925925926 0.0328125 0.07592592592592592
1 0.8966145833333333 0.6180555555555556 0.027604166666666666 0.06944444444444445
1 0.30442708333333335 0.6027777777777777 0.016145833333333335 0.06111111111111111
1 0.29635416666666664 0.39675925925925926 0.010416666666666666 0.05277777777777778
1 0.6442708333333333 0.35138888888888886 0.017708333333333333 0.04537037037037037
1 0.5651041666666666 0.42083333333333334 0.014583333333333334 0.06018518518518518
1 0.24713541666666666 0.3472222222222222 0.011979166666666667 0.05185185185185185
1 0.17864583333333334 0.39166666666666666 0.009375 0.053703703703703705
1 0.98828125 0.49722222222222223 0.019270833333333334 0.06481481481481481
1 0.21901041666666668 0.35185185185185186 0.016145833333333335 0.046296296296296294
1 0.35 0.30277777777777776 0.010416666666666666 0.040740740740740744
1 0.50703125 0.3763888888888889 0.0140625 0.05092592592592592
1 0.3528645833333333 0.42083333333333334 0.0140625 0.05462962962962963
1 0.41953125 0.33425925925925926 0.011979166666666667 0.046296296296296294
1 0.5354166666666667 0.36018518518518516 0.013541666666666667 0.040740740740740744
1 0.48463541666666665 0.21805555555555556 0.009895833333333333 0.030555555555555555
1 0.9640625 0.5097222222222222 0.017708333333333333 0.06944444444444445
1 0.004515625 0.4059861111111111 0.00903125 0.05497222222222223
1 0.16822916666666668 0.399537037037037 0.0125 0.04722222222222222
1 0.16975 0.3960370370370371 0.004166666666666667 0.00751851851851847
