1 0.41848958333333336 0.4615740740740741 0.011979166666666667 0.062037037037037036
1 0.3026041666666667 0.4689814814814815 0.014583333333333334 0.06388888888888888
1 0.33151041666666664 0.49675925925925923 0.015104166666666667 0.05462962962962963
1 0.40963541666666664 0.4199074074074074 0.015104166666666667 0.049074074074074076
1 0.6953125 0.6763888888888889 0.019791666666666666 0.08055555555555556
1 0.9104166666666667 0.45694444444444443 0.011458333333333333 0.05648148148148148
1 0.3997395833333333 0.4810185185185185 0.018229166666666668 0.05092592592592592
1 0.50625 0.31712962962962965 0.011458333333333333 0.04351851851851852
1 0.7302083333333333 0.3101851851851852 0.011458333333333333 0.03888888888888889
1 0.6942708333333333 0.3574074074074074 0.014583333333333334 0.04814814814814815
1 0.42421875 0.35138888888888886 0.0109375 0.04537037037037037
1 0.4119791666666667 0.3837962962962963 0.013541666666666667 0.049074074074074076
1 0.9057291666666667 0.37962962962962965 0.013541666666666667 0.04814814814814815
1 0.5401041666666667 0.29444444444444445 0.011458333333333333 0.037037037037037035
1 0.65078125 0.31574074074074077 0.013020833333333334 0.03888888888888889
1 0.59453125 0.3287037037037037 0.013020833333333334 0.03888888888888889
1 0.55625 0.412962962962963 0.009375 0.053703703703703705
1 0.58046875 0.28425925925925927 0.009895833333333333 0.03518518518518519
1 0.61484375 0.3087962962962963 0.008854166666666666 0.03796296296296296
1 0.5338541666666666 0.26944444444444443 0.008333333333333333 0.03888888888888889
1 0.7921875 0.3925925925925926 0.009375 0.05185185185185185
1 0.4401041666666667 0.3527777777777778 0.013541666666666667 0.04814814814814815
1 0.15833333333333333 0.39166666666666666 0.014583333333333334 0.04814814814814815
1 0.6540364583333333 0.3325 0.004010416666666572 0.00574074074074073
