1 0.4044270833333333 0.43425925925925923 0.011979166666666667 0.06111111111111111
1 0.25338541666666664 0.43148148148148147 0.009895833333333333 0.06296296296296296
1 0.28984375 0.45 0.0109375 0.06111111111111111
1 0.3848958333333333 0.3819444444444444 0.011458333333333333 0.05462962962962963
1 0.7424479166666667 0.6736111111111112 0.019270833333333334 0.08055555555555556
1 0.9328125 0.4236111111111111 0.0125 0.05462962962962963
1 0.3609375 0.45046296296296295 0.014583333333333334 0.06388888888888888
1 0.48723958333333334 0.2833333333333333 0.009895833333333333 0.04259259259259259
1 0.675 0.27546296296296297 0.010416666666666666 0.03981481481481482
1 0.69296875 0.3388888888888889 0.0109375 0.05
1 0.3919270833333333 0.30972222222222223 0.008854166666666666 0.049074074074074076
1 0.3575520833333333 0.35185185185185186 0.016145833333333335 0.04814814814814815
1 0.8515625 0.3625 0.0125 0.049074074074074076
1 0.540625 0.2587962962962963 0.010416666666666666 0.030555555555555555
1 0.6140625 0.275 0.011458333333333333 0.04259259259259259
1 0.5549479166666667 0.3013888888888889 0.009895833333333333 0.04537037037037037
1 0.5221354166666666 0.39675925925925926 0.011979166666666667 0.06018518518518518
1 0.54921875 0.2550925925925926 0.0109375 0.03611111111111111
1 0.52890625 0.27037037037037037 0.015104166666666667 0.03148148148148148
1 0.4903645833333333 0.24074074074074073 0.009895833333333333 0.03518518518518519
1 0.8307291666666666 0.37083333333333335 0.017708333333333333 0.05277777777777778
1 0.36822916666666666 0.3212962962962963 0.009375 0.05
1 0.1265625 0.3685185185185185 0.010416666666666666 0.046296296296296294
1 0.5682291666666667 0.26851851851851855 0.004166666666666667 0.007407407407407408
