1 0.37083333333333335 0.4513888888888889 0.01875 0.06944444444444445
1 0.16197916666666667 0.787962962962963 0.030208333333333334 0.1037037037037037
1 0.2674479166666667 0.525 0.0203125 0.07407407407407407
1 0.5348958333333333 0.6694444444444444 0.020833333333333332 0.09259259259259259
1 0.88515625 0.7037037037037037 0.0296875 0.09259259259259259
1 0.8666666666666667 0.44305555555555554 0.015625 0.0712962962962963
1 0.7893229166666667 0.7685185185185185 0.028645833333333332 0.11481481481481481
1 0.31484375 0.31574074074074077 0.019270833333333334 0.05555555555555555
1 0.7888020833333333 0.23703703703703705 0.009895833333333333 0.05
1 0.5419270833333333 0.3449074074074074 0.019270833333333334 0.06574074074074074
1 0.165625 0.2564814814814815 0.011458333333333333 0.04814814814814815
1 0.02421875 0.38935185185185184 0.018229166666666668 0.06388888888888888
1 0.8234375 0.31342592592592594 0.015625 0.05462962962962963
1 0.30625 0.18796296296296297 0.010416666666666666 0.040740740740740744
1 0.3294270833333333 0.2611111111111111 0.013020833333333334 0.046296296296296294
1 0.61015625 0.21851851851851853 0.0078125 0.044444444444444446
1 0.5385416666666667 0.29398148148148145 0.011458333333333333 0.05648148148148148
1 0.5088541666666667 0.21898148148148147 0.011458333333333333 0.04537037037037037
1 0.7526041666666666 0.2199074074074074 0.009375 0.04537037037037037
1 0.26796875 0.13518518518518519 0.008854166666666666 0.03888888888888889
1 0.7341145833333333 0.30185185185185187 0.0109375 0.05740740740740741
1 0.08177083333333333 0.3486111111111111 0.017708333333333333 0.062037037037037036
1 0.006510416666666667 0.3023148148148148 0.013020833333333334 0.058333333333333334
1 0.008078125 0.28509259259259256 0.0046458333333333325 0.008685185185185181
