1 0.36432291666666666 0.4703703703703704 0.018229166666666668 0.08333333333333333
1 0.13203125 0.6101851851851852 0.018229166666666668 0.10185185185185185
1 0.13177083333333334 0.7384259259259259 0.027083333333333334 0.10092592592592593
1 0.371875 0.4199074074074074 0.01875 0.075
1 0.865625 0.850462962962963 0.040625 0.10462962962962963
1 0.87421875 0.34444444444444444 0.018229166666666668 0.06851851851851852
1 0.45755208333333336 0.5226851851851851 0.0265625 0.08425925925925926
1 0.31015625 0.29259259259259257 0.011979166666666667 0.06851851851851852
1 0.5692708333333333 0.08518518518518518 0.010416666666666666 0.037037037037037035
1 0.6755208333333333 0.26851851851851855 0.0125 0.06111111111111111
1 0.26510416666666664 0.23472222222222222 0.015625 0.062037037037037036
1 0.19895833333333332 0.33796296296296297 0.015625 0.07037037037037037
1 0.7989583333333333 0.1814814814814815 0.009375 0.05
1 0.29609375 0.1527777777777778 0.0171875 0.046296296296296294
1 0.3848958333333333 0.17777777777777778 0.009375 0.05
1 0.42994791666666665 0.20787037037037037 0.0109375 0.05462962962962963
1 0.3885416666666667 0.3976851851851852 0.016666666666666666 0.075
1 0.34609375 0.10138888888888889 0.008854166666666666 0.04537037037037037
1 0.46640625 0.14675925925925926 0.008854166666666666 0.04722222222222222
1 0.32005208333333335 0.07037037037037037 0.009895833333333333 0.037037037037037035
1 0.67890625 0.2824074074074074 0.016145833333333335 0.06296296296296296
1 0.24635416666666668 0.35138888888888886 0.019791666666666666 0.06944444444444445
1 0.8536458333333333 0.3592592592592593 0.00625 0.009259259259259259
