1 0.41744791666666664 0.4759259259259259 0.0109375 0.06111111111111111
1 0.32109375 0.4740740740740741 0.009895833333333333 0.06111111111111111
1 0.3359375 0.5148148148148148 0.011458333333333333 0.05925925925925926
1 0.43307291666666664 0.4287037037037037 0.015104166666666667 0.05185185185185185
1 0.6854166666666667 0.6902777777777778 0.016666666666666666 0.0824074074074074
1 0.8986979166666667 0.4675925925925926 0.013020833333333334 0.05555555555555555
1 0.42604166666666665 0.4842592592592593 0.013541666666666667 0.05185185185185185
1 0.5158854166666667 0.32916666666666666 0.011979166666666667 0.04722222222222222
1 0.7432291666666667 0.3175925925925926 0.010416666666666666 0.04259259259259259
1 0.6911458333333333 0.3578703703703704 0.010416666666666666 0.05092592592592592
1 0.44583333333333336 0.35833333333333334 0.0125 0.046296296296296294
1 0.4317708333333333 0.39305555555555555 0.009375 0.04722222222222222
1 0.93046875 0.38055555555555554 0.013020833333333334 0.04814814814814815
1 0.553125 0.3013888888888889 0.009375 0.03611111111111111
1 0.6666666666666666 0.3263888888888889 0.0125 0.04351851851851852
1 0.6166666666666667 0.3398148148148148 0.013541666666666667 0.04259259259259259
1 0.5692708333333333 0.4162037037037037 0.010416666666666666 0.05462962962962963
1 0.5971354166666667 0.29259259259259257 0.009895833333333333 0.037037037037037035
1 0.6291666666666667 0.32037037037037036 0.009375 0.04259259259259259
1 0.5505989583333334 0.27545833333333336 0.00987500000000002 0.03743518518518519
1 0.7684895833333333 0.3912037037037037 0.019270833333333334 0.049074074074074076
1 0.4622395833333333 0.3574074074074074 0.009895833333333333 0.046296296296296294
1 0.16536458333333334 0.3990740740740741 0.011979166666666667 0.05
1 0.6713541666666667 0.3439814814814815 0.005208333333333333 0.008333333333333333
