1 0.41744791666666664 0.475 0.0109375 0.06296296296296296
1 0.31979166666666664 0.4736111111111111 0.010416666666666666 0.06018518518518518
1 0.3359375 0.513425925925926 0.011458333333333333 0.058333333333333334
1 0.43203125 0.42824074074074076 0.0140625 0.05092592592592592
1 0.6864583333333333 0.6893518518518519 0.016666666666666666 0.0824074074074074
1 0.8994791666666667 0.4666666666666667 0.0125 0.05555555555555555
1 0.425 0.4837962962962963 0.0125 0.05277777777777778
1 0.515625 0.3282407407407407 0.0125 0.04722222222222222
1 0.74296875 0.3175925925925926 0.0109375 0.04259259259259259
1 0.6911458333333333 0.3578703703703704 0.010416666666666666 0.05092592592592592
1 0.44479166666666664 0.3574074074074074 0.011458333333333333 0.044444444444444446
1 0.43046875 0.3921296296296296 0.008854166666666666 0.04537037037037037
1 0.9291666666666667 0.38055555555555554 0.011458333333333333 0.04814814814814815
1 0.55234375 0.3013888888888889 0.008854166666666666 0.03611111111111111
1 0.6653645833333334 0.32592592592592595 0.011979166666666667 0.04259259259259259
1 0.6161458333333333 0.33935185185185185 0.013541666666666667 0.041666666666666664
1 0.5682291666666667 0.4162037037037037 0.009375 0.05462962962962963
1 0.5958333333333333 0.29212962962962963 0.010416666666666666 0.03796296296296296
1 0.6283854166666667 0.3199074074074074 0.008854166666666666 0.041666666666666664
1 0.5499557291666667 0.27447685185185183 0.009682291666666742 0.03795370370370371
1 0.7703125 0.3912037037037037 0.017708333333333333 0.05092592592592592
1 0.46145833333333336 0.3578703703703704 0.009375 0.04722222222222222
1 0.16510416666666666 0.39861111111111114 0.0125 0.05092592592592592
1 0.6705729166666666 0.34305555555555556 0.0046875 0.008333333333333333
