1 0.4393229166666667 0.48194444444444445 0.0109375 0.062037037037037036
1 0.3984375 0.47453703703703703 0.014583333333333334 0.06759259259259259
1 0.31171875 0.5976851851851852 0.013020833333333334 0.06944444444444445
1 0.5276041666666667 0.43703703703703706 0.010416666666666666 0.05555555555555555
1 0.675 0.749537037037037 0.020833333333333332 0.09351851851851851
1 0.928125 0.49074074074074076 0.014583333333333334 0.06666666666666667
1 0.5151041666666667 0.5074074074074074 0.010416666666666666 0.05925925925925926
1 0.56796875 0.3375 0.0140625 0.05092592592592592
1 0.7739583333333333 0.29074074074074074 0.010416666666666666 0.03888888888888889
1 0.6802083333333333 0.36064814814814816 0.011458333333333333 0.05277777777777778
1 0.5244791666666667 0.33935185185185185 0.010416666666666666 0.04722222222222222
1 0.4869791666666667 0.3925925925925926 0.010416666666666666 0.05740740740740741
1 0.9182291666666667 0.34629629629629627 0.014583333333333334 0.044444444444444446
1 0.5833333333333334 0.287962962962963 0.008333333333333333 0.03888888888888889
1 0.6453125 0.32175925925925924 0.008333333333333333 0.04722222222222222
1 0.6622395833333333 0.3300925925925926 0.009895833333333333 0.05092592592592592
1 0.603125 0.3972222222222222 0.013541666666666667 0.05555555555555555
1 0.6341145833333334 0.27314814814814814 0.0109375 0.03888888888888889
1 0.6861979166666666 0.3013888888888889 0.0109375 0.04537037037037037
1 0.6059895833333333 0.25601851851851853 0.0109375 0.03611111111111111
1 0.7494791666666667 0.36898148148148147 0.011458333333333333 0.05277777777777778
1 0.5145833333333333 0.3476851851851852 0.008333333333333333 0.049074074074074076
1 0.18046875 0.3800925925925926 0.016145833333333335 0.05277777777777778
1 0.9072083333333333 0.3645833333333333 0.004166666666666667 0.007407407407407408
