1 0.36041666666666666 0.44583333333333336 0.014583333333333334 0.0712962962962963
1 0.30390625 0.47175925925925927 0.0234375 0.0712962962962963
1 0.17473958333333334 0.6791666666666667 0.0171875 0.0787037037037037
1 0.41744791666666664 0.4287037037037037 0.0140625 0.07037037037037037
1 0.6044270833333333 0.7726851851851851 0.024479166666666666 0.10648148148148148
1 0.8299479166666667 0.4375 0.019270833333333334 0.06759259259259259
1 0.45390625 0.5083333333333333 0.015104166666666667 0.07777777777777778
1 0.48802083333333335 0.30416666666666664 0.013541666666666667 0.05277777777777778
1 0.65546875 0.19722222222222222 0.008854166666666666 0.040740740740740744
1 0.5755208333333334 0.30972222222222223 0.0125 0.062037037037037036
1 0.4166666666666667 0.2884259259259259 0.0125 0.05462962962962963
1 0.3731770833333333 0.35 0.013020833333333334 0.05555555555555555
1 0.8005208333333333 0.27314814814814814 0.016666666666666666 0.044444444444444446
1 0.4671875 0.2222222222222222 0.010416666666666666 0.04259259259259259
1 0.4953125 0.2537037037037037 0.010416666666666666 0.04814814814814815
1 0.528125 0.26805555555555555 0.0125 0.05277777777777778
1 0.48828125 0.35555555555555557 0.0140625 0.05925925925925926
1 0.52578125 0.19166666666666668 0.009895833333333333 0.044444444444444446
1 0.5611979166666666 0.22592592592592592 0.009895833333333333 0.046296296296296294
1 0.5088541666666667 0.16944444444444445 0.0125 0.03888888888888889
1 0.65234375 0.30925925925925923 0.0109375 0.053703703703703705
1 0.4005208333333333 0.30277777777777776 0.011458333333333333 0.05740740740740741
1 0.04609375 0.3282407407407407 0.0140625 0.06018518518518518
1 0.79375 0.38935185185185184 0.005208333333333333 0.010185185185185186
