1 0.40182291666666664 0.38101851851851853 0.016145833333333335 0.06574074074074074
1 0.22708333333333333 0.3578703703703704 0.021875 0.06574074074074074
1 0.18854166666666666 0.3837962962962963 0.019791666666666666 0.06018518518518518
1 0.45416666666666666 0.29444444444444445 0.015625 0.05740740740740741
1 0.6893229166666667 0.7791666666666667 0.025520833333333333 0.10277777777777777
1 0.8486979166666667 0.36157407407407405 0.013020833333333334 0.06388888888888888
1 0.37447916666666664 0.4115740740740741 0.019791666666666666 0.06944444444444445
1 0.45364583333333336 0.2273148148148148 0.016666666666666666 0.049074074074074076
1 0.7598958333333333 0.18888888888888888 0.013541666666666667 0.044444444444444446
1 0.58515625 0.2513888888888889 0.013020833333333334 0.05462962962962963
1 0.38229166666666664 0.18935185185185185 0.014583333333333334 0.03981481481481482
1 0.31354166666666666 0.25416666666666665 0.020833333333333332 0.06574074074074074
1 0.7325520833333333 0.24444444444444444 0.0109375 0.05185185185185185
1 0.4265625 0.1935185185185185 0.011458333333333333 0.044444444444444446
1 0.45677083333333335 0.19768518518518519 0.010416666666666666 0.03981481481481482
1 0.5653645833333333 0.21666666666666667 0.0140625 0.04814814814814815
1 0.45078125 0.3337962962962963 0.019270833333333334 0.06018518518518518
1 0.48723958333333334 0.1625 0.013020833333333334 0.041666666666666664
1 0.55078125 0.18425925925925926 0.011979166666666667 0.040740740740740744
1 0.4265625 0.13425925925925927 0.010416666666666666 0.03518518518518519
1 0.73984375 0.2361111111111111 0.008854166666666666 0.05185185185185185
1 0.28463541666666664 0.20046296296296295 0.0140625 0.04351851851851852
1 0.08619791666666667 0.24027777777777778 0.016145833333333335 0.05092592592592592
1 0.4510416666666667 0.17685185185185184 0.004166666666666667 0.007407407407407408
