1 0.459375 0.4976851851851852 0.019791666666666666 0.06944444444444445
1 0.28567708333333336 0.762962962962963 0.027604166666666666 0.09814814814814815
1 0.32447916666666665 0.5402777777777777 0.015625 0.06759259259259259
1 0.5786458333333333 0.6810185185185185 0.026041666666666668 0.08796296296296297
1 0.92109375 0.7032407407407407 0.016145833333333335 0.09166666666666666
1 0.8799479166666667 0.44722222222222224 0.013020833333333334 0.06851851851851852
1 0.82890625 0.7490740740740741 0.0296875 0.09259259259259259
1 0.3692708333333333 0.33935185185185185 0.016666666666666666 0.058333333333333334
1 0.7807291666666667 0.25601851851851853 0.011458333333333333 0.049074074074074076
1 0.5994791666666667 0.3648148148148148 0.019791666666666666 0.06296296296296296
1 0.23359375 0.27824074074074073 0.013020833333333334 0.05092592592592592
1 0.08385416666666666 0.4060185185185185 0.019791666666666666 0.06388888888888888
1 0.8299479166666667 0.3199074074074074 0.008854166666666666 0.05462962962962963
1 0.32838541666666665 0.2175925925925926 0.009895833333333333 0.044444444444444446
1 0.3731770833333333 0.2824074074074074 0.011979166666666667 0.05
1 0.6130208333333333 0.2569444444444444 0.009375 0.049074074074074076
1 0.55703125 0.30277777777777776 0.013020833333333334 0.05185185185185185
1 0.5239583333333333 0.2361111111111111 0.014583333333333334 0.046296296296296294
1 0.7447916666666666 0.24074074074074073 0.009375 0.04814814814814815
1 0.31354166666666666 0.15231481481481482 0.011458333333333333 0.032407407407407406
1 0.728125 0.29398148148148145 0.010416666666666666 0.05277777777777778
1 0.09088541666666666 0.3592592592592593 0.013020833333333334 0.06296296296296296
1 0.00234375 0.32175925925925924 0.0046875 0.04537037037037037
