1 0.378125 0.37222222222222223 0.01875 0.06666666666666667
1 0.22421875 0.3541666666666667 0.024479166666666666 0.062037037037037036
1 0.19401041666666666 0.4023148148148148 0.022395833333333334 0.06574074074074074
1 0.4359375 0.27685185185185185 0.015625 0.05740740740740741
1 0.6669270833333333 0.7916666666666666 0.024479166666666666 0.10740740740740741
1 0.81328125 0.3537037037037037 0.015104166666666667 0.06481481481481481
1 0.36354166666666665 0.4023148148148148 0.022916666666666665 0.06759259259259259
1 0.43828125 0.2162037037037037 0.0109375 0.05092592592592592
1 0.72734375 0.15787037037037038 0.013020833333333334 0.041666666666666664
1 0.5614583333333333 0.2462962962962963 0.011458333333333333 0.05740740740740741
1 0.3528645833333333 0.1875 0.0171875 0.04537037037037037
1 0.31015625 0.24444444444444444 0.019270833333333334 0.05925925925925926
1 0.6885416666666667 0.2125 0.010416666666666666 0.05092592592592592
1 0.41119791666666666 0.16944444444444445 0.019270833333333334 0.04259259259259259
1 0.45026041666666666 0.1814814814814815 0.0140625 0.044444444444444446
1 0.540625 0.19444444444444445 0.0125 0.04814814814814815
1 0.43723958333333335 0.32407407407407407 0.0203125 0.06111111111111111
1 0.46510416666666665 0.13703703703703704 0.010416666666666666 0.04259259259259259
1 0.52421875 0.15925925925925927 0.009895833333333333 0.044444444444444446
1 0.41692708333333334 0.11574074074074074 0.008854166666666666 0.02962962962962963
1 0.6783854166666666 0.21064814814814814 0.0109375 0.049074074074074076
1 0.2877604166666667 0.19907407407407407 0.011979166666666667 0.046296296296296294
1 0.05182291666666667 0.2324074074074074 0.016145833333333335 0.053703703703703705
