1 0.5109375 0.525 0.015625 0.07592592592592592
1 0.11979166666666667 0.5814814814814815 0.015625 0.08518518518518518
1 0.4778645833333333 0.6023148148148149 0.021354166666666667 0.07314814814814814
1 0.2484375 0.5578703703703703 0.013541666666666667 0.0787037037037037
1 0.86171875 0.7898148148148149 0.025520833333333333 0.10185185185185185
1 0.9109375 0.475 0.017708333333333333 0.07407407407407407
1 0.45260416666666664 0.6425925925925926 0.016666666666666666 0.08888888888888889
1 0.28177083333333336 0.4064814814814815 0.0125 0.06851851851851852
1 0.6815104166666667 0.21435185185185185 0.0109375 0.04722222222222222
1 0.61640625 0.40324074074074073 0.009895833333333333 0.07314814814814814
1 0.15755208333333334 0.37175925925925923 0.0171875 0.062037037037037036
1 0.11770833333333333 0.4532407407407407 0.014583333333333334 0.07314814814814814
1 0.8359375 0.3111111111111111 0.014583333333333334 0.05555555555555555
1 0.21770833333333334 0.2773148148148148 0.010416666666666666 0.05277777777777778
1 0.5395833333333333 0.3263888888888889 0.011458333333333333 0.05462962962962963
1 0.41328125 0.32685185185185184 0.009895833333333333 0.05925925925925926
1 0.26197916666666665 0.663425925925926 0.03229166666666667 0.09351851851851851
1 0.47552083333333334 0.22685185185185186 0.010416666666666666 0.04814814814814815
1 0.37395833333333334 0.28055555555555556 0.011458333333333333 0.053703703703703705
1 0.2518229166666667 0.1865740740740741 0.0109375 0.041666666666666664
1 0.4440104166666667 0.5305555555555556 0.022395833333333334 0.07222222222222222
1 0.4622395833333333 0.4013888888888889 0.0171875 0.06574074074074074
1 0.47317708333333336 0.43194444444444446 0.005729166666666666 0.010185185185185186
