1 0.33515625 0.4634259259259259 0.016145833333333335 0.08055555555555556
1 0.13151041666666666 0.5407407407407407 0.0203125 0.09444444444444444
1 0.13177083333333334 0.6768518518518518 0.021875 0.1037037037037037
1 0.36223958333333334 0.375 0.013020833333333334 0.06851851851851852
1 0.8268229166666666 0.8898148148148148 0.028645833333333332 0.1111111111111111
1 0.8572916666666667 0.3476851851851852 0.013541666666666667 0.06574074074074074
1 0.3966145833333333 0.5185185185185185 0.0171875 0.08148148148148149
1 0.33541666666666664 0.2722222222222222 0.015625 0.06481481481481481
1 0.59296875 0.0962962962962963 0.0109375 0.03888888888888889
1 0.6278645833333333 0.28564814814814815 0.0203125 0.06759259259259259
1 0.2796875 0.22592592592592592 0.011458333333333333 0.06111111111111111
1 0.22005208333333334 0.3194444444444444 0.0109375 0.07222222222222222
1 0.7927083333333333 0.18888888888888888 0.009375 0.05
1 0.31302083333333336 0.15092592592592594 0.010416666666666666 0.05
1 0.39791666666666664 0.17037037037037037 0.008333333333333333 0.05
1 0.45208333333333334 0.19537037037037036 0.011458333333333333 0.053703703703703705
1 0.396875 0.4064814814814815 0.015625 0.07592592592592592
1 0.38307291666666665 0.09953703703703703 0.009895833333333333 0.03981481481481482
1 0.4817708333333333 0.14675925925925926 0.008333333333333333 0.04722222222222222
1 0.3463541666666667 0.08009259259259259 0.010416666666666666 0.041666666666666664
1 0.6763020833333333 0.2675925925925926 0.018229166666666668 0.06111111111111111
1 0.24921875 0.32037037037037036 0.015104166666666667 0.06666666666666667
1 0.78671875 0.21435185185185185 0.005729166666666666 0.010185185185185186
