1 0.4114583333333333 0.49166666666666664 0.014583333333333334 0.06296296296296296
1 0.3372395833333333 0.4861111111111111 0.018229166666666668 0.06481481481481481
1 0.3265625 0.5430555555555555 0.010416666666666666 0.06574074074074074
1 0.4609375 0.44074074074074077 0.014583333333333334 0.05185185185185185
1 0.66875 0.7064814814814815 0.017708333333333333 0.08333333333333333
1 0.9018229166666667 0.4810185185185185 0.011979166666666667 0.058333333333333334
1 0.44609375 0.5023148148148148 0.013020833333333334 0.05648148148148148
1 0.5268229166666667 0.3439814814814815 0.011979166666666667 0.04537037037037037
1 0.7513020833333334 0.325 0.009895833333333333 0.04259259259259259
1 0.6875 0.3648148148148148 0.008333333333333333 0.046296296296296294
1 0.46640625 0.36574074074074076 0.0109375 0.04814814814814815
1 0.44635416666666666 0.4083333333333333 0.011458333333333333 0.053703703703703705
1 0.9450520833333333 0.3851851851851852 0.013020833333333334 0.04814814814814815
1 0.5635416666666667 0.31115740740740744 0.009375 0.03509259259259257
1 0.67265625 0.3384259259259259 0.008854166666666666 0.041666666666666664
1 0.6393229166666666 0.3490740740740741 0.016145833333333335 0.046296296296296294
1 0.5778645833333333 0.4217592592592593 0.0171875 0.05277777777777778
1 0.60859375 0.3013888888888889 0.011979166666666667 0.03981481481481482
1 0.6481770833333333 0.32916666666666666 0.0078125 0.03611111111111111
1 0.5653463541666667 0.2866527777777778 0.008984375 0.040675925925925935
1 0.7432291666666667 0.3925925925925926 0.0125 0.05
1 0.48020833333333335 0.3662037037037037 0.008333333333333333 0.04722222222222222
1 0.16848958333333333 0.4060185185185185 0.0109375 0.05277777777777778
1 0.76796875 0.37175925925925923 0.005729166666666666 0.010185185185185186
