1 0.640625 0.5856481481481481 0.020833333333333332 0.075
1 0.43854166666666666 0.6912037037037037 0.030208333333333334 0.08981481481481482
1 0.46536458333333336 0.6143518518518518 0.025520833333333333 0.075
1 0.6236979166666666 0.6828703703703703 0.0265625 0.0824074074074074
1 0.9263020833333333 0.6962962962962963 0.0265625 0.08703703703703704
1 0.8604166666666667 0.475462962962963 0.014583333333333334 0.06574074074074074
1 0.865625 0.7337962962962963 0.027083333333333334 0.08796296296296297
1 0.44140625 0.42314814814814816 0.0140625 0.06296296296296296
1 0.76015625 0.30972222222222223 0.011979166666666667 0.041666666666666664
1 0.6755208333333333 0.40555555555555556 0.015625 0.06481481481481481
1 0.3111979166666667 0.33611111111111114 0.015104166666666667 0.053703703703703705
1 0.19505208333333332 0.4722222222222222 0.013020833333333334 0.06481481481481481
1 0.8096354166666667 0.3773148148148148 0.011979166666666667 0.05648148148148148
1 0.34609375 0.29583333333333334 0.011979166666666667 0.049074074074074076
1 0.43984375 0.3421296296296296 0.0109375 0.049074074074074076
1 0.60078125 0.350462962962963 0.009895833333333333 0.05092592592592592
1 0.5627604166666667 0.34305555555555556 0.015104166666666667 0.05277777777777778
1 0.50625 0.2865740740740741 0.009375 0.04722222222222222
1 0.6846354166666667 0.30092592592592593 0.009895833333333333 0.044444444444444446
1 0.36953125 0.1962962962962963 0.0109375 0.037037037037037035
1 0.7182291666666667 0.38055555555555554 0.013541666666666667 0.05740740740740741
1 0.04973958333333333 0.41203703703703703 0.013020833333333334 0.06296296296296296
