1 0.2677083333333333 0.42314814814814816 0.011458333333333333 0.05185185185185185
1 0.07630208333333334 0.5023148148148148 0.0140625 0.058333333333333334
1 0.22421875 0.5018518518518519 0.0171875 0.06111111111111111
1 0.3302083333333333 0.5111111111111111 0.021875 0.06481481481481481
1 0.5104166666666666 0.7157407407407408 0.023958333333333335 0.07777777777777778
1 0.9059895833333333 0.6041666666666666 0.016145833333333335 0.0787037037037037
1 0.334375 0.6768518518518518 0.017708333333333333 0.07037037037037037
1 0.28567708333333336 0.3837962962962963 0.011979166666666667 0.05462962962962963
1 0.6606770833333333 0.3453703703703704 0.016145833333333335 0.04259259259259259
1 0.5463541666666667 0.39861111111111114 0.016666666666666666 0.058333333333333334
1 0.21536458333333333 0.3388888888888889 0.011979166666666667 0.046296296296296294
1 0.15911458333333334 0.37962962962962965 0.0140625 0.05185185185185185
1 0.94375 0.46620370370370373 0.014583333333333334 0.058333333333333334
1 0.23958333333333334 0.3199074074074074 0.015625 0.04351851851851852
1 0.34427083333333336 0.30462962962962964 0.010416666666666666 0.03888888888888889
1 0.5010416666666667 0.3486111111111111 0.016666666666666666 0.04351851851851852
1 0.34921875 0.40925925925925927 0.0171875 0.05
1 0.43645833333333334 0.3143518518518518 0.010416666666666666 0.04351851851851852
1 0.5770833333333333 0.34675925925925927 0.015625 0.04537037037037037
1 0.44765625 0.2125 0.008854166666666666 0.03425925925925926
1 0.8833333333333333 0.4740740740740741 0.013541666666666667 0.05925925925925926
1 0.22265625 0.3814814814814815 0.013020833333333334 0.05185185185185185
