1 0.24140625 0.41203703703703703 0.013020833333333334 0.046296296296296294
1 0.11953125 0.44814814814814813 0.022395833333333334 0.06111111111111111
1 0.11744791666666667 0.5481481481481482 0.0171875 0.06111111111111111
1 0.30911458333333336 0.43333333333333335 0.0171875 0.03888888888888889
1 0.46901041666666665 0.6962962962962963 0.027604166666666666 0.08148148148148149
1 0.8552083333333333 0.6032407407407407 0.01875 0.08055555555555556
1 0.32838541666666665 0.5606481481481481 0.0203125 0.05648148148148148
1 0.32083333333333336 0.38425925925925924 0.009375 0.053703703703703705
1 0.63984375 0.3314814814814815 0.0140625 0.044444444444444446
1 0.5544270833333333 0.4125 0.0140625 0.062037037037037036
1 0.23776041666666667 0.3421296296296296 0.0109375 0.05092592592592592
1 0.16484375 0.38472222222222224 0.013020833333333334 0.05648148148148148
1 0.9544270833333334 0.4842592592592593 0.011979166666666667 0.05740740740740741
1 0.18255208333333334 0.3472222222222222 0.011979166666666667 0.044444444444444446
1 0.3190104166666667 0.2916666666666667 0.0109375 0.03888888888888889
1 0.49921875 0.3675925925925926 0.0109375 0.053703703703703705
1 0.3546875 0.41064814814814815 0.011458333333333333 0.05092592592592592
1 0.38828125 0.32037037037037036 0.0140625 0.04814814814814815
1 0.48854166666666665 0.3435185185185185 0.016666666666666666 0.046296296296296294
1 0.47026041666666674 0.20652777777777778 0.00788541666666666 0.035462962962962946
1 0.94296875 0.49398148148148147 0.0171875 0.062037037037037036
1 0.01346875 0.3985185185185185 0.0121875 0.05092592592592592
1 0.13890624999999998 0.38910648148148147 0.010104166666666655 0.05580555555555554
