1 0.6317708333333333 0.5782407407407407 0.017708333333333333 0.0712962962962963
1 0.4283854166666667 0.6995370370370371 0.0234375 0.08796296296296297
1 0.45286458333333335 0.6125 0.022395833333333334 0.07685185185185185
1 0.6200520833333333 0.6837962962962963 0.025520833333333333 0.0824074074074074
1 0.9294270833333333 0.6949074074074074 0.021354166666666667 0.08796296296296297
1 0.8645833333333334 0.4740740740740741 0.019791666666666666 0.06666666666666667
1 0.8690104166666667 0.7351851851851852 0.015104166666666667 0.09074074074074075
1 0.43671875 0.4134259259259259 0.016145833333333335 0.06018518518518518
1 0.7622395833333333 0.300462962962963 0.011979166666666667 0.041666666666666664
1 0.6765625 0.4023148148148148 0.014583333333333334 0.06388888888888888
1 0.30807291666666664 0.3314814814814815 0.016145833333333335 0.053703703703703705
1 0.18359375 0.46574074074074073 0.015104166666666667 0.06666666666666667
1 0.8158854166666667 0.37222222222222223 0.011979166666666667 0.053703703703703705
1 0.3453125 0.287962962962963 0.0125 0.04814814814814815
1 0.43411458333333336 0.3351851851851852 0.013020833333333334 0.05
1 0.6026041666666667 0.33935185185185185 0.010416666666666666 0.04722222222222222
1 0.5619791666666667 0.3384259259259259 0.015625 0.05277777777777778
1 0.5109375 0.2814814814814815 0.0125 0.046296296296296294
1 0.6950520833333333 0.2935185185185185 0.008854166666666666 0.046296296296296294
1 0.3658854166666667 0.19074074074074074 0.009895833333333333 0.037037037037037035
1 0.7182291666666667 0.36944444444444446 0.013541666666666667 0.05555555555555555
1 0.054947916666666666 0.4078703703703704 0.018229166666666668 0.062037037037037036
