1 0.4265625 0.3976851851851852 0.017708333333333333 0.06388888888888888
1 0.22994791666666667 0.3648148148148148 0.011979166666666667 0.06111111111111111
1 0.21927083333333333 0.3800925925925926 0.0125 0.05648148148148148
1 0.4596354166666667 0.324537037037037 0.0171875 0.05648148148148148
1 0.7330729166666666 0.7527777777777778 0.021354166666666667 0.10555555555555556
1 0.8890625 0.37824074074074077 0.013541666666666667 0.06388888888888888
1 0.39010416666666664 0.425462962962963 0.016666666666666666 0.06759259259259259
1 0.45729166666666665 0.24861111111111112 0.015625 0.04537037037037037
1 0.7703125 0.22824074074074074 0.014583333333333334 0.041666666666666664
1 0.6026041666666667 0.2777777777777778 0.010416666666666666 0.04814814814814815
1 0.3997395833333333 0.21898148148148147 0.015104166666666667 0.041666666666666664
1 0.3255208333333333 0.28703703703703703 0.011458333333333333 0.05185185185185185
1 0.79375 0.2810185185185185 0.011458333333333333 0.05092592592592592
1 0.4640625 0.21203703703703702 0.011458333333333333 0.040740740740740744
1 0.47630208333333335 0.22870370370370371 0.011979166666666667 0.044444444444444446
1 0.57578125 0.24953703703703703 0.016145833333333335 0.04722222222222222
1 0.47604166666666664 0.35509259259259257 0.013541666666666667 0.062037037037037036
1 0.5122395833333333 0.19814814814814816 0.009895833333333333 0.03888888888888889
1 0.546875 0.21481481481481482 0.011458333333333333 0.044444444444444446
1 0.45703125 0.16805555555555557 0.0109375 0.03425925925925926
1 0.8026041666666667 0.2814814814814815 0.010416666666666666 0.053703703703703705
1 0.2947916666666667 0.22361111111111112 0.0125 0.03796296296296296
1 0.10416666666666667 0.2740740740740741 0.0125 0.05
