1 0.44114583333333335 0.41435185185185186 0.015625 0.06388888888888888
1 0.24557291666666667 0.38564814814814813 0.0234375 0.05648148148148148
1 0.27786458333333336 0.3962962962962963 0.0140625 0.05925925925925926
1 0.46041666666666664 0.34629629629629627 0.015625 0.05555555555555555
1 0.77109375 0.7268518518518519 0.018229166666666668 0.1
1 0.9385416666666667 0.4023148148148148 0.013541666666666667 0.06018518518518518
1 0.4005208333333333 0.42962962962962964 0.011458333333333333 0.05925925925925926
1 0.5002604166666667 0.2569444444444444 0.008854166666666666 0.04537037037037037
1 0.7575520833333333 0.25277777777777777 0.0171875 0.044444444444444446
1 0.6463541666666667 0.30462962962962964 0.017708333333333333 0.04814814814814815
1 0.42213541666666665 0.25601851851851853 0.011979166666666667 0.04722222222222222
1 0.3609375 0.3055555555555556 0.011458333333333333 0.05
1 0.8713541666666667 0.32083333333333336 0.0125 0.05092592592592592
1 0.5229166666666667 0.22824074074074074 0.0125 0.03981481481481482
1 0.5341145833333333 0.2518518518518518 0.0140625 0.037037037037037035
1 0.5901041666666667 0.2777777777777778 0.015625 0.04814814814814815
1 0.52421875 0.37407407407407406 0.013020833333333334 0.06111111111111111
1 0.5513020833333333 0.2175925925925926 0.009895833333333333 0.03333333333333333
1 0.5455729166666666 0.24027777777777778 0.009895833333333333 0.04351851851851852
1 0.50546875 0.19814814814814816 0.009895833333333333 0.040740740740740744
1 0.8552083333333333 0.3263888888888889 0.0125 0.05277777777777778
1 0.3182291666666667 0.26064814814814813 0.014583333333333334 0.03981481481481482
1 0.12942708333333333 0.3138888888888889 0.011979166666666667 0.05
