1 0.34479166666666666 0.37175925925925923 0.014583333333333334 0.04537037037037037
1 0.1984375 0.37916666666666665 0.017708333333333333 0.06574074074074074
1 0.17526041666666667 0.4361111111111111 0.021354166666666667 0.06296296296296296
1 0.4125 0.28055555555555556 0.01875 0.05740740740740741
1 0.6528645833333333 0.8287037037037037 0.025520833333333333 0.11481481481481481
1 0.7901041666666667 0.36018518518518516 0.017708333333333333 0.06481481481481481
1 0.35078125 0.41759259259259257 0.0234375 0.06111111111111111
1 0.4192708333333333 0.22175925925925927 0.017708333333333333 0.05092592592592592
1 0.6817708333333333 0.14166666666666666 0.010416666666666666 0.044444444444444446
1 0.5479166666666667 0.24953703703703703 0.015625 0.05648148148148148
1 0.3296875 0.20092592592592592 0.014583333333333334 0.046296296296296294
1 0.30104166666666665 0.24583333333333332 0.021875 0.06018518518518518
1 0.6502604166666667 0.19953703703703704 0.016145833333333335 0.04351851851851852
1 0.38567708333333334 0.1597222222222222 0.011979166666666667 0.03796296296296296
1 0.4356770833333333 0.17037037037037037 0.015104166666666667 0.03888888888888889
1 0.5057291666666667 0.1837962962962963 0.010416666666666666 0.049074074074074076
1 0.4125 0.33240740740740743 0.019791666666666666 0.06296296296296296
1 0.43411458333333336 0.12638888888888888 0.009895833333333333 0.03796296296296296
1 0.48515625 0.14953703703703702 0.008854166666666666 0.04722222222222222
1 0.39817708333333335 0.10787037037037037 0.009895833333333333 0.03425925925925926
1 0.6328125 0.20694444444444443 0.013541666666666667 0.04722222222222222
1 0.2877604166666667 0.21296296296296297 0.011979166666666667 0.044444444444444446
1 0.47025 0.14125925925925925 0.005208333333333333 0.009259259259259259
