1 0.67109375 0.5898148148148148 0.019270833333333334 0.07777777777777778
1 0.46197916666666666 0.6810185185185185 0.01875 0.08611111111111111
1 0.49635416666666665 0.6171296296296296 0.01875 0.07685185185185185
1 0.6348958333333333 0.6810185185185185 0.023958333333333335 0.0824074074074074
1 0.928125 0.6944444444444444 0.021875 0.08518518518518518
1 0.8575520833333333 0.487962962962963 0.015104166666666667 0.06481481481481481
1 0.8739583333333333 0.725 0.028125 0.08703703703703704
1 0.453125 0.4356481481481482 0.014583333333333334 0.062037037037037036
1 0.7614583333333333 0.3236111111111111 0.013541666666666667 0.04722222222222222
1 0.6859375 0.4074074074074074 0.013541666666666667 0.06111111111111111
1 0.3223958333333333 0.34444444444444444 0.0125 0.05185185185185185
1 0.21848958333333332 0.4773148148148148 0.021354166666666667 0.06574074074074074
1 0.8057291666666667 0.3861111111111111 0.010416666666666666 0.05925925925925926
1 0.3533854166666667 0.30648148148148147 0.009895833333333333 0.046296296296296294
1 0.4552083333333333 0.3527777777777778 0.011458333333333333 0.05
1 0.6005208333333333 0.36666666666666664 0.011458333333333333 0.05185185185185185
1 0.5690104166666666 0.35 0.0140625 0.05
1 0.5057291666666667 0.29444444444444445 0.011458333333333333 0.046296296296296294
1 0.6734375 0.3125 0.009375 0.049074074074074076
1 0.37890625 0.2023148148148148 0.008854166666666666 0.03425925925925926
1 0.7270833333333333 0.399537037037037 0.0125 0.05462962962962963
1 0.0515625 0.4148148148148148 0.014583333333333334 0.06111111111111111
