1 0.3338541666666667 0.4708333333333333 0.021875 0.0787037037037037
1 0.11432291666666666 0.5736111111111111 0.019270833333333334 0.09907407407407408
1 0.11666666666666667 0.7055555555555556 0.023958333333333335 0.0962962962962963
1 0.346875 0.39861111111111114 0.014583333333333334 0.07685185185185185
1 0.8380208333333333 0.8782407407407408 0.023958333333333335 0.11388888888888889
1 0.8533854166666667 0.3365740740740741 0.021354166666666667 0.06574074074074074
1 0.409375 0.5324074074074074 0.027083333333333334 0.08518518518518518
1 0.31328125 0.27824074074074073 0.0140625 0.06574074074074074
1 0.5783854166666667 0.08888888888888889 0.0140625 0.040740740740740744
1 0.6385416666666667 0.2865740740740741 0.0125 0.06574074074074074
1 0.25807291666666665 0.23425925925925925 0.011979166666666667 0.06111111111111111
1 0.19817708333333334 0.3351851851851852 0.016145833333333335 0.07037037037037037
1 0.7794270833333333 0.1824074074074074 0.013020833333333334 0.05
1 0.29296875 0.15324074074074073 0.0109375 0.049074074074074076
1 0.38125 0.17175925925925925 0.008333333333333333 0.05092592592592592
1 0.43203125 0.2 0.0109375 0.05555555555555555
1 0.38619791666666664 0.4060185185185185 0.015104166666666667 0.075
1 0.35885416666666664 0.09861111111111111 0.010416666666666666 0.04351851851851852
1 0.47161458333333334 0.14305555555555555 0.009895833333333333 0.049074074074074076
1 0.32734375 0.07407407407407407 0.009895833333333333 0.03888888888888889
1 0.67109375 0.2726851851851852 0.015104166666666667 0.062037037037037036
1 0.23489583333333333 0.337037037037037 0.013541666666666667 0.07037037037037037
1 0.7822916666666667 0.24259259259259258 0.005208333333333333 0.009259259259259259
