1 0.4627604166666667 0.4847222222222222 0.022395833333333334 0.075
1 0.09244791666666667 0.5361111111111111 0.018229166666666668 0.09074074074074075
1 0.28411458333333334 0.538425925925926 0.0171875 0.075
1 0.3776041666666667 0.4671296296296296 0.01875 0.06944444444444445
1 0.8096354166666667 0.7930555555555555 0.024479166666666666 0.10462962962962963
1 0.92578125 0.449537037037037 0.011979166666666667 0.07314814814814814
1 0.42890625 0.5421296296296296 0.015104166666666667 0.08055555555555556
1 0.30234375 0.37546296296296294 0.015104166666666667 0.06759259259259259
1 0.6546875 0.18935185185185185 0.011458333333333333 0.041666666666666664
1 0.6066848958333334 0.34065740740740735 0.01069270833333332 0.05831481481481478
1 0.17630208333333333 0.3277777777777778 0.0171875 0.05740740740740741
1 0.17526041666666667 0.39444444444444443 0.021354166666666667 0.07037037037037037
1 0.834375 0.2675925925925926 0.010416666666666666 0.05555555555555555
1 0.20625 0.23981481481481481 0.0125 0.05
1 0.43125 0.2972222222222222 0.017708333333333333 0.053703703703703705
1 0.40677083333333336 0.30787037037037035 0.011458333333333333 0.05648148148148148
1 0.2984375 0.5717592592592593 0.01875 0.0824074074074074
1 0.3763020833333333 0.20601851851851852 0.009895833333333333 0.04537037037037037
1 0.3609375 0.24074074074074073 0.016666666666666666 0.04259259259259259
1 0.25859375 0.1574074074074074 0.011979166666666667 0.040740740740740744
1 0.6018749999999999 0.34525 0.015104166666666667 0.06296296296296296
1 0.33046875 0.3837962962962963 0.022395833333333334 0.06574074074074074
