1 0.53984375 0.5370370370370371 0.022395833333333334 0.07037037037037037
1 0.3533854166666667 0.7328703703703704 0.030729166666666665 0.10092592592592593
1 0.375 0.5824074074074074 0.01875 0.07407407407407407
1 0.5880208333333333 0.6782407407407407 0.016666666666666666 0.08425925925925926
1 0.91875 0.6986111111111111 0.026041666666666668 0.08796296296296297
1 0.8669270833333333 0.45601851851851855 0.015104166666666667 0.06759259259259259
1 0.83828125 0.7342592592592593 0.028645833333333332 0.08888888888888889
1 0.39869791666666665 0.3731481481481482 0.0171875 0.05925925925925926
1 0.7572916666666667 0.2726851851851852 0.009375 0.04722222222222222
1 0.6356770833333333 0.38425925925925924 0.016145833333333335 0.06296296296296296
1 0.2682291666666667 0.30833333333333335 0.010416666666666666 0.05185185185185185
1 0.11848958333333333 0.4393518518518518 0.016145833333333335 0.06574074074074074
1 0.8158854166666667 0.34305555555555556 0.015104166666666667 0.05277777777777778
1 0.3265625 0.2550925925925926 0.011458333333333333 0.04537037037037037
1 0.3924479166666667 0.3101851851851852 0.0171875 0.05
1 0.59609375 0.2986111111111111 0.0109375 0.05277777777777778
1 0.5505208333333333 0.3226851851851852 0.01875 0.049074074074074076
1 0.5096354166666667 0.25925925925925924 0.0140625 0.046296296296296294
1 0.71484375 0.2638888888888889 0.0109375 0.046296296296296294
1 0.33203125 0.17222222222222222 0.0109375 0.03518518518518519
1 0.7046875 0.32222222222222224 0.0125 0.046296296296296294
1 0.055989583333333336 0.3861111111111111 0.016145833333333335 0.06296296296296296
