1 0.3109375 0.4615740740740741 0.013541666666666667 0.075
1 0.10078125 0.5953703703703703 0.0234375 0.08518518518518518
1 0.08229166666666667 0.7041666666666667 0.021875 0.09351851851851851
1 0.3411458333333333 0.4356481481481482 0.017708333333333333 0.06944444444444445
1 0.8244791666666667 0.8268518518518518 0.027083333333333334 0.10185185185185185
1 0.89921875 0.4060185185185185 0.025520833333333333 0.06759259259259259
1 0.46640625 0.512962962962963 0.0203125 0.07592592592592592
1 0.2520833333333333 0.3384259259259259 0.019791666666666666 0.06759259259259259
1 0.5049479166666667 0.13333333333333333 0.011979166666666667 0.03888888888888889
1 0.5502604166666667 0.2847222222222222 0.011979166666666667 0.062037037037037036
1 0.215625 0.2861111111111111 0.013541666666666667 0.05925925925925926
1 0.19140625 0.3773148148148148 0.0171875 0.062037037037037036
1 0.771875 0.21898148148148147 0.011458333333333333 0.049074074074074076
1 0.24166666666666667 0.20601851851851852 0.0125 0.04537037037037037
1 0.2947916666666667 0.24351851851851852 0.010416666666666666 0.05185185185185185
1 0.43359375 0.2657407407407407 0.0109375 0.05555555555555555
1 0.2635416666666667 0.3972222222222222 0.016666666666666666 0.06851851851851852
1 0.22838541666666667 0.16574074074074074 0.011979166666666667 0.04259259259259259
1 0.46458333333333335 0.19814814814814816 0.011458333333333333 0.046296296296296294
1 0.23645833333333333 0.13287037037037036 0.013541666666666667 0.03981481481481482
1 0.7572916666666667 0.22916666666666666 0.014583333333333334 0.04537037037037037
1 0.18125 0.38842592592592595 0.013541666666666667 0.06388888888888888
1 0.8796875 0.42824074074074076 0.00625 0.010185185185185186
