1 0.41744791666666664 0.4597222222222222 0.0140625 0.058333333333333334
1 0.2981770833333333 0.46944444444444444 0.0234375 0.06481481481481481
1 0.32786458333333335 0.49074074074074076 0.016145833333333335 0.05740740740740741
1 0.4049479166666667 0.41712962962962963 0.011979166666666667 0.05092592592592592
1 0.69921875 0.6736111111111112 0.018229166666666668 0.08055555555555556
1 0.91484375 0.45046296296296295 0.009895833333333333 0.05648148148148148
1 0.39375 0.47685185185185186 0.017708333333333333 0.05555555555555555
1 0.5036458333333333 0.3138888888888889 0.013541666666666667 0.04259259259259259
1 0.7252604166666666 0.30833333333333335 0.0109375 0.03518518518518519
1 0.6966145833333334 0.35694444444444445 0.0109375 0.049074074074074076
1 0.4171875 0.3527777777777778 0.010416666666666666 0.046296296296296294
1 0.4041666666666667 0.3800925925925926 0.013541666666666667 0.04351851851851852
1 0.8971354166666666 0.3800925925925926 0.009895833333333333 0.04722222222222222
1 0.5369791666666667 0.29259259259259257 0.011458333333333333 0.03518518518518519
1 0.6455729166666667 0.31296296296296294 0.0109375 0.037037037037037035
1 0.58828125 0.32592592592592595 0.0109375 0.03888888888888889
1 0.5489583333333333 0.412962962962963 0.016666666666666666 0.053703703703703705
1 0.57265625 0.2833333333333333 0.013020833333333334 0.03518518518518519
1 0.6091145833333333 0.30648148148148147 0.008854166666666666 0.037037037037037035
1 0.52734375 0.2689814814814815 0.0109375 0.03796296296296296
1 0.7986979166666667 0.39444444444444443 0.015104166666666667 0.05185185185185185
1 0.43359375 0.3527777777777778 0.0078125 0.04814814814814815
1 0.15572916666666667 0.38981481481481484 0.013541666666666667 0.04814814814814815
1 0.646953125 0.32893518518518516 0.003489583333333357 0.006203703703703746
