1 0.40651041666666665 0.4425925925925926 0.013020833333333334 0.06111111111111111
1 0.2635416666666667 0.45046296296296295 0.015625 0.062037037037037036
1 0.3020833333333333 0.4666666666666667 0.015625 0.05925925925925926
1 0.3776041666666667 0.3976851851851852 0.016666666666666666 0.05092592592592592
1 0.72421875 0.6671296296296296 0.022395833333333334 0.0824074074074074
1 0.92578125 0.43148148148148147 0.0109375 0.05740740740740741
1 0.36380208333333336 0.4601851851851852 0.0140625 0.06111111111111111
1 0.49244791666666665 0.2962962962962963 0.0109375 0.046296296296296294
1 0.6859375 0.287962962962963 0.0125 0.037037037037037035
1 0.6958333333333333 0.3472222222222222 0.011458333333333333 0.05
1 0.39481249999999996 0.32796296296296296 0.009572916666666664 0.04203703703703702
1 0.3734375 0.36064814814814816 0.009375 0.05092592592592592
1 0.8557291666666667 0.3763888888888889 0.0125 0.04537037037037037
1 0.540625 0.27314814814814814 0.009375 0.02962962962962963
1 0.6309895833333333 0.28935185185185186 0.009895833333333333 0.041666666666666664
1 0.5528645833333333 0.3111111111111111 0.016145833333333335 0.040740740740740744
1 0.5286458333333334 0.4027777777777778 0.0125 0.05555555555555555
1 0.5463541666666667 0.2662037037037037 0.008333333333333333 0.03425925925925926
1 0.55703125 0.2824074074074074 0.009895833333333333 0.03148148148148148
1 0.50234375 0.2513888888888889 0.008854166666666666 0.03981481481481482
1 0.8197916666666667 0.3819444444444444 0.014583333333333334 0.05277777777777778
1 0.39348958333333334 0.3351851851851852 0.013020833333333334 0.053703703703703705
1 0.13645833333333332 0.3787037037037037 0.010416666666666666 0.05
1 0.6015625 0.2986111111111111 0.005208333333333333 0.008333333333333333
