1 0.5361979166666667 0.5060185185185185 0.0171875 0.0787037037037037
1 0.10416666666666667 0.5671296296296297 0.01875 0.08611111111111111
1 0.490625 0.5953703703703703 0.021875 0.07777777777777778
1 0.3026041666666667 0.5476851851851852 0.019791666666666666 0.07685185185185185
1 0.8765625 0.7875 0.026041666666666668 0.10277777777777777
1 0.89296875 0.4666666666666667 0.015104166666666667 0.07037037037037037
1 0.46328125 0.6365740740740741 0.015104166666666667 0.08796296296296297
1 0.29973958333333334 0.3990740740740741 0.011979166666666667 0.06851851851851852
1 0.6971354166666667 0.2111111111111111 0.0109375 0.046296296296296294
1 0.6330729166666667 0.4009259259259259 0.0109375 0.07037037037037037
1 0.17395833333333333 0.3638888888888889 0.016666666666666666 0.06296296296296296
1 0.11979166666666667 0.4671296296296296 0.019791666666666666 0.07314814814814814
1 0.8513020833333333 0.3074074074074074 0.0140625 0.05555555555555555
1 0.23229166666666667 0.27175925925925926 0.013541666666666667 0.05277777777777778
1 0.55859375 0.32037037037037036 0.011979166666666667 0.05555555555555555
1 0.4283854166666667 0.3212962962962963 0.009895833333333333 0.05925925925925926
1 0.25755208333333335 0.6699074074074074 0.0203125 0.08981481481481482
1 0.5018229166666667 0.21666666666666667 0.011979166666666667 0.04814814814814815
1 0.39036458333333335 0.27175925925925926 0.013020833333333334 0.05277777777777778
1 0.26458333333333334 0.17916666666666667 0.009375 0.04351851851851852
1 0.44583333333333336 0.5194444444444445 0.011458333333333333 0.07777777777777778
1 0.4765625 0.39861111111111114 0.009375 0.06574074074074074
1 0.48776041666666664 0.4273148148148148 0.005729166666666666 0.010185185185185186
