1 0.4046875 0.4324074074074074 0.0125 0.05925925925925926
1 0.2518229166666667 0.4273148148148148 0.0109375 0.06388888888888888
1 0.28854166666666664 0.4462962962962963 0.010416666666666666 0.06111111111111111
1 0.3885416666666667 0.3763888888888889 0.010416666666666666 0.05648148148148148
1 0.7466145833333333 0.6759259259259259 0.022395833333333334 0.08333333333333333
1 0.9325520833333333 0.4222222222222222 0.0171875 0.05740740740740741
1 0.36354166666666665 0.4476851851851852 0.0125 0.062037037037037036
1 0.4864583333333333 0.2791666666666667 0.010416666666666666 0.04351851851851852
1 0.6744791666666666 0.27314814814814814 0.011458333333333333 0.037037037037037035
1 0.6916666666666667 0.337037037037037 0.009375 0.05
1 0.39348958333333334 0.3050925925925926 0.008854166666666666 0.04722222222222222
1 0.35494791666666664 0.3486111111111111 0.018229166666666668 0.04722222222222222
1 0.8513020833333333 0.3587962962962963 0.013020833333333334 0.049074074074074076
1 0.5386458333333334 0.2551388888888889 0.01583333333333338 0.03009259259259259
1 0.6091145833333333 0.27546296296296297 0.011979166666666667 0.041666666666666664
1 0.5567708333333333 0.3 0.008333333333333333 0.04814814814814815
1 0.5216145833333333 0.39537037037037037 0.011979166666666667 0.05925925925925926
1 0.54765625 0.25046296296296294 0.013020833333333334 0.03796296296296296
1 0.5260416666666666 0.2671296296296296 0.013541666666666667 0.030555555555555555
1 0.4890625 0.2375 0.009375 0.03611111111111111
1 0.83125 0.3675925925925926 0.016666666666666666 0.05185185185185185
1 0.36276041666666664 0.31527777777777777 0.008854166666666666 0.04722222222222222
1 0.12447916666666667 0.362962962962963 0.010416666666666666 0.05185185185185185
1 0.55859375 0.26296296296296295 0.0036458333333333334 0.007407407407407408
