1 0.4557291666666667 0.49537037037037035 0.023958333333333335 0.07222222222222222
1 0.28072916666666664 0.7620370370370371 0.03125 0.09814814814814815
1 0.3221354166666667 0.538425925925926 0.0171875 0.06759259259259259
1 0.5770833333333333 0.6805555555555556 0.026041666666666668 0.08888888888888889
1 0.9197916666666667 0.7037037037037037 0.01875 0.09259259259259259
1 0.8791666666666667 0.4476851851851852 0.016666666666666666 0.06759259259259259
1 0.8296875 0.7486111111111111 0.028125 0.09351851851851851
1 0.36770833333333336 0.337037037037037 0.01875 0.06111111111111111
1 0.7825520833333334 0.25462962962962965 0.011979166666666667 0.04814814814814815
1 0.5984375 0.36342592592592593 0.017708333333333333 0.06388888888888888
1 0.23333333333333334 0.27870370370370373 0.010416666666666666 0.05185185185185185
1 0.08333333333333333 0.40370370370370373 0.016666666666666666 0.06481481481481481
1 0.83046875 0.3194444444444444 0.0109375 0.05555555555555555
1 0.3294270833333333 0.2152777777777778 0.0109375 0.04351851851851852
1 0.3723958333333333 0.2800925925925926 0.013541666666666667 0.05092592592592592
1 0.6143229166666667 0.25462962962962965 0.009895833333333333 0.04814814814814815
1 0.5575520833333333 0.30277777777777776 0.0140625 0.05185185185185185
1 0.5247395833333334 0.23472222222222222 0.013020833333333334 0.04722222222222222
1 0.7466145833333333 0.23981481481481481 0.008854166666666666 0.04814814814814815
1 0.31328125 0.15185185185185185 0.008854166666666666 0.03333333333333333
1 0.7302083333333333 0.29398148148148145 0.010416666666666666 0.05277777777777778
1 0.09348958333333333 0.3578703703703704 0.0140625 0.062037037037037036
1 0.00390625 0.3189814814814815 0.0078125 0.05092592592592592
