1 0.4205729166666667 0.4949074074074074 0.0140625 0.062037037037037036
1 0.36692708333333335 0.48842592592592593 0.0171875 0.062037037037037036
1 0.31640625 0.5722222222222222 0.015104166666666667 0.06296296296296296
1 0.49375 0.4449074074074074 0.015625 0.05648148148148148
1 0.6635416666666667 0.7319444444444444 0.01875 0.08611111111111111
1 0.90859375 0.4925925925925926 0.0140625 0.05925925925925926
1 0.47161458333333334 0.5092592592592593 0.0140625 0.05740740740740741
1 0.54375 0.350462962962963 0.013541666666666667 0.04722222222222222
1 0.7578125 0.3212962962962963 0.0125 0.040740740740740744
1 0.68515625 0.37453703703703706 0.009895833333333333 0.04351851851851852
1 0.49166666666666664 0.3611111111111111 0.013541666666666667 0.04259259259259259
1 0.46119791666666665 0.4125 0.0171875 0.05462962962962963
1 0.9419270833333333 0.3814814814814815 0.0109375 0.05
1 0.5755208333333334 0.30972222222222223 0.010416666666666666 0.03981481481481482
1 0.6661458333333333 0.3435185185185185 0.009375 0.04259259259259259
1 0.6546875 0.3523148148148148 0.011458333333333333 0.04351851851851852
1 0.58671875 0.41712962962962963 0.011979166666666667 0.049074074074074076
1 0.6200520833333333 0.29953703703703705 0.009895833333333333 0.03796296296296296
1 0.6677083333333333 0.32037037037037036 0.007291666666666667 0.025925925925925925
1 0.5799479166666667 0.2828703703703704 0.0078125 0.03425925925925926
1 0.73359375 0.3921296296296296 0.015104166666666667 0.04537037037037037
1 0.49609375 0.36574074074074076 0.009895833333333333 0.046296296296296294
1 0.17291666666666666 0.4064814814814815 0.016666666666666666 0.05185185185185185
1 0.8515625 0.38425925925925924 0.005208333333333333 0.009259259259259259
