1 0.41822916666666665 0.3907407407407407 0.016666666666666666 0.06296296296296296
1 0.22604166666666667 0.36944444444444446 0.019791666666666666 0.06666666666666667
1 0.19869791666666667 0.3824074074074074 0.0140625 0.05555555555555555
1 0.45651041666666664 0.31342592592592594 0.013020833333333334 0.05277777777777778
1 0.715625 0.7597222222222222 0.020833333333333332 0.10092592592592593
1 0.8708333333333333 0.3699074074074074 0.013541666666666667 0.06018518518518518
1 0.3815104166666667 0.4217592592592593 0.013020833333333334 0.06759259259259259
1 0.45260416666666664 0.23935185185185184 0.015625 0.049074074074074076
1 0.7674479166666667 0.21296296296296297 0.0140625 0.04259259259259259
1 0.5966145833333333 0.2671296296296296 0.011979166666666667 0.049074074074074076
1 0.39375 0.20601851851851852 0.016666666666666666 0.041666666666666664
1 0.31197916666666664 0.2791666666666667 0.021875 0.05277777777777778
1 0.7682291666666666 0.2675925925925926 0.011458333333333333 0.05185185185185185
1 0.44088541666666664 0.20833333333333334 0.011979166666666667 0.040740740740740744
1 0.4640625 0.21574074074074073 0.010416666666666666 0.04259259259259259
1 0.5703125 0.2375 0.011458333333333333 0.04722222222222222
1 0.46015625 0.34629629629629627 0.016145833333333335 0.06111111111111111
1 0.50078125 0.1837962962962963 0.009895833333333333 0.041666666666666664
1 0.5473958333333333 0.20462962962962963 0.011458333333333333 0.04259259259259259
1 0.4375 0.15601851851851853 0.009375 0.032407407407407406
1 0.7796875 0.2652777777777778 0.010416666666666666 0.05277777777777778
1 0.28463541666666664 0.21342592592592594 0.008854166666666666 0.03981481481481482
1 0.09739583333333333 0.2611111111111111 0.013541666666666667 0.044444444444444446
1 0.4965234375 0.1756851851851852 0.0044843750000000075 0.006481481481481481
