1 0.4942708333333333 0.5203703703703704 0.023958333333333335 0.07222222222222222
1 0.07760416666666667 0.5879629629629629 0.03125 0.08703703703703704
1 0.34427083333333336 0.6097222222222223 0.027083333333333334 0.08611111111111111
1 0.32083333333333336 0.5185185185185185 0.014583333333333334 0.08333333333333333
1 0.8375 0.8138888888888889 0.030208333333333334 0.10185185185185185
1 0.921875 0.47175925925925927 0.021875 0.0712962962962963
1 0.45859375 0.5875 0.025520833333333333 0.07685185185185185
1 0.2825520833333333 0.40879629629629627 0.015104166666666667 0.06388888888888888
1 0.6604166666666667 0.2101851851851852 0.015625 0.04259259259259259
1 0.5955729166666667 0.3819444444444444 0.0234375 0.06574074074074074
1 0.16276041666666666 0.36064814814814816 0.016145833333333335 0.06388888888888888
1 0.1203125 0.44583333333333336 0.021875 0.07314814814814814
1 0.83359375 0.2972222222222222 0.008854166666666666 0.05555555555555555
1 0.1953125 0.26990740740740743 0.009375 0.05092592592592592
1 0.4625 0.3194444444444444 0.013541666666666667 0.05
1 0.4080729166666667 0.33287037037037037 0.013020833333333334 0.05462962962962963
1 0.2872395833333333 0.6175925925925926 0.0203125 0.08703703703703704
1 0.40989583333333335 0.2273148148148148 0.0125 0.04351851851851852
1 0.34791666666666665 0.26666666666666666 0.010416666666666666 0.05185185185185185
1 0.24635416666666668 0.18055555555555555 0.0125 0.040740740740740744
1 0.5434895833333333 0.42314814814814816 0.0203125 0.06296296296296296
1 0.3846354166666667 0.4064814814814815 0.019270833333333334 0.06111111111111111
1 0.5848958333333333 0.4050925925925926 0.005208333333333333 0.010185185185185186
