1 0.4088541666666667 0.44907407407407407 0.013541666666666667 0.05925925925925926
1 0.2765625 0.4583333333333333 0.016666666666666666 0.06481481481481481
1 0.31171875 0.47685185185185186 0.011979166666666667 0.05555555555555555
1 0.38776041666666666 0.40555555555555556 0.011979166666666667 0.05555555555555555
1 0.7140625 0.6680555555555555 0.01875 0.08055555555555556
1 0.9216145833333333 0.44027777777777777 0.0109375 0.05462962962962963
1 0.37421875 0.46620370370370373 0.0140625 0.058333333333333334
1 0.49505208333333334 0.30462962962962964 0.008854166666666666 0.044444444444444446
1 0.7005208333333334 0.2953703703703704 0.008333333333333333 0.03888888888888889
1 0.69609375 0.3527777777777778 0.008854166666666666 0.04814814814814815
1 0.39895833333333336 0.3435185185185185 0.011458333333333333 0.05
1 0.38333333333333336 0.36898148148148147 0.016666666666666666 0.04537037037037037
1 0.87109375 0.37777777777777777 0.0109375 0.04814814814814815
1 0.5364583333333334 0.2823611111111111 0.011458333333333333 0.03342592592592595
1 0.6359375 0.3 0.008333333333333333 0.037037037037037035
1 0.5661458333333333 0.31574074074074077 0.014583333333333334 0.040740740740740744
1 0.5354166666666667 0.40879629629629627 0.0125 0.05648148148148148
1 0.5518229166666667 0.27361111111111114 0.013020833333333334 0.03611111111111111
1 0.5807291666666666 0.2916666666666667 0.0125 0.037037037037037035
1 0.51171875 0.2611111111111111 0.0109375 0.03888888888888889
1 0.8106770833333333 0.3888888888888889 0.019270833333333334 0.05185185185185185
1 0.4083333333333333 0.34444444444444444 0.010416666666666666 0.05
1 0.14505208333333333 0.3837962962962963 0.0140625 0.05092592592592592
1 0.6197916666666666 0.3111111111111111 0.004166666666666667 0.007407407407407408
