1 0.33098958333333334 0.37037037037037035 0.013020833333333334 0.06111111111111111
1 0.10026041666666667 0.5412037037037037 0.024479166666666666 0.0787037037037037
1 0.23151041666666666 0.45046296296296295 0.0171875 0.06759259259259259
1 0.440625 0.5041666666666667 0.01875 0.07314814814814814
1 0.7130208333333333 0.687962962962963 0.026041666666666668 0.08888888888888889
1 0.9013020833333333 0.4699074074074074 0.013020833333333334 0.0712962962962963
1 0.5197916666666667 0.7430555555555556 0.026041666666666668 0.08796296296296297
1 0.30625 0.2935185185185185 0.01875 0.053703703703703705
1 0.74140625 0.25972222222222224 0.016145833333333335 0.04351851851851852
1 0.5325520833333334 0.31666666666666665 0.015104166666666667 0.05925925925925926
1 0.17734375 0.24166666666666667 0.015104166666666667 0.046296296296296294
1 0.07864583333333333 0.31851851851851853 0.014583333333333334 0.05555555555555555
1 0.8799479166666667 0.33240740740740743 0.0109375 0.05555555555555555
1 0.265625 0.21157407407407408 0.010416666666666666 0.03796296296296296
1 0.37005208333333334 0.23796296296296296 0.011979166666666667 0.044444444444444446
1 0.56953125 0.21666666666666667 0.0109375 0.044444444444444446
1 0.44765625 0.3087962962962963 0.016145833333333335 0.05462962962962963
1 0.4661458333333333 0.2199074074074074 0.014583333333333334 0.04351851851851852
1 0.6669270833333333 0.25787037037037036 0.0109375 0.04722222222222222
1 0.3697916666666667 0.12222222222222222 0.008333333333333333 0.03518518518518519
1 0.7856770833333333 0.3375 0.013020833333333334 0.05648148148148148
1 0.0125 0.3365740740740741 0.010416666666666666 0.05462962962962963
1 0.18932291666666667 0.28888888888888886 0.0140625 0.053703703703703705
