1 0.3765625 0.45601851851851855 0.014583333333333334 0.06944444444444445
1 0.2786458333333333 0.5060185185185185 0.022916666666666665 0.075
1 0.17682291666666666 0.7435185185185185 0.019270833333333334 0.0962962962962963
1 0.42552083333333335 0.44907407407407407 0.015625 0.07222222222222222
1 0.6361979166666667 0.7949074074074074 0.0203125 0.10277777777777777
1 0.8213541666666667 0.44212962962962965 0.016666666666666666 0.062037037037037036
1 0.4661458333333333 0.5370370370370371 0.014583333333333334 0.08148148148148149
1 0.5018229166666667 0.3263888888888889 0.015104166666666667 0.062037037037037036
1 0.6625 0.1962962962962963 0.009375 0.040740740740740744
1 0.5940104166666667 0.32037037037037036 0.013020833333333334 0.06296296296296296
1 0.4161458333333333 0.29814814814814816 0.0125 0.05555555555555555
1 0.37161458333333336 0.36157407407407405 0.015104166666666667 0.06018518518518518
1 0.8239583333333333 0.28564814814814815 0.0125 0.049074074074074076
1 0.46979166666666666 0.22870370370370371 0.010416666666666666 0.044444444444444446
1 0.5036458333333333 0.2611111111111111 0.013541666666666667 0.044444444444444446
1 0.5208333333333334 0.2740740740740741 0.0125 0.05185185185185185
1 0.49166666666666664 0.36898148148148147 0.013541666666666667 0.058333333333333334
1 0.5322916666666667 0.19166666666666668 0.010416666666666666 0.04259259259259259
1 0.56015625 0.2273148148148148 0.008854166666666666 0.04537037037037037
1 0.5216145833333333 0.1638888888888889 0.009895833333333333 0.037037037037037035
1 0.6596354166666667 0.3189814814814815 0.0109375 0.058333333333333334
1 0.40260416666666665 0.3143518518518518 0.013541666666666667 0.05648148148148148
1 0.0546875 0.3236111111111111 0.013541666666666667 0.058333333333333334
1 0.790625 0.45694444444444443 0.00625 0.010185185185185186
