1 0.325 0.38842592592592595 0.017708333333333333 0.062037037037037036
1 0.22265625 0.4236111111111111 0.016145833333333335 0.06944444444444445
1 0.14244791666666667 0.6166666666666667 0.019270833333333334 0.08148148148148149
1 0.4234375 0.39861111111111114 0.015625 0.06388888888888888
1 0.63515625 0.7324074074074074 0.0234375 0.10185185185185185
1 0.8106770833333333 0.45092592592592595 0.011979166666666667 0.06851851851851852
1 0.41354166666666664 0.5041666666666667 0.017708333333333333 0.075
1 0.4588541666666667 0.3143518518518518 0.013541666666666667 0.05648148148148148
1 0.7026041666666667 0.22407407407407406 0.009375 0.04259259259259259
1 0.5955729166666667 0.3199074074074074 0.021354166666666667 0.06018518518518518
1 0.3223958333333333 0.27037037037037037 0.020833333333333332 0.053703703703703705
1 0.25442708333333336 0.30462962962962964 0.0140625 0.05925925925925926
1 0.88203125 0.35138888888888886 0.0140625 0.058333333333333334
1 0.26015625 0.26296296296296295 0.011979166666666667 0.044444444444444446
1 0.28567708333333336 0.24305555555555555 0.0140625 0.04537037037037037
1 0.5255208333333333 0.2800925925925926 0.014583333333333334 0.05092592592592592
1 0.47421875 0.3972222222222222 0.018229166666666668 0.06666666666666667
1 0.41875 0.19675925925925927 0.013541666666666667 0.04537037037037037
1 0.4940104166666667 0.22962962962962963 0.0109375 0.046296296296296294
1 0.47734375 0.13796296296296295 0.008854166666666666 0.03518518518518519
1 0.8447916666666667 0.37453703703703706 0.015625 0.06388888888888888
1 0.24088541666666666 0.29212962962962963 0.015104166666666667 0.03611111111111111
1 0.15182291666666667 0.2763888888888889 0.0171875 0.04722222222222222
