1 0.39140625 0.4550925925925926 0.015104166666666667 0.0712962962962963
1 0.2786458333333333 0.5171296296296296 0.017708333333333333 0.08055555555555556
1 0.18723958333333332 0.7587962962962963 0.030729166666666665 0.10092592592592593
1 0.4440104166666667 0.4439814814814815 0.0171875 0.0712962962962963
1 0.65546875 0.8087962962962963 0.025520833333333333 0.11018518518518519
1 0.8145833333333333 0.4393518518518518 0.020833333333333332 0.05277777777777778
1 0.47239583333333335 0.5351851851851852 0.020833333333333332 0.07962962962962963
1 0.5182291666666666 0.3296296296296296 0.013541666666666667 0.06296296296296296
1 0.6770833333333334 0.19305555555555556 0.009375 0.04351851851851852
1 0.6078125 0.31712962962962965 0.0125 0.062037037037037036
1 0.42473958333333334 0.2972222222222222 0.011979166666666667 0.05740740740740741
1 0.3809895833333333 0.36203703703703705 0.0171875 0.06111111111111111
1 0.8356770833333333 0.28379629629629627 0.0109375 0.05277777777777778
1 0.4786458333333333 0.2273148148148148 0.010416666666666666 0.041666666666666664
1 0.5111979166666667 0.26157407407407407 0.018229166666666668 0.03981481481481482
1 0.5302083333333333 0.2726851851851852 0.0125 0.05277777777777778
1 0.5026041666666666 0.37083333333333335 0.014583333333333334 0.062037037037037036
1 0.54296875 0.19027777777777777 0.0109375 0.03981481481481482
1 0.57109375 0.22361111111111112 0.008854166666666666 0.04537037037037037
1 0.5338541666666666 0.1587962962962963 0.010416666666666666 0.03796296296296296
1 0.66953125 0.31805555555555554 0.0109375 0.058333333333333334
1 0.41041666666666665 0.31203703703703706 0.011458333333333333 0.05925925925925926
1 0.06927083333333334 0.3143518518518518 0.013541666666666667 0.05648148148148148
1 0.7799479166666666 0.4597222222222222 0.005729166666666666 0.010185185185185186
