1 0.41848958333333336 0.4703703703703704 0.016145833333333335 0.06481481481481481
1 0.31484375 0.47314814814814815 0.022395833333333334 0.06111111111111111
1 0.33541666666666664 0.5083333333333333 0.011458333333333333 0.05740740740740741
1 0.42526041666666664 0.425 0.011979166666666667 0.053703703703703705
1 0.6893229166666667 0.6833333333333333 0.0171875 0.08148148148148149
1 0.9028645833333333 0.45925925925925926 0.011979166666666667 0.05740740740740741
1 0.4161458333333333 0.48518518518518516 0.017708333333333333 0.05185185185185185
1 0.5135416666666667 0.324537037037037 0.010416666666666666 0.04351851851851852
1 0.7401041666666667 0.31527777777777777 0.011458333333333333 0.041666666666666664
1 0.6924479166666667 0.35694444444444445 0.0109375 0.05092592592592592
1 0.43697916666666664 0.35555555555555557 0.0125 0.04814814814814815
1 0.4244791666666667 0.38842592592592595 0.0125 0.04722222222222222
1 0.92109375 0.3800925925925926 0.0109375 0.04722222222222222
1 0.5465625000000001 0.2992592592592592 0.012916666666666642 0.03481481481481483
1 0.659375 0.3212962962962963 0.011458333333333333 0.040740740740740744
1 0.6104166666666667 0.3351851851851852 0.009375 0.03888888888888889
1 0.5627604166666667 0.4152777777777778 0.0140625 0.05277777777777778
1 0.5908854166666667 0.287962962962963 0.009895833333333333 0.03888888888888889
1 0.6239583333333333 0.31527777777777777 0.010416666666666666 0.04351851851851852
1 0.5441432291666667 0.273162037037037 0.011098958333333424 0.03586111111111113
1 0.7796875 0.39351851851851855 0.0125 0.05
1 0.45416666666666666 0.35462962962962963 0.014583333333333334 0.04814814814814815
1 0.16354166666666667 0.3958333333333333 0.011458333333333333 0.049074074074074076
1 0.665625 0.33935185185185185 0.004166666666666667 0.008333333333333333
