1 0.29713541666666665 0.4337962962962963 0.018229166666666668 0.07685185185185185
1 0.05390625 0.6416666666666667 0.027604166666666666 0.1
1 0.05520833333333333 0.7796296296296297 0.034375 0.1111111111111111
1 0.31927083333333334 0.4023148148148148 0.01875 0.07314814814814814
1 0.8203125 0.7611111111111111 0.022916666666666665 0.1037037037037037
1 0.7765625 0.31851851851851853 0.01875 0.06666666666666667
1 0.490625 0.4810185185185185 0.025 0.0712962962962963
1 0.21901041666666668 0.3143518518518518 0.022395833333333334 0.06944444444444445
1 0.4278645833333333 0.07824074074074074 0.011979166666666667 0.03796296296296296
1 0.5010416666666667 0.2388888888888889 0.014583333333333334 0.06111111111111111
1 0.15182291666666667 0.24814814814814815 0.0171875 0.06111111111111111
1 0.10104166666666667 0.36203703703703705 0.020833333333333332 0.07222222222222222
1 0.68359375 0.1685185185185185 0.011979166666666667 0.05
1 0.17291666666666666 0.16898148148148148 0.017708333333333333 0.05092592592592592
1 0.24557291666666667 0.20694444444444443 0.0109375 0.05092592592592592
1 0.36822916666666666 0.225 0.01875 0.05555555555555555
1 0.25416666666666665 0.3680555555555556 0.017708333333333333 0.0712962962962963
1 0.18776041666666668 0.11527777777777778 0.0109375 0.04537037037037037
1 0.36223958333333334 0.14444444444444443 0.009895833333333333 0.05
1 0.18046875 0.08148148148148149 0.0109375 0.037037037037037035
1 0.671875 0.19444444444444445 0.0125 0.046296296296296294
1 0.14244791666666667 0.37777777777777777 0.019270833333333334 0.07407407407407407
1 0.75703125 0.33796296296296297 0.005729166666666666 0.009259259259259259
