1 0.38671875 0.36527777777777776 0.0171875 0.06018518518518518
1 0.16666666666666666 0.6157407407407407 0.022916666666666665 0.08888888888888889
1 0.28046875 0.4666666666666667 0.021354166666666667 0.06666666666666667
1 0.5104166666666666 0.5569444444444445 0.015625 0.0824074074074074
1 0.85 0.6800925925925926 0.028125 0.08981481481481482
1 0.91484375 0.44305555555555554 0.0171875 0.06759259259259259
1 0.7010416666666667 0.8032407407407407 0.028125 0.09537037037037037
1 0.35520833333333335 0.27546296296296297 0.015625 0.05462962962962963
1 0.828125 0.24583333333333332 0.0125 0.049074074074074076
1 0.5734375 0.3060185185185185 0.025 0.06018518518518518
1 0.19557291666666668 0.2212962962962963 0.009895833333333333 0.04814814814814815
1 0.08359375 0.3263888888888889 0.0171875 0.058333333333333334
1 0.91640625 0.32731481481481484 0.0109375 0.05462962962962963
1 0.3307291666666667 0.17546296296296296 0.009375 0.03981481481481482
1 0.41015625 0.22777777777777777 0.008854166666666666 0.046296296296296294
1 0.62734375 0.18518518518518517 0.0140625 0.04259259259259259
1 0.5494791666666666 0.2824074074074074 0.011458333333333333 0.05185185185185185
1 0.5325520833333334 0.20555555555555555 0.013020833333333334 0.044444444444444446
1 0.765625 0.22453703703703703 0.011458333333333333 0.04722222222222222
1 0.36666666666666664 0.11064814814814815 0.008333333333333333 0.03611111111111111
1 0.79765625 0.3296296296296296 0.011979166666666667 0.05740740740740741
1 0.115625 0.32175925925925924 0.01875 0.05648148148148148
1 0.15989583333333332 0.2675925925925926 0.010416666666666666 0.053703703703703705
