1 0.31953125 0.37453703703703706 0.016145833333333335 0.062037037037037036
1 0.0953125 0.5199074074074074 0.017708333333333333 0.0712962962962963
1 0.23359375 0.44583333333333336 0.013020833333333334 0.06388888888888888
1 0.4317708333333333 0.487962962962963 0.014583333333333334 0.06851851851851852
1 0.6651041666666667 0.6953703703703704 0.028125 0.08888888888888889
1 0.909375 0.4935185185185185 0.023958333333333335 0.06851851851851852
1 0.4747395833333333 0.7212962962962963 0.0265625 0.08333333333333333
1 0.30520833333333336 0.3055555555555556 0.017708333333333333 0.05185185185185185
1 0.7276041666666667 0.2689814814814815 0.008333333333333333 0.04537037037037037
1 0.5348958333333333 0.324537037037037 0.011458333333333333 0.06018518518518518
1 0.19010416666666666 0.2537037037037037 0.014583333333333334 0.046296296296296294
1 0.10260416666666666 0.31666666666666665 0.0125 0.053703703703703705
1 0.89921875 0.3509259259259259 0.008854166666666666 0.06296296296296296
1 0.2625 0.22592592592592592 0.009375 0.040740740740740744
1 0.36354166666666665 0.2439814814814815 0.009375 0.03981481481481482
1 0.5643229166666667 0.23703703703703705 0.008854166666666666 0.044444444444444446
1 0.42604166666666665 0.32175925925925924 0.015625 0.05277777777777778
1 0.46067708333333335 0.22962962962962963 0.015104166666666667 0.044444444444444446
1 0.64921875 0.26805555555555555 0.013020833333333334 0.04722222222222222
1 0.39166666666666666 0.13194444444444445 0.007291666666666667 0.032407407407407406
1 0.809375 0.3486111111111111 0.013541666666666667 0.05648148148148148
1 0.005729166666666666 0.33935185185185185 0.011458333333333333 0.05092592592592592
1 0.21171875 0.29953703703703705 0.013020833333333334 0.05462962962962963
