1 0.6830729166666667 0.5953703703703703 0.019270833333333334 0.07222222222222222
1 0.471875 0.6731481481481482 0.027083333333333334 0.08888888888888889
1 0.5065104166666666 0.6180555555555556 0.019270833333333334 0.07314814814814814
1 0.6369791666666667 0.6800925925925926 0.019791666666666666 0.08055555555555556
1 0.925 0.6935185185185185 0.026041666666666668 0.08333333333333333
1 0.8557291666666667 0.4949074074074074 0.015625 0.06574074074074074
1 0.8731770833333333 0.7194444444444444 0.016145833333333335 0.08703703703703704
1 0.4583333333333333 0.4444444444444444 0.013541666666666667 0.06296296296296296
1 0.7651041666666667 0.3277777777777778 0.011458333333333333 0.044444444444444446
1 0.69140625 0.41064814814814815 0.0171875 0.06018518518518518
1 0.32786458333333335 0.3449074074074074 0.0140625 0.05277777777777778
1 0.22864583333333333 0.48055555555555557 0.013541666666666667 0.06666666666666667
1 0.8036458333333333 0.39444444444444443 0.0125 0.05740740740740741
1 0.35651041666666666 0.3111111111111111 0.0109375 0.046296296296296294
1 0.46197916666666666 0.3541666666666667 0.016666666666666666 0.049074074074074076
1 0.60234375 0.37175925925925923 0.011979166666666667 0.05462962962962963
1 0.57421875 0.35138888888888886 0.013020833333333334 0.049074074074074076
1 0.5052083333333334 0.29814814814814816 0.009375 0.044444444444444446
1 0.6697916666666667 0.31666666666666665 0.010416666666666666 0.046296296296296294
1 0.38333333333333336 0.20416666666666666 0.010416666666666666 0.03611111111111111
1 0.7307291666666667 0.4115740740740741 0.013541666666666667 0.058333333333333334
1 0.0515625 0.4152777777777778 0.015625 0.06018518518518518
