1 0.5026041666666666 0.5236111111111111 0.025 0.07314814814814814
1 0.078125 0.5893518518518519 0.027083333333333334 0.08611111111111111
1 0.3528645833333333 0.6180555555555556 0.0234375 0.08425925925925926
1 0.31328125 0.5268518518518519 0.0140625 0.07777777777777778
1 0.84140625 0.812037037037037 0.027604166666666666 0.10185185185185185
1 0.92265625 0.4736111111111111 0.018229166666666668 0.07314814814814814
1 0.4609375 0.5925925925925926 0.021875 0.07222222222222222
1 0.2838541666666667 0.4115740740740741 0.016666666666666666 0.062037037037037036
1 0.6611979166666667 0.21296296296296297 0.016145833333333335 0.04259259259259259
1 0.5973958333333333 0.38425925925925924 0.014583333333333334 0.06481481481481481
1 0.16380208333333332 0.36666666666666664 0.015104166666666667 0.06296296296296296
1 0.11588541666666667 0.44675925925925924 0.018229166666666668 0.075
1 0.83359375 0.3023148148148148 0.009895833333333333 0.05648148148148148
1 0.19713541666666667 0.2726851851851852 0.0109375 0.05277777777777778
1 0.47161458333333334 0.32083333333333336 0.018229166666666668 0.05092592592592592
1 0.4083333333333333 0.33287037037037037 0.0125 0.05648148148148148
1 0.28567708333333336 0.6259259259259259 0.019270833333333334 0.09074074074074075
1 0.41848958333333336 0.22824074074074074 0.0171875 0.04351851851851852
1 0.34869791666666666 0.2712962962962963 0.009895833333333333 0.05185185185185185
1 0.24739583333333334 0.1824074074074074 0.011458333333333333 0.04259259259259259
1 0.5369791666666667 0.43796296296296294 0.020833333333333332 0.07222222222222222
1 0.39479166666666665 0.4064814814814815 0.025 0.05925925925925926
1 0.5846354166666666 0.40879629629629627 0.0046875 0.010185185185185186
