1 0.18125 0.3013888888888889 0.011458333333333333 0.05092592592592592
1 0.44817708333333334 0.38333333333333336 0.009895833333333333 0.06111111111111111
1 0.58984375 0.28888888888888886 0.013020833333333334 0.05185185185185185
1 0.43671875 0.34444444444444444 0.011979166666666667 0.05555555555555555
1 0.83046875 0.6712962962962963 0.016145833333333335 0.07592592592592592
1 0.3375 0.4777777777777778 0.0125 0.06481481481481481
1 0.6770833333333334 0.6370370370370371 0.011458333333333333 0.07777777777777778
1 0.3015625 0.7564814814814815 0.017708333333333333 0.09074074074074075
1 0.23645833333333333 0.6268518518518519 0.015625 0.07962962962962963
1 0.17890625 0.20046296296296295 0.013020833333333334 0.041666666666666664
1 0.5473958333333333 0.25277777777777777 0.009375 0.037037037037037035
1 0.13125 0.4064814814814815 0.0125 0.06111111111111111
1 0.4669270833333333 0.4111111111111111 0.011979166666666667 0.05740740740740741
1 0.49505208333333334 0.3384259259259259 0.0109375 0.05462962962962963
1 0.5083333333333333 0.3648148148148148 0.010416666666666666 0.053703703703703705
1 0.11822916666666666 0.49166666666666664 0.026041666666666668 0.07222222222222222
1 0.31328125 0.3314814814814815 0.008854166666666666 0.05555555555555555
1 0.21848958333333332 0.24768518518518517 0.008854166666666666 0.04351851851851852
1 0.7140625 0.40370370370370373 0.014583333333333334 0.06296296296296296
1 0.7526041666666666 0.4300925925925926 0.014583333333333334 0.06388888888888888
1 0.5955729166666667 0.22083333333333333 0.008854166666666666 0.04351851851851852
1 0.5463541666666667 0.2912037037037037 0.009375 0.049074074074074076
