1 0.17838541666666666 0.28194444444444444 0.019270833333333334 0.06574074074074074
1 0.34609375 0.5268518518518519 0.0171875 0.08703703703703704
1 0.8559895833333333 0.2652777777777778 0.013020833333333334 0.062037037037037036
1 0.2390625 0.30787037037037035 0.017708333333333333 0.06388888888888888
1 0.8119791666666667 0.6111111111111112 0.014583333333333334 0.08518518518518518
1 0.51171875 0.45185185185185184 0.013020833333333334 0.07592592592592592
1 0.42682291666666666 0.5967592592592592 0.013020833333333334 0.0824074074074074
1 0.478125 0.8685185185185185 0.020833333333333332 0.11481481481481481
1 0.09557291666666666 0.5370370370370371 0.0171875 0.07962962962962963
1 0.2375 0.10416666666666667 0.010416666666666666 0.04722222222222222
1 0.44453125 0.26342592592592595 0.009895833333333333 0.058333333333333334
1 0.45755208333333336 0.32083333333333336 0.0109375 0.06759259259259259
1 0.32734375 0.41574074074074074 0.0140625 0.07407407407407407
1 0.575 0.25277777777777777 0.009375 0.05740740740740741
1 0.6817708333333333 0.3458333333333333 0.011458333333333333 0.06574074074074074
1 0.13020833333333334 0.3912037037037037 0.015625 0.07314814814814814
1 0.21432291666666667 0.2875 0.024479166666666666 0.06388888888888888
1 0.47760416666666666 0.19583333333333333 0.010416666666666666 0.05277777777777778
1 0.45807291666666666 0.4412037037037037 0.015104166666666667 0.0824074074074074
1 0.9236979166666667 0.37916666666666665 0.015104166666666667 0.075
1 0.6625 0.15138888888888888 0.008333333333333333 0.049074074074074076
1 0.5114583333333333 0.2912037037037037 0.0125 0.06388888888888888
1 0.47109375 0.35 0.0067708333333333336 0.012962962962962963
