1 0.1828125 0.31805555555555554 0.010416666666666666 0.049074074074074076
1 0.44973958333333336 0.39861111111111114 0.0109375 0.05462962962962963
1 0.5731770833333333 0.30694444444444446 0.011979166666666667 0.04537037037037037
1 0.4510416666666667 0.3435185185185185 0.011458333333333333 0.05
1 0.8359375 0.6657407407407407 0.021875 0.06851851851851852
1 0.296875 0.4787037037037037 0.0125 0.05925925925925926
1 0.6919270833333333 0.6282407407407408 0.0203125 0.06759259259259259
1 0.2830729166666667 0.725 0.018229166666666668 0.08518518518518518
1 0.22786458333333334 0.6037037037037037 0.015104166666666667 0.07222222222222222
1 0.17578125 0.23935185185185184 0.011979166666666667 0.03611111111111111
1 0.5549479166666667 0.27314814814814814 0.0109375 0.03888888888888889
1 0.13932291666666666 0.41388888888888886 0.0109375 0.05555555555555555
1 0.47552083333333334 0.40324074074074073 0.011458333333333333 0.05277777777777778
1 0.4859375 0.35 0.010416666666666666 0.05
1 0.5072916666666667 0.3625 0.010416666666666666 0.049074074074074076
1 0.10729166666666666 0.48564814814814816 0.014583333333333334 0.062037037037037036
1 0.32265625 0.3490740740740741 0.009895833333333333 0.05185185185185185
1 0.20885416666666667 0.27546296296296297 0.008333333333333333 0.03796296296296296
1 0.6958333333333333 0.4074074074074074 0.014583333333333334 0.05740740740740741
1 0.7325520833333333 0.43148148148148147 0.015104166666666667 0.05740740740740741
1 0.5731770833333333 0.24583333333333332 0.0078125 0.03796296296296296
1 0.5372395833333333 0.3111111111111111 0.0078125 0.044444444444444446
