1 0.15260416666666668 0.38287037037037036 0.009375 0.04537037037037037
1 0.42942708333333335 0.4203703703703704 0.0109375 0.05
1 0.55078125 0.3421296296296296 0.008854166666666666 0.03981481481481482
1 0.45598958333333334 0.3648148148148148 0.009895833333333333 0.040740740740740744
1 0.86484375 0.6902777777777778 0.015104166666666667 0.06574074074074074
1 0.21822916666666667 0.4861111111111111 0.011458333333333333 0.05
1 0.62578125 0.6180555555555556 0.0171875 0.062037037037037036
1 0.20078125 0.6638888888888889 0.0140625 0.07222222222222222
1 0.18723958333333332 0.5773148148148148 0.011979166666666667 0.06018518518518518
1 0.15416666666666667 0.30694444444444446 0.010416666666666666 0.03796296296296296
1 0.54375 0.31203703703703706 0.008333333333333333 0.03333333333333333
1 0.14583333333333334 0.43796296296296294 0.009375 0.04814814814814815
1 0.8703125 0.3486111111111111 0.010416666666666666 0.03796296296296296
1 0.43671875 0.42314814814814816 0.009895833333333333 0.046296296296296294
1 0.4510416666666667 0.37453703703703706 0.009375 0.041666666666666664
1 0.5028645833333333 0.3773148148148148 0.0109375 0.03981481481481482
1 0.024739583333333332 0.5037037037037037 0.015104166666666667 0.05555555555555555
1 0.2674479166666667 0.37962962962962965 0.009895833333333333 0.044444444444444446
1 0.17005208333333333 0.33240740740740743 0.0067708333333333336 0.03518518518518519
1 0.6635416666666667 0.41712962962962963 0.0125 0.04722222222222222
1 0.6981770833333333 0.4361111111111111 0.0109375 0.05
1 0.5364583333333334 0.2875 0.009375 0.032407407407407406
1 0.5260416666666666 0.34675925925925927 0.007291666666666667 0.03981481481481482
