1 0.22760416666666666 0.41574074074074074 0.013541666666666667 0.05555555555555555
1 0.6247395833333333 0.4162037037037037 0.0171875 0.05092592592592592
1 0.865625 0.37546296296296294 0.010416666666666666 0.049074074074074076
1 0.5177083333333333 0.34814814814814815 0.013541666666666667 0.044444444444444446
1 0.8986979166666667 0.6712962962962963 0.021354166666666667 0.06666666666666667
1 0.2520833333333333 0.47453703703703703 0.0125 0.05462962962962963
1 0.6721354166666667 0.6990740740740741 0.021354166666666667 0.07222222222222222
1 0.2830729166666667 0.6365740740740741 0.018229166666666668 0.0712962962962963
1 0.3223958333333333 0.5796296296296296 0.011458333333333333 0.06481481481481481
1 0.24114583333333334 0.30925925925925923 0.010416666666666666 0.040740740740740744
1 0.8325520833333333 0.30833333333333335 0.009895833333333333 0.03518518518518519
1 0.27369791666666665 0.42824074074074076 0.011979166666666667 0.05277777777777778
1 0.38723958333333336 0.47962962962962963 0.0140625 0.05740740740740741
1 0.5807291666666666 0.37407407407407406 0.009375 0.04259259259259259
1 0.68046875 0.4162037037037037 0.0109375 0.05277777777777778
1 0.022135416666666668 0.4981481481481482 0.016145833333333335 0.05925925925925926
1 0.27395833333333336 0.36203703703703705 0.014583333333333334 0.046296296296296294
1 0.3020833333333333 0.3458333333333333 0.010416666666666666 0.04351851851851852
1 0.8255208333333334 0.44027777777777777 0.020833333333333332 0.05277777777777778
1 0.9268229166666667 0.4652777777777778 0.016145833333333335 0.05648148148148148
1 0.86875 0.3125 0.011458333333333333 0.03611111111111111
1 0.7252604166666666 0.36064814814814816 0.015104166666666667 0.049074074074074076
1 0.9729166666666667 0.29259259259259257 0.004166666666666667 0.007407407407407408
