1 0.16875 0.20879629629629629 0.0125 0.06574074074074074
1 0.3567708333333333 0.3560185185185185 0.015625 0.07685185185185185
1 0.82890625 0.15092592592592594 0.016145833333333335 0.05740740740740741
1 0.35625 0.20185185185185187 0.015625 0.05925925925925926
1 0.91796875 0.5351851851851852 0.0234375 0.08703703703703704
1 0.48984375 0.37592592592592594 0.0234375 0.07037037037037037
1 0.5908854166666667 0.5050925925925925 0.016145833333333335 0.08611111111111111
1 0.39921875 0.9300925925925926 0.0234375 0.125
1 0.05703125 0.4861111111111111 0.0234375 0.08148148148148149
1 0.2328125 0.022222222222222223 0.009375 0.04259259259259259
1 0.49166666666666664 0.13425925925925927 0.015625 0.05
1 0.30807291666666664 0.24212962962962964 0.0109375 0.06388888888888888
1 0.4046875 0.3050925925925926 0.017708333333333333 0.06944444444444445
1 0.5294270833333333 0.18611111111111112 0.0109375 0.05925925925925926
1 0.7166666666666667 0.25833333333333336 0.025 0.06296296296296296
1 0.1296875 0.2972222222222222 0.013541666666666667 0.07222222222222222
1 0.24739583333333334 0.13055555555555556 0.014583333333333334 0.053703703703703705
1 0.3921875 0.09490740740740741 0.011458333333333333 0.049074074074074076
1 0.64375 0.274537037037037 0.014583333333333334 0.06944444444444445
1 0.925 0.32175925925925924 0.023958333333333335 0.0712962962962963
1 0.7161458333333334 0.06481481481481481 0.011458333333333333 0.04814814814814815
1 0.634375 0.19537037037037036 0.014583333333333334 0.05555555555555555
1 0.7645833333333333 0.21944444444444444 0.004166666666666667 0.009259259259259259
