1 0.17526041666666667 0.20972222222222223 0.016145833333333335 0.06574074074074074
1 0.35625 0.32546296296296295 0.0125 0.0787037037037037
1 0.7841145833333333 0.14675925925925926 0.0140625 0.058333333333333334
1 0.38671875 0.18703703703703703 0.013020833333333334 0.05740740740740741
1 0.9276041666666667 0.5541666666666667 0.022916666666666665 0.08611111111111111
1 0.5229166666666667 0.3662037037037037 0.019791666666666666 0.06944444444444445
1 0.6119791666666666 0.48333333333333334 0.021875 0.07777777777777778
1 0.359375 0.9120370370370371 0.026041666666666668 0.11666666666666667
1 0.06510416666666667 0.4962962962962963 0.019791666666666666 0.08148148148148149
1 0.2203125 0.034722222222222224 0.015625 0.041666666666666664
1 0.5356770833333333 0.1259259259259259 0.0109375 0.05
1 0.23046875 0.2518518518518518 0.0140625 0.06666666666666667
1 0.4276041666666667 0.3013888888888889 0.014583333333333334 0.06574074074074074
1 0.5177083333333333 0.18564814814814815 0.0125 0.058333333333333334
1 0.6604166666666667 0.23842592592592593 0.0125 0.058333333333333334
1 0.14036458333333332 0.29305555555555557 0.0171875 0.0712962962962963
1 0.27109375 0.12222222222222222 0.009895833333333333 0.053703703703703705
1 0.33671875 0.09675925925925925 0.008854166666666666 0.04722222222222222
1 0.6661458333333333 0.2537037037037037 0.01875 0.06851851851851852
1 0.9421875 0.3287037037037037 0.016666666666666666 0.07222222222222222
1 0.70078125 0.06574074074074074 0.011979166666666667 0.046296296296296294
1 0.6638020833333333 0.16944444444444445 0.019270833333333334 0.05555555555555555
1 0.7787760416666667 0.16956018518518517 0.004427083333333333 0.008101851851851851
