1 0.18046875 0.2587962962962963 0.015104166666666667 0.06759259259259259
1 0.36302083333333335 0.4981481481481482 0.016666666666666666 0.08703703703703704
1 0.86484375 0.23148148148148148 0.015104166666666667 0.06111111111111111
1 0.2825520833333333 0.2796296296296296 0.011979166666666667 0.06666666666666667
1 0.8395833333333333 0.5625 0.019791666666666666 0.0824074074074074
1 0.5302083333333333 0.4236111111111111 0.016666666666666666 0.0787037037037037
1 0.44114583333333335 0.5740740740740741 0.015625 0.08518518518518518
1 0.48932291666666666 0.8898148148148148 0.019270833333333334 0.11296296296296296
1 0.07552083333333333 0.512962962962963 0.015625 0.08333333333333333
1 0.2557291666666667 0.07453703703703704 0.011458333333333333 0.04537037037037037
1 0.42604166666666665 0.22268518518518518 0.0125 0.05648148148148148
1 0.4747395833333333 0.29259259259259257 0.0109375 0.06666666666666667
1 0.32421875 0.36435185185185187 0.015104166666666667 0.0712962962962963
1 0.5859375 0.22453703703703703 0.0125 0.058333333333333334
1 0.7078125 0.32222222222222224 0.009375 0.06851851851851852
1 0.11354166666666667 0.3486111111111111 0.015625 0.06944444444444445
1 0.203125 0.24074074074074073 0.013541666666666667 0.06481481481481481
1 0.48723958333333334 0.1587962962962963 0.009895833333333333 0.05092592592592592
1 0.4796875 0.41203703703703703 0.017708333333333333 0.08333333333333333
1 0.9372395833333333 0.35694444444444445 0.016145833333333335 0.0712962962962963
1 0.6955729166666667 0.11990740740740741 0.009895833333333333 0.049074074074074076
1 0.5013020833333334 0.24305555555555555 0.0109375 0.062037037037037036
1 0.48854166666666665 0.32175925925925924 0.007291666666666667 0.012037037037037037
