1 0.17838541666666666 0.2569444444444444 0.0140625 0.06759259259259259
1 0.36432291666666666 0.4962962962962963 0.0171875 0.08703703703703704
1 0.865625 0.22870370370370371 0.013541666666666667 0.06111111111111111
1 0.2877604166666667 0.2777777777777778 0.009895833333333333 0.06666666666666667
1 0.84296875 0.5597222222222222 0.0203125 0.08425925925925926
1 0.53203125 0.4217592592592593 0.016145833333333335 0.07685185185185185
1 0.44244791666666666 0.5726851851851852 0.016145833333333335 0.08425925925925926
1 0.49140625 0.8962962962962963 0.019270833333333334 0.11851851851851852
1 0.07708333333333334 0.5125 0.01875 0.08055555555555556
1 0.25729166666666664 0.07268518518518519 0.011458333333333333 0.04537037037037037
1 0.42526041666666664 0.21944444444444444 0.0109375 0.05925925925925926
1 0.47578125 0.2912037037037037 0.0109375 0.06759259259259259
1 0.3260416666666667 0.36064814814814816 0.014583333333333334 0.0712962962962963
1 0.5875 0.22268518518518518 0.0125 0.058333333333333334
1 0.7091145833333333 0.32037037037037036 0.009895833333333333 0.06666666666666667
1 0.11432291666666666 0.34675925925925927 0.018229166666666668 0.06944444444444445
1 0.20364583333333333 0.2375 0.0125 0.06388888888888888
1 0.48880208333333336 0.15648148148148147 0.009895833333333333 0.05185185185185185
1 0.48098958333333336 0.4101851851851852 0.018229166666666668 0.08333333333333333
1 0.93515625 0.35694444444444445 0.019270833333333334 0.0712962962962963
1 0.6984375 0.1175925925925926 0.0125 0.04814814814814815
1 0.49947916666666664 0.2388888888888889 0.010416666666666666 0.06296296296296296
1 0.48984375 0.32037037037037036 0.0078125 0.012962962962962963
