1 0.15234375 0.4439814814814815 0.008854166666666666 0.05092592592592592
1 0.5065104166666666 0.44537037037037036 0.0171875 0.05
1 0.6682291666666667 0.38055555555555554 0.009375 0.04259259259259259
1 0.44505208333333335 0.38981481481481484 0.009895833333333333 0.04259259259259259
1 0.8322916666666667 0.6953703703703704 0.019791666666666666 0.06666666666666667
1 0.19479166666666667 0.5152777777777777 0.014583333333333334 0.05277777777777778
1 0.5958333333333333 0.6708333333333333 0.011458333333333333 0.06574074074074074
1 0.19921875 0.6759259259259259 0.0140625 0.07037037037037037
1 0.21328125 0.5921296296296297 0.011979166666666667 0.06018518518518518
1 0.15755208333333334 0.34444444444444444 0.009895833333333333 0.04259259259259259
1 0.6458333333333334 0.3375 0.007291666666666667 0.03425925925925926
1 0.17369791666666667 0.46435185185185185 0.0109375 0.05092592592592592
1 0.9674479166666666 0.4217592592592593 0.0109375 0.04537037037037037
1 0.353125 0.48842592592592593 0.015625 0.05092592592592592
1 0.4747395833333333 0.40046296296296297 0.0109375 0.04351851851851852
1 0.5682291666666667 0.41388888888888886 0.007291666666666667 0.044444444444444446
1 0.21380208333333334 0.4023148148148148 0.008854166666666666 0.04351851851851852
1 0.19348958333333333 0.37175925925925923 0.0067708333333333336 0.032407407407407406
1 0.7424479166666667 0.449537037037037 0.0109375 0.049074074074074076
1 0.8127604166666667 0.46944444444444444 0.009895833333333333 0.05
1 0.6546875 0.3189814814814815 0.007291666666666667 0.032407407407407406
1 0.6049479166666667 0.38101851851851853 0.0078125 0.04351851851851852
