1 0.22526041666666666 0.31157407407407406 0.015104166666666667 0.05648148148148148
1 0.54921875 0.3611111111111111 0.0140625 0.05555555555555555
1 0.8752604166666667 0.30925925925925923 0.018229166666666668 0.05185185185185185
1 0.5020833333333333 0.25787037037037036 0.015625 0.04722222222222222
1 0.7807291666666667 0.6361111111111111 0.022916666666666665 0.07407407407407407
1 0.19609375 0.36666666666666664 0.019270833333333334 0.053703703703703705
1 0.6036458333333333 0.7212962962962963 0.020833333333333332 0.08703703703703704
1 0.31692708333333336 0.5333333333333333 0.0203125 0.07222222222222222
1 0.37838541666666664 0.5162037037037037 0.022395833333333334 0.06944444444444445
1 0.26145833333333335 0.20601851851851852 0.009375 0.03981481481481482
1 0.7911458333333333 0.22175925925925927 0.016666666666666666 0.03611111111111111
1 0.32421875 0.325 0.0140625 0.053703703703703705
1 0.42682291666666666 0.3819444444444444 0.0140625 0.06018518518518518
1 0.540625 0.30972222222222223 0.014583333333333334 0.04722222222222222
1 0.6369791666666667 0.362962962962963 0.016666666666666666 0.05185185185185185
1 0.1 0.375 0.010416666666666666 0.05740740740740741
1 0.29791666666666666 0.2722222222222222 0.010416666666666666 0.05
1 0.3546875 0.2587962962962963 0.0125 0.04537037037037037
1 0.7388020833333333 0.3736111111111111 0.0234375 0.058333333333333334
1 0.88515625 0.4134259259259259 0.0234375 0.06388888888888888
1 0.8111979166666666 0.25601851851851853 0.0203125 0.03981481481481482
1 0.7588541666666667 0.26805555555555555 0.016666666666666666 0.049074074074074076
1 0.7448880208333333 0.10696296296296295 0.003994791666666705 0.00735185185185185
