1 0.20052083333333334 0.3162037037037037 0.0125 0.06018518518518518
1 0.475 0.37916666666666665 0.011458333333333333 0.06574074074074074
1 0.6489583333333333 0.29444444444444445 0.0125 0.05740740740740741
1 0.43072916666666666 0.3837962962962963 0.014583333333333334 0.06759259259259259
1 0.8265625 0.7240740740740741 0.019791666666666666 0.08518518518518518
1 0.4114583333333333 0.5148148148148148 0.014583333333333334 0.07407407407407407
1 0.6403645833333333 0.6837962962962963 0.027604166666666666 0.08611111111111111
1 0.3333333333333333 0.8018518518518518 0.019791666666666666 0.10185185185185185
1 0.25677083333333334 0.6777777777777778 0.015625 0.08703703703703704
1 0.22760416666666666 0.1625 0.010416666666666666 0.04351851851851852
1 0.5502604166666667 0.2675925925925926 0.013020833333333334 0.05
1 0.16666666666666666 0.42407407407407405 0.015625 0.07037037037037037
1 0.43828125 0.4685185185185185 0.0140625 0.07037037037037037
1 0.5265625 0.34629629629629627 0.011458333333333333 0.05925925925925926
1 0.51328125 0.4083333333333333 0.011979166666666667 0.06481481481481481
1 0.14453125 0.5078703703703704 0.016145833333333335 0.075
1 0.321875 0.33194444444444443 0.016666666666666666 0.062037037037037036
1 0.2747395833333333 0.22824074074074074 0.015104166666666667 0.04722222222222222
1 0.7575520833333333 0.42314814814814816 0.0171875 0.07037037037037037
1 0.809375 0.46805555555555556 0.016666666666666666 0.075
1 0.6559895833333333 0.2152777777777778 0.0109375 0.04722222222222222
1 0.5908854166666667 0.29305555555555557 0.0140625 0.05462962962962963
