1 0.3875 0.3314814814814815 0.014583333333333334 0.053703703703703705
1 0.4713541666666667 0.42592592592592593 0.013541666666666667 0.05740740740740741
1 0.8283854166666667 0.37592592592592594 0.013020833333333334 0.05555555555555555
1 0.5296875 0.3388888888888889 0.009375 0.05185185185185185
1 0.7356770833333334 0.7180555555555556 0.0234375 0.0787037037037037
1 0.4236979166666667 0.4666666666666667 0.018229166666666668 0.05740740740740741
1 0.6479166666666667 0.6916666666666667 0.022916666666666665 0.08148148148148149
1 0.3263020833333333 0.6222222222222222 0.0140625 0.07777777777777778
1 0.20833333333333334 0.538425925925926 0.021875 0.05277777777777778
1 0.30130208333333336 0.25833333333333336 0.008854166666666666 0.04259259259259259
1 0.74453125 0.29398148148148145 0.009895833333333333 0.04537037037037037
1 0.46822916666666664 0.33055555555555555 0.010416666666666666 0.04814814814814815
1 0.4388020833333333 0.4199074074074074 0.0109375 0.058333333333333334
1 0.54921875 0.36157407407407405 0.009895833333333333 0.05092592592592592
1 0.6721354166666667 0.41805555555555557 0.0109375 0.05648148148148148
1 0.1765625 0.4050925925925926 0.015625 0.05648148148148148
1 0.33229166666666665 0.3199074074074074 0.011458333333333333 0.05092592592592592
1 0.35885416666666664 0.3087962962962963 0.009375 0.04537037037037037
1 0.7455729166666667 0.4152777777777778 0.013020833333333334 0.06018518518518518
1 0.8450520833333334 0.5013888888888889 0.011979166666666667 0.06944444444444445
1 0.7526041666666666 0.3189814814814815 0.013541666666666667 0.04351851851851852
1 0.7796875 0.35 0.014583333333333334 0.05
1 0.18359375 0.4310185185185185 0.005729166666666666 0.008333333333333333
