1 0.14895833333333333 0.3824074074074074 0.009375 0.044444444444444446
1 0.4166666666666667 0.43472222222222223 0.009375 0.049074074074074076
1 0.52890625 0.35138888888888886 0.008854166666666666 0.03796296296296296
1 0.42942708333333335 0.3763888888888889 0.013020833333333334 0.041666666666666664
1 0.81640625 0.6856481481481481 0.022395833333333334 0.06388888888888888
1 0.22578125 0.500462962962963 0.011979166666666667 0.05277777777777778
1 0.6401041666666667 0.6328703703703704 0.0125 0.06574074074074074
1 0.21614583333333334 0.687962962962963 0.015625 0.06851851851851852
1 0.18697916666666667 0.5990740740740741 0.013541666666666667 0.06111111111111111
1 0.1453125 0.3111111111111111 0.010416666666666666 0.037037037037037035
1 0.521875 0.32175925925925924 0.00625 0.032407407407407406
1 0.12760416666666666 0.4527777777777778 0.010416666666666666 0.04814814814814815
1 0.8645833333333334 0.35648148148148145 0.009375 0.03888888888888889
1 0.43359375 0.43148148148148147 0.0109375 0.046296296296296294
1 0.4421875 0.38657407407407407 0.008333333333333333 0.041666666666666664
1 0.48151041666666666 0.38981481481481484 0.0078125 0.040740740740740744
1 0.04140625 0.5157407407407407 0.013020833333333334 0.05555555555555555
1 0.2791666666666667 0.3912037037037037 0.010416666666666666 0.04537037037037037
1 0.16536458333333334 0.3388888888888889 0.0078125 0.03518518518518519
1 0.64140625 0.43194444444444446 0.009895833333333333 0.049074074074074076
1 0.675 0.45046296296296295 0.0125 0.049074074074074076
1 0.5166666666666667 0.2972222222222222 0.00625 0.03333333333333333
1 0.5002604166666667 0.35648148148148145 0.008854166666666666 0.040740740740740744
1 0.8634739583333333 0.349962962962963 0.0036458333333333334 0.006870370370370385
