1 0.18125 0.30648148148148147 0.013541666666666667 0.05555555555555555
1 0.4510416666666667 0.37962962962962965 0.009375 0.05925925925925926
1 0.61015625 0.28935185185185186 0.0140625 0.05462962962962963
1 0.4278645833333333 0.3592592592592593 0.011979166666666667 0.05925925925925926
1 0.8229166666666666 0.6902777777777778 0.025 0.0787037037037037
1 0.37083333333333335 0.49166666666666664 0.016666666666666666 0.07037037037037037
1 0.6591145833333333 0.6555555555555556 0.022395833333333334 0.08148148148148149
1 0.31276041666666665 0.7805555555555556 0.018229166666666668 0.09814814814814815
1 0.24609375 0.6550925925925926 0.0171875 0.0824074074074074
1 0.19036458333333334 0.18287037037037038 0.008854166666666666 0.04351851851851852
1 0.54453125 0.25601851851851853 0.0109375 0.04537037037037037
1 0.13697916666666668 0.4125 0.014583333333333334 0.06388888888888888
1 0.44973958333333336 0.43194444444444446 0.0140625 0.06759259259259259
1 0.5010416666666667 0.33935185185185185 0.015625 0.05277777777777778
1 0.5059895833333333 0.38055555555555554 0.011979166666666667 0.05740740740740741
1 0.12708333333333333 0.5023148148148148 0.015625 0.07314814814814814
1 0.30833333333333335 0.33240740740740743 0.01875 0.05740740740740741
1 0.23411458333333332 0.23703703703703705 0.009895833333333333 0.046296296296296294
1 0.728125 0.4101851851851852 0.0125 0.06851851851851852
1 0.7713541666666667 0.4439814814814815 0.014583333333333334 0.06944444444444445
1 0.6140625 0.21481481481481482 0.010416666666666666 0.044444444444444446
1 0.5591145833333333 0.28935185185185186 0.0140625 0.05277777777777778
