1 0.18125 0.26944444444444443 0.0125 0.06666666666666667
1 0.3580729166666667 0.5087962962962963 0.016145833333333335 0.08611111111111111
1 0.8671875 0.24444444444444444 0.009375 0.06296296296296296
1 0.27005208333333336 0.28935185185185186 0.013020833333333334 0.06574074074074074
1 0.8330729166666667 0.575925925925926 0.018229166666666668 0.08518518518518518
1 0.5244791666666667 0.43333333333333335 0.01875 0.07777777777777778
1 0.43671875 0.5837962962962963 0.015104166666666667 0.08611111111111111
1 0.4875 0.888425925925926 0.022916666666666665 0.11944444444444445
1 0.08203125 0.5203703703703704 0.018229166666666668 0.07962962962962963
1 0.25026041666666665 0.08518518518518518 0.0109375 0.046296296296296294
1 0.43020833333333336 0.23657407407407408 0.014583333333333334 0.05648148148148148
1 0.46927083333333336 0.30277777777777776 0.010416666666666666 0.06666666666666667
1 0.32265625 0.38055555555555554 0.016145833333333335 0.07222222222222222
1 0.5799479166666667 0.23472222222222222 0.011979166666666667 0.058333333333333334
1 0.7002604166666667 0.3300925925925926 0.013020833333333334 0.06574074074074074
1 0.11822916666666666 0.3638888888888889 0.020833333333333332 0.07037037037037037
1 0.20260416666666667 0.2574074074074074 0.0125 0.06481481481481481
1 0.48411458333333335 0.17083333333333334 0.009895833333333333 0.05092592592592592
1 0.47604166666666664 0.4212962962962963 0.019791666666666666 0.08333333333333333
1 0.9359375 0.3648148148148148 0.0125 0.07222222222222222
1 0.684375 0.13148148148148148 0.009375 0.04814814814814815
1 0.5065104166666666 0.25972222222222224 0.0140625 0.062037037037037036
1 0.4830729166666667 0.3314814814814815 0.0067708333333333336 0.012962962962962963
