1 0.33125 0.3449074074074074 0.014583333333333334 0.05277777777777778
1 0.5190104166666667 0.43703703703703706 0.0140625 0.06296296296296296
1 0.8606770833333334 0.38842592592592595 0.015104166666666667 0.05648148148148148
1 0.5442708333333334 0.33101851851851855 0.010416666666666666 0.05277777777777778
1 0.69296875 0.7180555555555556 0.03177083333333333 0.075
1 0.29140625 0.45092592592592595 0.0140625 0.053703703703703705
1 0.60859375 0.725 0.0203125 0.08148148148148149
1 0.35494791666666664 0.5995370370370371 0.022395833333333334 0.075
1 0.31640625 0.5666666666666667 0.015104166666666667 0.06666666666666667
1 0.31692708333333336 0.26064814814814813 0.0109375 0.03981481481481482
1 0.7708333333333334 0.2912037037037037 0.014583333333333334 0.03981481481481482
1 0.43333333333333335 0.3541666666666667 0.010416666666666666 0.05092592592592592
1 0.46770833333333334 0.42962962962962964 0.0125 0.05925925925925926
1 0.5609375 0.3800925925925926 0.0125 0.05648148148148148
1 0.6263020833333334 0.44027777777777777 0.0171875 0.05277777777777778
1 0.18411458333333333 0.42592592592592593 0.0203125 0.05185185185185185
1 0.34817708333333336 0.32685185185185184 0.0140625 0.05185185185185185
1 0.39010416666666664 0.31805555555555554 0.011458333333333333 0.04722222222222222
1 0.7544270833333333 0.4337962962962963 0.016145833333333335 0.062037037037037036
1 0.875 0.5166666666666667 0.016666666666666666 0.07222222222222222
1 0.7940104166666667 0.33240740740740743 0.016145833333333335 0.044444444444444446
1 0.7963541666666667 0.3449074074074074 0.017708333333333333 0.04722222222222222
1 0.20182291666666666 0.45185185185185184 0.005729166666666666 0.009259259259259259
