1 0.13255208333333332 0.2013888888888889 0.015104166666666667 0.05462962962962963
1 0.33958333333333335 0.2652777777777778 0.014583333333333334 0.06018518518518518
1 0.72265625 0.16111111111111112 0.011979166666666667 0.04814814814814815
1 0.48541666666666666 0.16898148148148148 0.016666666666666666 0.04351851851851852
1 0.88515625 0.5592592592592592 0.019270833333333334 0.07222222222222222
1 0.5705729166666667 0.3282407407407407 0.0140625 0.06388888888888888
1 0.5609375 0.46805555555555556 0.016666666666666666 0.075
1 0.26067708333333334 0.8407407407407408 0.021354166666666667 0.11666666666666667
1 0.09401041666666667 0.40925925925925927 0.022395833333333334 0.07222222222222222
1 0.16302083333333334 0.09351851851851851 0.015625 0.040740740740740744
1 0.60703125 0.10231481481481482 0.011979166666666667 0.03611111111111111
1 0.1296875 0.22916666666666666 0.014583333333333334 0.05648148148148148
1 0.4036458333333333 0.27685185185185185 0.015625 0.05740740740740741
1 0.5416666666666666 0.16944444444444445 0.015625 0.03888888888888889
1 0.5953125 0.1986111111111111 0.010416666666666666 0.05092592592592592
1 0.11536458333333334 0.2671296296296296 0.0203125 0.05277777777777778
1 0.28567708333333336 0.1175925925925926 0.019270833333333334 0.040740740740740744
1 0.25104166666666666 0.11527777777777778 0.016666666666666666 0.03425925925925926
1 0.6078125 0.20462962962962963 0.011458333333333333 0.05555555555555555
1 0.84375 0.3013888888888889 0.01875 0.06018518518518518
1 0.6377604166666667 0.09490740740740741 0.015104166666666667 0.03981481481481482
1 0.68359375 0.15833333333333333 0.0109375 0.05185185185185185
1 0.5765625 0.0962962962962963 0.004166666666666667 0.007407407407407408
