1 0.178125 0.225 0.010416666666666666 0.06851851851851852
1 0.36822916666666666 0.46435185185185185 0.03229166666666667 0.08981481481481482
1 0.8713541666666667 0.19490740740740742 0.014583333333333334 0.062037037037037036
1 0.328125 0.24861111111111112 0.013541666666666667 0.06388888888888888
1 0.8916666666666667 0.5509259259259259 0.016666666666666666 0.08703703703703704
1 0.5182291666666666 0.39351851851851855 0.016666666666666666 0.07222222222222222
1 0.46458333333333335 0.5462962962962963 0.01875 0.08703703703703704
1 0.49505208333333334 0.9402777777777778 0.024479166666666666 0.1175925925925926
1 0.06979166666666667 0.4842592592592593 0.015625 0.08148148148148149
1 0.27005208333333336 0.043055555555555555 0.0109375 0.04537037037037037
1 0.43645833333333334 0.17916666666666667 0.009375 0.05648148148148148
1 0.5026041666666666 0.2652777777777778 0.020833333333333332 0.058333333333333334
1 0.34817708333333336 0.324537037037037 0.019270833333333334 0.06574074074074074
1 0.6026041666666667 0.19583333333333333 0.013541666666666667 0.05648148148148148
1 0.7528645833333333 0.29212962962962963 0.009895833333333333 0.06759259259259259
1 0.125 0.30787037037037035 0.015625 0.0712962962962963
1 0.22473958333333333 0.17916666666666667 0.013020833333333334 0.06018518518518518
1 0.50625 0.125 0.010416666666666666 0.05
1 0.5002604166666667 0.387037037037037 0.022395833333333334 0.07777777777777778
1 0.9299479166666667 0.34629629629629627 0.015104166666666667 0.07592592592592592
1 0.7471354166666667 0.09583333333333334 0.011979166666666667 0.049074074074074076
1 0.5161458333333333 0.19074074074074074 0.019791666666666666 0.040740740740740744
1 0.534375 0.2949074074074074 0.00625 0.012037037037037037
