1 0.34036458333333336 0.23981481481481481 0.016145833333333335 0.044444444444444446
1 0.3927083333333333 0.32314814814814813 0.013541666666666667 0.05925925925925926
1 0.7619791666666667 0.24305555555555555 0.0125 0.05092592592592592
1 0.47604166666666664 0.2375 0.014583333333333334 0.05092592592592592
1 0.821875 0.6180555555555556 0.027083333333333334 0.0787037037037037
1 0.5666666666666667 0.35462962962962963 0.015625 0.05925925925925926
1 0.6046875 0.5467592592592593 0.0125 0.075
1 0.26953125 0.7615740740740741 0.0234375 0.09166666666666666
1 0.13333333333333333 0.412962962962963 0.013541666666666667 0.06666666666666667
1 0.22708333333333333 0.17314814814814813 0.013541666666666667 0.04259259259259259
1 0.6299479166666667 0.18564814814814815 0.015104166666666667 0.041666666666666664
1 0.35234375 0.2351851851851852 0.013020833333333334 0.040740740740740744
1 0.409375 0.32175925925925924 0.0125 0.05648148148148148
1 0.5213541666666667 0.2351851851851852 0.016666666666666666 0.046296296296296294
1 0.6390625 0.27870370370370373 0.013541666666666667 0.05185185185185185
1 0.12604166666666666 0.29259259259259257 0.015625 0.05555555555555555
1 0.26458333333333334 0.21064814814814814 0.011458333333333333 0.04537037037037037
1 0.25885416666666666 0.19907407407407407 0.008333333333333333 0.03518518518518519
1 0.6611979166666667 0.2898148148148148 0.0109375 0.05555555555555555
1 0.828125 0.37777777777777777 0.011458333333333333 0.06296296296296296
1 0.65390625 0.1884259259259259 0.015104166666666667 0.03981481481481482
1 0.7296875 0.24768518518518517 0.014583333333333334 0.05277777777777778
1 0.28098958333333335 0.18935185185185185 0.0036458333333333334 0.008333333333333333
