1 0.23307291666666666 0.3680555555555556 0.016145833333333335 0.075
1 0.5401041666666667 0.3768518518518518 0.014583333333333334 0.07037037037037037
1 0.7177083333333333 0.3314814814814815 0.013541666666666667 0.06666666666666667
1 0.3927083333333333 0.43472222222222223 0.019791666666666666 0.0787037037037037
1 0.8044270833333333 0.8046296296296296 0.022395833333333334 0.1
1 0.43411458333333336 0.5546296296296296 0.0203125 0.08703703703703704
1 0.4869791666666667 0.7356481481481482 0.025 0.09537037037037037
1 0.22890625 0.8087962962962963 0.019270833333333334 0.10462962962962963
1 0.20130208333333333 0.6712962962962963 0.024479166666666666 0.09074074074074075
1 0.33151041666666664 0.10925925925925926 0.013020833333333334 0.044444444444444446
1 0.5 0.29953703703703705 0.010416666666666666 0.058333333333333334
1 0.19427083333333334 0.46944444444444444 0.016666666666666666 0.08148148148148149
1 0.40130208333333334 0.5 0.022395833333333334 0.07962962962962963
1 0.553125 0.38055555555555554 0.0125 0.06481481481481481
1 0.48489583333333336 0.46296296296296297 0.019791666666666666 0.07592592592592592
1 0.203125 0.5009259259259259 0.01875 0.08148148148148149
1 0.2903645833333333 0.33564814814814814 0.019270833333333334 0.06759259259259259
1 0.340625 0.21157407407407408 0.010416666666666666 0.05092592592592592
1 0.7401041666666667 0.47175925925925927 0.021875 0.08055555555555556
1 0.7989583333333333 0.5171296296296296 0.023958333333333335 0.0824074074074074
1 0.7125 0.2222222222222222 0.0125 0.053703703703703705
1 0.54609375 0.33564814814814814 0.0140625 0.049074074074074076
