1 0.15989583333333332 0.4449074074074074 0.013541666666666667 0.05092592592592592
1 0.5192708333333333 0.4439814814814815 0.017708333333333333 0.05092592592592592
1 0.684375 0.3824074074074074 0.011458333333333333 0.044444444444444446
1 0.44947916666666665 0.38842592592592595 0.0125 0.04351851851851852
1 0.8372395833333334 0.6976851851851852 0.018229166666666668 0.06574074074074074
1 0.19791666666666666 0.5152777777777777 0.011458333333333333 0.05277777777777778
1 0.6018229166666667 0.6759259259259259 0.024479166666666666 0.06481481481481481
1 0.20520833333333333 0.674074074074074 0.013541666666666667 0.07037037037037037
1 0.22421875 0.5930555555555556 0.0140625 0.062037037037037036
1 0.16380208333333332 0.34444444444444444 0.009895833333333333 0.03888888888888889
1 0.6622395833333333 0.33796296296296297 0.0078125 0.03518518518518519
1 0.18177083333333333 0.46435185185185185 0.011458333333333333 0.05092592592592592
1 0.9856770833333334 0.4263888888888889 0.009895833333333333 0.04722222222222222
1 0.35546875 0.4912037037037037 0.011979166666666667 0.05277777777777778
1 0.48333333333333334 0.4 0.008333333333333333 0.044444444444444446
1 0.57578125 0.41712962962962963 0.0109375 0.04351851851851852
1 0.21822916666666667 0.4009259259259259 0.0125 0.044444444444444446
1 0.20182291666666666 0.3731481481481482 0.008854166666666666 0.037037037037037035
1 0.7520833333333333 0.45 0.014583333333333334 0.05185185185185185
1 0.8265625 0.4722222222222222 0.010416666666666666 0.05185185185185185
1 0.6721354166666667 0.3199074074074074 0.0078125 0.032407407407407406
1 0.6151041666666667 0.3819444444444444 0.011458333333333333 0.04351851851851852
