1 0.19114583333333332 0.21712962962962962 0.016666666666666666 0.04537037037037037
1 0.34270833333333334 0.28564814814814815 0.0125 0.062037037037037036
1 0.7315104166666667 0.19490740740740742 0.0109375 0.04722222222222222
1 0.4705729166666667 0.20185185185185187 0.013020833333333334 0.04814814814814815
1 0.8341145833333333 0.5782407407407407 0.022395833333333334 0.07685185185185185
1 0.5651041666666666 0.3351851851851852 0.013541666666666667 0.05740740740740741
1 0.5690104166666666 0.5027777777777778 0.015104166666666667 0.07407407407407407
1 0.26015625 0.8180555555555555 0.025520833333333333 0.11018518518518519
1 0.10026041666666667 0.4013888888888889 0.0203125 0.06574074074074074
1 0.16536458333333334 0.13333333333333333 0.011979166666666667 0.04259259259259259
1 0.6067708333333334 0.13472222222222222 0.009375 0.03796296296296296
1 0.20546875 0.22361111111111112 0.0109375 0.04537037037037037
1 0.38359375 0.2967592592592593 0.013020833333333334 0.05648148148148148
1 0.52109375 0.1962962962962963 0.011979166666666667 0.044444444444444446
1 0.6044270833333333 0.23194444444444445 0.013020833333333334 0.049074074074074076
1 0.09375 0.2865740740740741 0.013541666666666667 0.05648148148148148
1 0.26119791666666664 0.15694444444444444 0.0171875 0.03796296296296296
1 0.22161458333333334 0.15694444444444444 0.008854166666666666 0.04351851851851852
1 0.61875 0.2412037037037037 0.0125 0.05462962962962963
1 0.8114583333333333 0.33287037037037037 0.013541666666666667 0.06574074074074074
1 0.6401041666666667 0.1388888888888889 0.0125 0.03888888888888889
1 0.6947916666666667 0.2 0.017708333333333333 0.04814814814814815
1 0.353125 0.18888888888888888 0.004166666666666667 0.007407407407407408
