1 0.13255208333333332 0.20092592592592592 0.015104166666666667 0.05555555555555555
1 0.33932291666666664 0.26481481481481484 0.015104166666666667 0.05925925925925926
1 0.72265625 0.16157407407407406 0.011979166666666667 0.049074074074074076
1 0.48385416666666664 0.1685185185185185 0.016666666666666666 0.04259259259259259
1 0.8822916666666667 0.5587962962962963 0.025 0.075
1 0.57109375 0.32592592592592595 0.015104166666666667 0.05925925925925926
1 0.5598958333333334 0.4675925925925926 0.015625 0.07407407407407407
1 0.26015625 0.837037037037037 0.0203125 0.11296296296296296
1 0.09296875 0.40555555555555556 0.0203125 0.07037037037037037
1 0.16197916666666667 0.09444444444444444 0.016666666666666666 0.040740740740740744
1 0.6075520833333333 0.10138888888888889 0.013020833333333334 0.03425925925925926
1 0.13072916666666667 0.22592592592592592 0.014583333333333334 0.053703703703703705
1 0.40182291666666664 0.27546296296296297 0.0171875 0.06018518518518518
1 0.5390625 0.16944444444444445 0.013541666666666667 0.03888888888888889
1 0.5955729166666667 0.19768518518518519 0.0109375 0.049074074074074076
1 0.1125 0.2671296296296296 0.019791666666666666 0.05462962962962963
1 0.2828125 0.1175925925925926 0.016666666666666666 0.040740740740740744
1 0.24739583333333334 0.11574074074074074 0.016666666666666666 0.03518518518518519
1 0.6080729166666666 0.2050925925925926 0.013020833333333334 0.05462962962962963
1 0.8403645833333333 0.30092592592592593 0.021354166666666667 0.06111111111111111
1 0.6377604166666667 0.09537037037037037 0.0140625 0.03888888888888889
1 0.6830729166666667 0.15925925925925927 0.0109375 0.05185185185185185
1 0.55859375 0.09537037037037037 0.0046875 0.009259259259259259
