1 0.17994791666666668 0.274537037037037 0.022395833333333334 0.06759259259259259
1 0.35234375 0.5180555555555556 0.0171875 0.08611111111111111
1 0.8638020833333333 0.25416666666666665 0.011979166666666667 0.062037037037037036
1 0.2559895833333333 0.2986111111111111 0.013020833333333334 0.06574074074074074
1 0.825 0.5935185185185186 0.015625 0.08703703703703704
1 0.5184895833333333 0.44305555555555554 0.013020833333333334 0.07685185185185185
1 0.43333333333333335 0.5888888888888889 0.013541666666666667 0.08333333333333333
1 0.4825520833333333 0.8787037037037037 0.0203125 0.11296296296296296
1 0.08932291666666667 0.5287037037037037 0.021354166666666667 0.07962962962962963
1 0.24479166666666666 0.09490740740740741 0.011458333333333333 0.04537037037037037
1 0.4359375 0.25046296296296294 0.015625 0.058333333333333334
1 0.46432291666666664 0.31203703703703706 0.0109375 0.06666666666666667
1 0.32135416666666666 0.3990740740740741 0.01875 0.07407407407407407
1 0.5752604166666667 0.2439814814814815 0.011979166666666667 0.058333333333333334
1 0.6932291666666667 0.3384259259259259 0.011458333333333333 0.06574074074074074
1 0.125 0.37592592592592594 0.01875 0.07037037037037037
1 0.20572916666666666 0.2726851851851852 0.017708333333333333 0.06388888888888888
1 0.48046875 0.18333333333333332 0.009895833333333333 0.05185185185185185
1 0.4700520833333333 0.4300925925925926 0.0171875 0.08055555555555556
1 0.93125 0.37175925925925923 0.015625 0.075
1 0.6731770833333334 0.14166666666666666 0.0109375 0.04814814814814815
1 0.5096354166666667 0.27546296296296297 0.011979166666666667 0.06388888888888888
1 0.4778645833333333 0.34074074074074073 0.0067708333333333336 0.012962962962962963
