1 0.30364583333333334 0.3388888888888889 0.021875 0.07592592592592592
1 0.5486979166666667 0.33194444444444443 0.015104166666666667 0.0712962962962963
1 0.8161458333333333 0.38935185185185184 0.020833333333333332 0.07685185185185185
1 0.415625 0.36574074074074076 0.01875 0.07222222222222222
1 0.7598958333333333 0.7949074074074074 0.027083333333333334 0.10277777777777777
1 0.5348958333333333 0.5944444444444444 0.0125 0.09259259259259259
1 0.37135416666666665 0.6425925925925926 0.022916666666666665 0.09074074074074075
1 0.2421875 0.7111111111111111 0.022916666666666665 0.10185185185185185
1 0.17395833333333333 0.6148148148148148 0.01875 0.09074074074074075
1 0.4510416666666667 0.05092592592592592 0.0125 0.044444444444444446
1 0.5145833333333333 0.30787037037037035 0.017708333333333333 0.06574074074074074
1 0.3846354166666667 0.48009259259259257 0.027604166666666666 0.075
1 0.41796875 0.449537037037037 0.03177083333333333 0.06574074074074074
1 0.5984375 0.3962962962962963 0.0125 0.07777777777777778
1 0.5111979166666667 0.4625 0.028645833333333332 0.07314814814814814
1 0.24479166666666666 0.4375 0.011458333333333333 0.0787037037037037
1 0.3450520833333333 0.2574074074074074 0.019270833333333334 0.06481481481481481
1 0.39114583333333336 0.20833333333333334 0.0125 0.05740740740740741
1 0.796875 0.4759259259259259 0.016666666666666666 0.08703703703703704
1 0.8473958333333333 0.5546296296296296 0.028125 0.08703703703703704
1 0.7877604166666666 0.2574074074074074 0.0140625 0.06481481481481481
1 0.5815104166666667 0.39537037037037037 0.016145833333333335 0.07407407407407407
1 0.8994791666666667 0.02339351851851852 0.008531250000000056 0.012768518518518514
