1 0.2786458333333333 0.3263888888888889 0.011458333333333333 0.05277777777777778
1 0.5364583333333334 0.412962962962963 0.01875 0.05925925925925926
1 0.8786458333333333 0.3597222222222222 0.013541666666666667 0.05648148148148148
1 0.5325520833333334 0.29814814814814816 0.0140625 0.05
1 0.725 0.6939814814814815 0.026041666666666668 0.075
1 0.22682291666666668 0.4101851851851852 0.019270833333333334 0.053703703703703705
1 0.58515625 0.7384259259259259 0.021354166666666667 0.08796296296296297
1 0.35234375 0.5634259259259259 0.015104166666666667 0.07314814814814814
1 0.36640625 0.5467592592592593 0.0171875 0.0712962962962963
1 0.2986979166666667 0.23148148148148148 0.0109375 0.044444444444444446
1 0.7791666666666667 0.25925925925925924 0.0125 0.03888888888888889
1 0.384375 0.3398148148148148 0.010416666666666666 0.053703703703703705
1 0.46015625 0.40879629629629627 0.0171875 0.058333333333333334
1 0.55703125 0.3490740740740741 0.013020833333333334 0.053703703703703705
1 0.6307291666666667 0.40925925925925927 0.0125 0.05555555555555555
1 0.17682291666666666 0.39861111111111114 0.011979166666666667 0.058333333333333334
1 0.33307291666666666 0.3023148148148148 0.0140625 0.049074074074074076
1 0.38697916666666665 0.29398148148148145 0.008333333333333333 0.04537037037037037
1 0.74921875 0.4074074074074074 0.013020833333333334 0.06481481481481481
1 0.8908854166666667 0.4777777777777778 0.016145833333333335 0.06851851851851852
1 0.80859375 0.29814814814814816 0.013020833333333334 0.046296296296296294
1 0.7942708333333334 0.3087962962962963 0.010416666666666666 0.05277777777777778
1 0.44635416666666666 0.2625 0.004166666666666667 0.008333333333333333
