1 0.25885416666666666 0.31666666666666665 0.013541666666666667 0.053703703703703705
1 0.53515625 0.39305555555555555 0.0171875 0.06018518518518518
1 0.8739583333333333 0.3388888888888889 0.015625 0.05555555555555555
1 0.5229166666666667 0.2796296296296296 0.010416666666666666 0.04814814814814815
1 0.7338541666666667 0.6731481481481482 0.020833333333333332 0.07592592592592592
1 0.21223958333333334 0.3912037037037037 0.0171875 0.049074074074074076
1 0.5846354166666666 0.7287037037037037 0.025520833333333333 0.09074074074074075
1 0.34088541666666666 0.5476851851851852 0.016145833333333335 0.0712962962962963
1 0.3697916666666667 0.5342592592592592 0.015625 0.07037037037037037
1 0.28671875 0.2212962962962963 0.011979166666666667 0.037037037037037035
1 0.7768229166666667 0.23981481481481481 0.015104166666666667 0.040740740740740744
1 0.3645833333333333 0.3287037037037037 0.0125 0.05185185185185185
1 0.45208333333333334 0.39305555555555555 0.015625 0.062037037037037036
1 0.5497395833333333 0.3337962962962963 0.0140625 0.05092592592592592
1 0.6260416666666667 0.3902777777777778 0.016666666666666666 0.05277777777777778
1 0.15130208333333334 0.3824074074074074 0.021354166666666667 0.05925925925925926
1 0.32265625 0.2861111111111111 0.011979166666666667 0.05
1 0.3768229166666667 0.2777777777777778 0.011979166666666667 0.044444444444444446
1 0.7393229166666667 0.39351851851851855 0.0203125 0.06111111111111111
1 0.884375 0.4532407407407407 0.022916666666666665 0.06759259259259259
1 0.803125 0.27870370370370373 0.017708333333333333 0.044444444444444446
1 0.78203125 0.2916666666666667 0.018229166666666668 0.04814814814814815
1 0.529578125 0.19593055555555558 0.004427083333333333 0.007842592592592592
