1 0.1328125 0.2023148148148148 0.014583333333333334 0.05648148148148148
1 0.34140625 0.26805555555555555 0.0140625 0.06388888888888888
1 0.7221354166666667 0.16064814814814815 0.009895833333333333 0.05277777777777778
1 0.4864583333333333 0.17037037037037037 0.016666666666666666 0.044444444444444446
1 0.8981770833333333 0.5634259259259259 0.025520833333333333 0.07685185185185185
1 0.5697916666666667 0.33287037037037037 0.015625 0.062037037037037036
1 0.56484375 0.4703703703703704 0.018229166666666668 0.07777777777777778
1 0.2638020833333333 0.8444444444444444 0.022395833333333334 0.11481481481481481
1 0.09140625 0.4134259259259259 0.019270833333333334 0.06759259259259259
1 0.16822916666666668 0.09074074074074075 0.015625 0.040740740740740744
1 0.6075520833333333 0.10231481481481482 0.0109375 0.03796296296296296
1 0.12760416666666666 0.23333333333333334 0.010416666666666666 0.05185185185185185
1 0.4109375 0.2791666666666667 0.016666666666666666 0.06018518518518518
1 0.54609375 0.1726851851851852 0.015104166666666667 0.03981481481481482
1 0.59375 0.19907407407407407 0.011458333333333333 0.053703703703703705
1 0.12291666666666666 0.2708333333333333 0.019791666666666666 0.05462962962962963
1 0.29140625 0.11851851851851852 0.013020833333333334 0.040740740740740744
1 0.2640625 0.1125 0.013541666666666667 0.03425925925925926
1 0.6088541666666667 0.20879629629629629 0.0125 0.05648148148148148
1 0.8544270833333333 0.30185185185185187 0.016145833333333335 0.06481481481481481
1 0.64296875 0.09305555555555556 0.0109375 0.03611111111111111
1 0.68515625 0.1597222222222222 0.011979166666666667 0.049074074074074076
1 0.6385416666666667 0.10833333333333334 0.004166666666666667 0.007407407407407408
