1 0.3859375 0.262037037037037 0.016666666666666666 0.044444444444444446
1 0.40859375 0.35324074074074074 0.018229166666666668 0.058333333333333334
1 0.7736979166666667 0.28379629629629627 0.016145833333333335 0.05092592592592592
1 0.47708333333333336 0.2671296296296296 0.016666666666666666 0.04722222222222222
1 0.7911458333333333 0.6467592592592593 0.027083333333333334 0.07685185185185185
1 0.540625 0.37916666666666665 0.014583333333333334 0.05092592592592592
1 0.6229166666666667 0.587037037037037 0.010416666666666666 0.07407407407407407
1 0.26276041666666666 0.7189814814814814 0.0203125 0.08981481481481482
1 0.15104166666666666 0.43425925925925923 0.020833333333333332 0.06111111111111111
1 0.24739583333333334 0.20879629629629629 0.0125 0.03981481481481482
1 0.6333333333333333 0.22916666666666666 0.009375 0.04351851851851852
1 0.43072916666666666 0.2601851851851852 0.0125 0.040740740740740744
1 0.42265625 0.34675925925925927 0.0140625 0.05092592592592592
1 0.50234375 0.2726851851851852 0.013020833333333334 0.04537037037037037
1 0.6513020833333333 0.3194444444444444 0.0109375 0.04814814814814815
1 0.14192708333333334 0.30925925925925923 0.015104166666666667 0.044444444444444446
1 0.26875 0.24953703703703703 0.011458333333333333 0.05092592592592592
1 0.26901041666666664 0.23657407407407408 0.0109375 0.03981481481481482
1 0.6794270833333333 0.33101851851851855 0.011979166666666667 0.05648148148148148
1 0.8307291666666666 0.4134259259259259 0.022916666666666665 0.06388888888888888
1 0.6440104166666667 0.23287037037037037 0.0140625 0.041666666666666664
1 0.7466145833333333 0.2865740740740741 0.0109375 0.05092592592592592
1 0.2552083333333333 0.2865740740740741 0.004166666666666667 0.008333333333333333
