1 0.19895833333333332 0.31574074074074077 0.013541666666666667 0.06296296296296296
1 0.4703125 0.3800925925925926 0.014583333333333334 0.06574074074074074
1 0.6440104166666667 0.29444444444444445 0.013020833333333334 0.05740740740740741
1 0.4315104166666667 0.3814814814814815 0.013020833333333334 0.06666666666666667
1 0.8252604166666667 0.7199074074074074 0.024479166666666666 0.08425925925925926
1 0.40729166666666666 0.5092592592592593 0.014583333333333334 0.07222222222222222
1 0.646875 0.6791666666666667 0.017708333333333333 0.08611111111111111
1 0.3338541666666667 0.799074074074074 0.020833333333333332 0.10185185185185185
1 0.25807291666666665 0.6777777777777778 0.021354166666666667 0.08888888888888889
1 0.22239583333333332 0.16666666666666666 0.010416666666666666 0.044444444444444446
1 0.5497395833333333 0.2662037037037037 0.009895833333333333 0.049074074074074076
1 0.16328125 0.4212962962962963 0.013020833333333334 0.06851851851851852
1 0.4401041666666667 0.4625 0.014583333333333334 0.06944444444444445
1 0.5234375 0.34629629629629627 0.014583333333333334 0.05740740740740741
1 0.5130208333333334 0.40370370370370373 0.0125 0.06111111111111111
1 0.14427083333333332 0.5097222222222222 0.020833333333333332 0.075
1 0.31927083333333334 0.33194444444444443 0.015625 0.06018518518518518
1 0.26901041666666664 0.22870370370370371 0.013020833333333334 0.046296296296296294
1 0.7557291666666667 0.4203703703703704 0.0125 0.07222222222222222
1 0.8041666666666667 0.4666666666666667 0.017708333333333333 0.07407407407407407
1 0.6513020833333333 0.21481481481481482 0.008854166666666666 0.04814814814814815
1 0.5872395833333334 0.2916666666666667 0.011979166666666667 0.05555555555555555
