1 0.29661458333333335 0.350462962962963 0.018229166666666668 0.0787037037037037
1 0.5393229166666667 0.35509259259259257 0.016145833333333335 0.0712962962962963
1 0.7825520833333334 0.3726851851851852 0.018229166666666668 0.07685185185185185
1 0.40651041666666665 0.362962962962963 0.011979166666666667 0.07222222222222222
1 0.79140625 0.825462962962963 0.027604166666666666 0.10462962962962963
1 0.47942708333333334 0.5773148148148148 0.0171875 0.09166666666666666
1 0.41796875 0.6912037037037037 0.0140625 0.09166666666666666
1 0.1921875 0.7666666666666667 0.015625 0.1037037037037037
1 0.21640625 0.6300925925925925 0.021354166666666667 0.08796296296296297
1 0.4203125 0.0587962962962963 0.010416666666666666 0.041666666666666664
1 0.5130208333333334 0.30092592592592593 0.015625 0.06481481481481481
1 0.24375 0.4981481481481482 0.016666666666666666 0.07962962962962963
1 0.38515625 0.46944444444444444 0.013020833333333334 0.08333333333333333
1 0.5546875 0.4064814814814815 0.017708333333333333 0.07592592592592592
1 0.49765625 0.44537037037037036 0.0140625 0.07592592592592592
1 0.24609375 0.4532407407407407 0.016145833333333335 0.0787037037037037
1 0.33125 0.27361111111111114 0.014583333333333334 0.06944444444444445
1 0.3692708333333333 0.20185185185185187 0.0125 0.05555555555555555
1 0.7401041666666667 0.4666666666666667 0.013541666666666667 0.08703703703703704
1 0.8265625 0.5532407407407407 0.021875 0.09166666666666666
1 0.7565104166666666 0.23425925925925925 0.013020833333333334 0.06111111111111111
1 0.5278645833333333 0.3800925925925926 0.015104166666666667 0.07314814814814814
