1 0.20442708333333334 0.34814814814814815 0.011979166666666667 0.06666666666666667
1 0.49895833333333334 0.37546296296296294 0.0125 0.06759259259259259
1 0.6859375 0.31203703703703706 0.0125 0.06296296296296296
1 0.40989583333333335 0.41574074074074074 0.013541666666666667 0.07222222222222222
1 0.79765625 0.75 0.0234375 0.09259259259259259
1 0.42473958333333334 0.5523148148148148 0.0203125 0.0787037037037037
1 0.5723958333333333 0.7171296296296297 0.023958333333333335 0.09351851851851851
1 0.28854166666666664 0.8087962962962963 0.028125 0.10092592592592593
1 0.23463541666666668 0.6865740740740741 0.016145833333333335 0.08981481481481482
1 0.26276041666666666 0.1398148148148148 0.0109375 0.044444444444444446
1 0.5153645833333333 0.29212962962962963 0.0109375 0.05277777777777778
1 0.178125 0.44583333333333336 0.016666666666666666 0.075
1 0.41015625 0.5032407407407408 0.0171875 0.075
1 0.53828125 0.36527777777777776 0.0140625 0.06388888888888888
1 0.49296875 0.449537037037037 0.0203125 0.0712962962962963
1 0.16302083333333334 0.5092592592592593 0.025 0.07962962962962963
1 0.30520833333333336 0.3384259259259259 0.011458333333333333 0.06574074074074074
1 0.30572916666666666 0.22268518518518518 0.013541666666666667 0.05092592592592592
1 0.7729166666666667 0.46064814814814814 0.016666666666666666 0.0787037037037037
1 0.821875 0.5032407407407408 0.014583333333333334 0.0787037037037037
1 0.6880208333333333 0.21898148148148147 0.011458333333333333 0.05092592592592592
1 0.5809895833333333 0.31574074074074077 0.015104166666666667 0.06111111111111111
