1 0.16770833333333332 0.21342592592592594 0.015625 0.04351851851851852
1 0.3385416666666667 0.2791666666666667 0.013541666666666667 0.06018518518518518
1 0.7276041666666667 0.18518518518518517 0.014583333333333334 0.04814814814814815
1 0.4700520833333333 0.1912037037037037 0.0171875 0.04722222222222222
1 0.8380208333333333 0.5699074074074074 0.022916666666666665 0.07314814814814814
1 0.5658854166666667 0.3287037037037037 0.019270833333333334 0.05740740740740741
1 0.5635416666666667 0.49583333333333335 0.020833333333333332 0.07314814814814814
1 0.25833333333333336 0.8226851851851852 0.023958333333333335 0.10277777777777777
1 0.09375 0.4 0.017708333333333333 0.06481481481481481
1 0.15651041666666668 0.12546296296296297 0.015104166666666667 0.041666666666666664
1 0.6046875 0.12685185185185185 0.014583333333333334 0.03333333333333333
1 0.1796875 0.2222222222222222 0.0125 0.044444444444444446
1 0.3815104166666667 0.2912037037037037 0.013020833333333334 0.058333333333333334
1 0.5216145833333333 0.18611111111111112 0.016145833333333335 0.044444444444444446
1 0.5973958333333333 0.22314814814814815 0.009375 0.04814814814814815
1 0.09166666666666666 0.28055555555555556 0.016666666666666666 0.05925925925925926
1 0.2604166666666667 0.14722222222222223 0.0125 0.037037037037037035
1 0.21901041666666668 0.14675925925925926 0.016145833333333335 0.03981481481481482
1 0.6153645833333333 0.23287037037037037 0.015104166666666667 0.05277777777777778
1 0.81171875 0.32407407407407407 0.021354166666666667 0.06111111111111111
1 0.63515625 0.12824074074074074 0.008854166666666666 0.03425925925925926
1 0.6877604166666667 0.18981481481481483 0.013020833333333334 0.046296296296296294
1 0.3729166666666667 0.18194444444444444 0.004166666666666667 0.008333333333333333
