1 0.18072916666666666 0.27685185185185185 0.021875 0.06666666666666667
1 0.35052083333333334 0.5203703703703704 0.016666666666666666 0.08703703703703704
1 0.8619791666666666 0.25833333333333336 0.011458333333333333 0.06481481481481481
1 0.24921875 0.30092592592592593 0.009895833333333333 0.06481481481481481
1 0.8205729166666667 0.5972222222222222 0.015104166666666667 0.08518518518518518
1 0.5166666666666667 0.44583333333333336 0.013541666666666667 0.07685185185185185
1 0.4309895833333333 0.5902777777777778 0.013020833333333334 0.0824074074074074
1 0.47890625 0.8731481481481481 0.024479166666666666 0.11296296296296296
1 0.08932291666666667 0.5305555555555556 0.018229166666666668 0.07962962962962963
1 0.24244791666666668 0.09722222222222222 0.0109375 0.046296296296296294
1 0.43828125 0.25416666666666665 0.009895833333333333 0.058333333333333334
1 0.4627604166666667 0.3148148148148148 0.011979166666666667 0.06666666666666667
1 0.3221354166666667 0.40324074074074073 0.016145833333333335 0.07314814814814814
1 0.5747395833333333 0.2462962962962963 0.011979166666666667 0.05925925925925926
1 0.690625 0.34120370370370373 0.010416666666666666 0.06574074074074074
1 0.12578125 0.37916666666666665 0.016145833333333335 0.0712962962962963
1 0.20963541666666666 0.2773148148148148 0.021354166666666667 0.06388888888888888
1 0.4791666666666667 0.18703703703703703 0.009375 0.05185185185185185
1 0.4661458333333333 0.43333333333333335 0.01875 0.08148148148148149
1 0.9291666666666667 0.37407407407407406 0.015625 0.07592592592592592
1 0.6692708333333334 0.14444444444444443 0.010416666666666666 0.05
1 0.5104166666666666 0.2791666666666667 0.011458333333333333 0.06388888888888888
1 0.47604166666666664 0.34444444444444444 0.007291666666666667 0.012962962962962963
