1 0.14947916666666666 0.4046296296296296 0.013541666666666667 0.04814814814814815
1 0.4546875 0.4217592592592593 0.010416666666666666 0.049074074074074076
1 0.58828125 0.3490740740740741 0.0109375 0.040740740740740744
1 0.45989583333333334 0.3662037037037037 0.010416666666666666 0.041666666666666664
1 0.8661458333333333 0.6893518518518519 0.019791666666666666 0.06574074074074074
1 0.20130208333333333 0.49027777777777776 0.011979166666666667 0.05277777777777778
1 0.596875 0.6310185185185185 0.017708333333333333 0.06388888888888888
1 0.18697916666666667 0.6583333333333333 0.015625 0.07037037037037037
1 0.1890625 0.5722222222222222 0.0125 0.05925925925925926
1 0.15208333333333332 0.3212962962962963 0.008333333333333333 0.03333333333333333
1 0.5734375 0.31527777777777777 0.007291666666666667 0.03425925925925926
1 0.16067708333333333 0.44074074074074077 0.011979166666666667 0.05
1 0.89453125 0.37083333333333335 0.008854166666666666 0.041666666666666664
1 0.3958333333333333 0.44166666666666665 0.0125 0.05
1 0.4505208333333333 0.3773148148148148 0.009375 0.03981481481481482
1 0.5364583333333334 0.3837962962962963 0.009375 0.041666666666666664
1 0.23776041666666667 0.3814814814814815 0.011979166666666667 0.044444444444444446
1 0.17447916666666666 0.3435185185185185 0.007291666666666667 0.037037037037037035
1 0.7026041666666667 0.42268518518518516 0.009375 0.049074074074074076
1 0.7393229166666667 0.4398148148148148 0.0109375 0.05
1 0.5736979166666667 0.29259259259259257 0.0067708333333333336 0.027777777777777776
1 0.56015625 0.3541666666666667 0.0078125 0.041666666666666664
