1 0.17395833333333333 0.23148148148148148 0.011458333333333333 0.06851851851851852
1 0.37005208333333334 0.4726851851851852 0.0328125 0.08981481481481482
1 0.8674479166666667 0.20046296296296295 0.011979166666666667 0.06388888888888888
1 0.32578125 0.25324074074074077 0.013020833333333334 0.06574074074074074
1 0.8846354166666667 0.5541666666666667 0.019270833333333334 0.08425925925925926
1 0.52734375 0.3976851851851852 0.018229166666666668 0.075
1 0.4596354166666667 0.5504629629629629 0.018229166666666668 0.08425925925925926
1 0.5010416666666667 0.9342592592592592 0.023958333333333335 0.12037037037037036
1 0.07057291666666667 0.4912037037037037 0.021354166666666667 0.08055555555555556
1 0.26875 0.04861111111111111 0.010416666666666666 0.04537037037037037
1 0.42890625 0.18518518518518517 0.009895833333333333 0.05740740740740741
1 0.490625 0.26805555555555555 0.011458333333333333 0.06574074074074074
1 0.34010416666666665 0.32916666666666666 0.011458333333333333 0.06944444444444445
1 0.6020833333333333 0.2013888888888889 0.0125 0.058333333333333334
1 0.7455729166666667 0.29768518518518516 0.0140625 0.06759259259259259
1 0.12083333333333333 0.3148148148148148 0.013541666666666667 0.07222222222222222
1 0.21197916666666666 0.19074074074074074 0.017708333333333333 0.06111111111111111
1 0.5044270833333333 0.13148148148148148 0.009895833333333333 0.05
1 0.4953125 0.38796296296296295 0.017708333333333333 0.08333333333333333
1 0.92578125 0.35185185185185186 0.013020833333333334 0.07407407407407407
1 0.7388020833333333 0.09953703703703703 0.009895833333333333 0.049074074074074076
1 0.5028645833333333 0.19027777777777777 0.0171875 0.05092592592592592
1 0.5046875 0.29768518518518516 0.007291666666666667 0.012037037037037037
