1 0.26640625 0.37083333333333335 0.011979166666666667 0.075
1 0.5442708333333334 0.38564814814814813 0.0125 0.07685185185185185
1 0.753125 0.35648148148148145 0.015625 0.07222222222222222
1 0.3875 0.4064814814814815 0.011458333333333333 0.07592592592592592
1 0.7916666666666666 0.8064814814814815 0.021875 0.1
1 0.46848958333333335 0.5509259259259259 0.0140625 0.08518518518518518
1 0.45 0.7291666666666666 0.01875 0.09537037037037037
1 0.20546875 0.7962962962962963 0.028645833333333332 0.1037037037037037
1 0.20390625 0.6615740740740741 0.021354166666666667 0.09166666666666666
1 0.37786458333333334 0.08796296296296297 0.009895833333333333 0.04259259259259259
1 0.5098958333333333 0.3 0.010416666666666666 0.06296296296296296
1 0.19401041666666666 0.4773148148148148 0.013020833333333334 0.08425925925925926
1 0.3921875 0.49212962962962964 0.020833333333333332 0.0787037037037037
1 0.553125 0.40185185185185185 0.015625 0.07222222222222222
1 0.49322916666666666 0.45787037037037037 0.016666666666666666 0.075
1 0.21875 0.4810185185185185 0.013541666666666667 0.0787037037037037
1 0.29583333333333334 0.32546296296296295 0.014583333333333334 0.06944444444444445
1 0.3580729166666667 0.21203703703703702 0.011979166666666667 0.053703703703703705
1 0.7315104166666667 0.4726851851851852 0.0171875 0.08425925925925926
1 0.8203125 0.5388888888888889 0.020833333333333332 0.08888888888888889
1 0.73359375 0.2324074074074074 0.011979166666666667 0.05740740740740741
1 0.53203125 0.3680555555555556 0.015104166666666667 0.07314814814814814
