1 0.29348958333333336 0.34444444444444444 0.016145833333333335 0.07592592592592592
1 0.5296875 0.3486111111111111 0.015625 0.07314814814814814
1 0.7830729166666667 0.37222222222222223 0.0171875 0.07592592592592592
1 0.4046875 0.35694444444444445 0.016666666666666666 0.075
1 0.784375 0.825925925925926 0.025 0.10555555555555556
1 0.48151041666666666 0.5842592592592593 0.021354166666666667 0.0962962962962963
1 0.4041666666666667 0.6944444444444444 0.030208333333333334 0.08888888888888889
1 0.19348958333333333 0.7574074074074074 0.018229166666666668 0.10555555555555556
1 0.21067708333333332 0.6268518518518519 0.022395833333333334 0.08888888888888889
1 0.4231770833333333 0.05185185185185185 0.0109375 0.046296296296296294
1 0.5078125 0.29953703703703705 0.013541666666666667 0.06574074074074074
1 0.24088541666666666 0.5074074074074074 0.016145833333333335 0.08703703703703704
1 0.38255208333333335 0.4685185185185185 0.013020833333333334 0.07962962962962963
1 0.553125 0.4046296296296296 0.01875 0.07777777777777778
1 0.4940104166666667 0.44351851851851853 0.0140625 0.07592592592592592
1 0.23932291666666666 0.44305555555555554 0.015104166666666667 0.0712962962962963
1 0.33098958333333334 0.2657407407407407 0.016145833333333335 0.06666666666666667
1 0.36770833333333336 0.2 0.0125 0.05555555555555555
1 0.7377604166666667 0.4648148148148148 0.016145833333333335 0.08518518518518518
1 0.8276041666666667 0.5532407407407407 0.020833333333333332 0.09537037037037037
1 0.75546875 0.23333333333333334 0.013020833333333334 0.06111111111111111
1 0.5286458333333334 0.3837962962962963 0.016666666666666666 0.07685185185185185
