1 0.21953125 0.3578703703703704 0.0109375 0.05462962962962963
1 0.5846354166666666 0.38333333333333336 0.018229166666666668 0.05740740740740741
1 0.8888020833333333 0.34120370370370373 0.019270833333333334 0.05092592592592592
1 0.5072916666666667 0.2953703703703704 0.016666666666666666 0.04814814814814815
1 0.8390625 0.6518518518518519 0.020833333333333332 0.07407407407407407
1 0.2078125 0.41388888888888886 0.019791666666666666 0.05555555555555555
1 0.64296875 0.7231481481481481 0.021354166666666667 0.08333333333333333
1 0.29609375 0.5782407407407407 0.019270833333333334 0.07314814814814814
1 0.36875 0.5486111111111112 0.011458333333333333 0.06944444444444445
1 0.24765625 0.24953703703703703 0.011979166666666667 0.041666666666666664
1 0.828125 0.2550925925925926 0.014583333333333334 0.03611111111111111
1 0.3026041666666667 0.37083333333333335 0.013541666666666667 0.05462962962962963
1 0.40546875 0.42592592592592593 0.0203125 0.05740740740740741
1 0.5546875 0.3365740740740741 0.015625 0.04722222222222222
1 0.665625 0.3907407407407407 0.017708333333333333 0.05555555555555555
1 0.06041666666666667 0.4263888888888889 0.011458333333333333 0.06018518518518518
1 0.28072916666666664 0.31157407407407406 0.011458333333333333 0.049074074074074076
1 0.33697916666666666 0.2953703703703704 0.009375 0.044444444444444446
1 0.7791666666666667 0.4064814814814815 0.019791666666666666 0.05925925925925926
1 0.903125 0.44027777777777777 0.022916666666666665 0.062037037037037036
1 0.8497395833333333 0.28379629629629627 0.018229166666666668 0.041666666666666664
1 0.7513020833333334 0.3087962962962963 0.016145833333333335 0.049074074074074076
1 0.8978932291666666 0.229125 0.0046718750000000146 0.008305555555555554
