1 0.22552083333333334 0.4083333333333333 0.016666666666666666 0.05740740740740741
1 0.6231770833333333 0.41064814814814815 0.019270833333333334 0.05092592592592592
1 0.87734375 0.3712962962962963 0.0109375 0.05185185185185185
1 0.51484375 0.3398148148148148 0.015104166666666667 0.04259259259259259
1 0.8916666666666667 0.6643518518518519 0.021875 0.06388888888888888
1 0.24713541666666666 0.4648148148148148 0.015104166666666667 0.05555555555555555
1 0.671875 0.7027777777777777 0.019791666666666666 0.07592592592592592
1 0.2830729166666667 0.6287037037037037 0.0171875 0.07222222222222222
1 0.33098958333333334 0.5773148148148148 0.011979166666666667 0.06759259259259259
1 0.24192708333333332 0.300462962962963 0.009895833333333333 0.03981481481481482
1 0.8419270833333333 0.3 0.008854166666666666 0.037037037037037035
1 0.27760416666666665 0.42083333333333334 0.014583333333333334 0.05277777777777778
1 0.384375 0.47175925925925927 0.014583333333333334 0.058333333333333334
1 0.57890625 0.36898148148148147 0.013020833333333334 0.04351851851851852
1 0.6833333333333333 0.4148148148148148 0.0125 0.053703703703703705
1 0.02578125 0.48842592592592593 0.0140625 0.062037037037037036
1 0.27239583333333334 0.35324074074074074 0.014583333333333334 0.04722222222222222
1 0.3098958333333333 0.33796296296296297 0.011458333333333333 0.044444444444444446
1 0.82421875 0.4356481481481482 0.016145833333333335 0.05648148148148148
1 0.925 0.4615740740740741 0.017708333333333333 0.058333333333333334
1 0.8765625 0.30833333333333335 0.010416666666666666 0.03888888888888889
1 0.7299479166666667 0.35509259259259257 0.015104166666666667 0.049074074074074076
1 0.9731770833333333 0.3060185185185185 0.0036458333333333334 0.006481481481481481
