1 0.37109375 0.33935185185185185 0.018229166666666668 0.049074074074074076
1 0.48515625 0.4324074074074074 0.011979166666666667 0.05925925925925926
1 0.8372395833333334 0.38101851851851853 0.0171875 0.05648148148148148
1 0.53359375 0.33564814814814814 0.008854166666666666 0.05092592592592592
1 0.7046875 0.7111111111111111 0.020833333333333332 0.07592592592592592
1 0.37786458333333334 0.4708333333333333 0.016145833333333335 0.058333333333333334
1 0.6302083333333334 0.6944444444444444 0.013541666666666667 0.08518518518518518
1 0.3328125 0.6087962962962963 0.013541666666666667 0.075
1 0.2359375 0.5509259259259259 0.023958333333333335 0.06296296296296296
1 0.3065104166666667 0.25833333333333336 0.0109375 0.04259259259259259
1 0.7588541666666667 0.2935185185185185 0.010416666666666666 0.04259259259259259
1 0.4596354166666667 0.3388888888888889 0.009895833333333333 0.04814814814814815
1 0.44635416666666666 0.42268518518518516 0.010416666666666666 0.058333333333333334
1 0.5536458333333333 0.3675925925925926 0.009375 0.053703703703703705
1 0.6606770833333333 0.425462962962963 0.013020833333333334 0.058333333333333334
1 0.17291666666666666 0.4134259259259259 0.016666666666666666 0.05648148148148148
1 0.33645833333333336 0.3226851851851852 0.0125 0.05092592592592592
1 0.37005208333333334 0.3106481481481482 0.009895833333333333 0.041666666666666664
1 0.7497395833333333 0.4212962962962963 0.015104166666666667 0.06111111111111111
1 0.8440104166666667 0.5115740740740741 0.016145833333333335 0.0712962962962963
1 0.7690104166666667 0.3226851851851852 0.009895833333333333 0.04537037037037037
1 0.7838541666666666 0.3453703703703704 0.014583333333333334 0.05
1 0.19166666666666668 0.43796296296296294 0.005208333333333333 0.009259259259259259
