1 0.13958333333333334 0.21388888888888888 0.011458333333333333 0.06296296296296296
1 0.33619791666666665 0.30277777777777776 0.0140625 0.07222222222222222
1 0.7263020833333333 0.15 0.016145833333333335 0.04814814814814815
1 0.4036458333333333 0.17962962962962964 0.013541666666666667 0.05555555555555555
1 0.9114583333333334 0.562037037037037 0.015625 0.08333333333333333
1 0.534375 0.3648148148148148 0.013541666666666667 0.07037037037037037
1 0.60390625 0.4777777777777778 0.0171875 0.07962962962962963
1 0.30963541666666666 0.8962962962962963 0.0234375 0.11666666666666667
1 0.06354166666666666 0.5 0.020833333333333332 0.08518518518518518
1 0.20234375 0.05092592592592592 0.0109375 0.040740740740740744
1 0.55390625 0.12268518518518519 0.011979166666666667 0.049074074074074076
1 0.15494791666666666 0.2638888888888889 0.015104166666666667 0.06481481481481481
1 0.4276041666666667 0.29953703703703705 0.013541666666666667 0.06759259259259259
1 0.49244791666666665 0.18287037037037038 0.0109375 0.05277777777777778
1 0.6161458333333333 0.22083333333333333 0.0125 0.058333333333333334
1 0.12864583333333332 0.2875 0.017708333333333333 0.06574074074074074
1 0.25 0.11944444444444445 0.011458333333333333 0.05
1 0.28489583333333335 0.1037037037037037 0.014583333333333334 0.044444444444444446
1 0.6494791666666667 0.23796296296296296 0.011458333333333333 0.06851851851851852
1 0.925 0.3337962962962963 0.01875 0.075
1 0.6809895833333334 0.07453703703703704 0.013020833333333334 0.04537037037037037
1 0.6713541666666667 0.15648148148148147 0.0125 0.053703703703703705
1 0.71978125 0.15033796296296298 0.0042708333333332385 0.008268518518518524
