1 0.52265625 0.524074074074074 0.019270833333333334 0.07407407407407407
1 0.11276041666666667 0.5837962962962963 0.0265625 0.0824074074074074
1 0.44140625 0.6069444444444444 0.015104166666666667 0.06944444444444445
1 0.25703125 0.562037037037037 0.0296875 0.07592592592592592
1 0.85703125 0.7930555555555555 0.0234375 0.10092592592592593
1 0.909375 0.475 0.014583333333333334 0.07407407407407407
1 0.45390625 0.6458333333333334 0.016145833333333335 0.08981481481481482
1 0.2825520833333333 0.41064814814814815 0.015104166666666667 0.062037037037037036
1 0.67578125 0.21574074074074073 0.009895833333333333 0.044444444444444446
1 0.6114583333333333 0.40555555555555556 0.011458333333333333 0.06851851851851852
1 0.15755208333333334 0.37222222222222223 0.013020833333333334 0.06296296296296296
1 0.1171875 0.4537037037037037 0.014583333333333334 0.07222222222222222
1 0.8346354166666666 0.3111111111111111 0.0140625 0.05555555555555555
1 0.21458333333333332 0.27824074074074073 0.0125 0.05277777777777778
1 0.5203125 0.32592592592592595 0.017708333333333333 0.05185185185185185
1 0.41380208333333335 0.3314814814814815 0.008854166666666666 0.05555555555555555
1 0.2765625 0.6518518518518519 0.01875 0.09259259259259259
1 0.46510416666666665 0.23148148148148148 0.014583333333333334 0.040740740740740744
1 0.36875 0.28194444444444444 0.010416666666666666 0.05462962962962963
1 0.2518229166666667 0.1875 0.009895833333333333 0.04351851851851852
1 0.48385416666666664 0.5064814814814815 0.021875 0.07037037037037037
1 0.45651041666666664 0.4060185185185185 0.0203125 0.06018518518518518
1 0.5643229166666667 0.425 0.005729166666666666 0.009259259259259259
