1 0.33307291666666666 0.4564814814814815 0.016145833333333335 0.07592592592592592
1 0.12083333333333333 0.42268518518518516 0.015625 0.0712962962962963
1 0.16979166666666667 0.4527777777777778 0.017708333333333333 0.06851851851851852
1 0.3109375 0.4 0.013541666666666667 0.06481481481481481
1 0.7109375 0.7893518518518519 0.019791666666666666 0.10462962962962963
1 0.8791666666666667 0.42777777777777776 0.017708333333333333 0.07037037037037037
1 0.29635416666666664 0.48935185185185187 0.01875 0.075
1 0.30234375 0.28888888888888886 0.013020833333333334 0.05555555555555555
1 0.6080729166666666 0.19074074074074074 0.0109375 0.04259259259259259
1 0.56875 0.287962962962963 0.013541666666666667 0.05740740740740741
1 0.20625 0.27314814814814814 0.011458333333333333 0.05740740740740741
1 0.16848958333333333 0.3347222222222222 0.0203125 0.05277777777777778
1 0.81796875 0.23333333333333334 0.0109375 0.05
1 0.26015625 0.20833333333333334 0.009895833333333333 0.046296296296296294
1 0.340625 0.2574074074074074 0.010416666666666666 0.05185185185185185
1 0.38255208333333335 0.2625 0.0140625 0.05462962962962963
1 0.2830729166666667 0.462037037037037 0.016145833333333335 0.07592592592592592
1 0.28854166666666664 0.18888888888888888 0.008333333333333333 0.046296296296296294
1 0.50390625 0.1986111111111111 0.008854166666666666 0.03981481481481482
1 0.26015625 0.15555555555555556 0.011979166666666667 0.040740740740740744
1 0.5802083333333333 0.2824074074074074 0.014583333333333334 0.04814814814814815
1 0.18880208333333334 0.3476851851851852 0.013020833333333334 0.062037037037037036
1 0.6145833333333334 0.21435185185185185 0.004166666666666667 0.008333333333333333
