1 0.34036458333333336 0.46111111111111114 0.016145833333333335 0.07592592592592592
1 0.11953125 0.42916666666666664 0.0171875 0.0712962962962963
1 0.18151041666666667 0.4550925925925926 0.024479166666666666 0.06018518518518518
1 0.31171875 0.4074074074074074 0.013020833333333334 0.07037037037037037
1 0.7122395833333334 0.7861111111111111 0.021354166666666667 0.1
1 0.88046875 0.4273148148148148 0.018229166666666668 0.0712962962962963
1 0.30885416666666665 0.49675925925925923 0.017708333333333333 0.0712962962962963
1 0.30364583333333334 0.29398148148148145 0.019791666666666666 0.05648148148148148
1 0.6041666666666666 0.18888888888888888 0.0125 0.04259259259259259
1 0.56953125 0.2912037037037037 0.016145833333333335 0.06018518518518518
1 0.20572916666666666 0.2763888888888889 0.010416666666666666 0.058333333333333334
1 0.16901041666666666 0.33935185185185185 0.0203125 0.058333333333333334
1 0.8138020833333334 0.23657407407407408 0.011979166666666667 0.049074074074074076
1 0.2565104166666667 0.21064814814814814 0.009895833333333333 0.04722222222222222
1 0.3455729166666667 0.26064814814814813 0.0109375 0.05462962962962963
1 0.37838541666666664 0.26481481481481484 0.0109375 0.053703703703703705
1 0.28098958333333335 0.4699074074074074 0.016145833333333335 0.0787037037037037
1 0.28854166666666664 0.19398148148148148 0.008333333333333333 0.04722222222222222
1 0.48541666666666666 0.1986111111111111 0.0125 0.03796296296296296
1 0.2609375 0.15416666666666667 0.011458333333333333 0.03981481481481482
1 0.5669557291666667 0.29477314814814815 0.018380208333333314 0.04880555555555554
1 0.18958333333333333 0.3541666666666667 0.014583333333333334 0.058333333333333334
1 0.6113802083333333 0.21398148148148147 0.004322916666666643 0.007222222222222233
