1 0.3307291666666667 0.4444444444444444 0.014583333333333334 0.06851851851851852
1 0.12942708333333333 0.42962962962962964 0.0203125 0.06111111111111111
1 0.14765625 0.46944444444444444 0.013020833333333334 0.06851851851851852
1 0.31796875 0.38287037037037036 0.013020833333333334 0.06388888888888888
1 0.7192708333333333 0.8046296296296296 0.03333333333333333 0.10185185185185185
1 0.8984375 0.43425925925925923 0.021875 0.07037037037037037
1 0.28802083333333334 0.49907407407407406 0.01875 0.06666666666666667
1 0.30963541666666666 0.27870370370370373 0.0109375 0.053703703703703705
1 0.6190104166666667 0.1935185185185185 0.0140625 0.04814814814814815
1 0.58125 0.2861111111111111 0.01875 0.046296296296296294
1 0.21458333333333332 0.2763888888888889 0.017708333333333333 0.04537037037037037
1 0.2109375 0.325 0.011458333333333333 0.05185185185185185
1 0.8354166666666667 0.23472222222222222 0.0125 0.04722222222222222
1 0.2677083333333333 0.20694444444444443 0.008333333333333333 0.04351851851851852
1 0.33697916666666666 0.2490740740740741 0.013541666666666667 0.04814814814814815
1 0.40651041666666665 0.25972222222222224 0.016145833333333335 0.04351851851851852
1 0.29192708333333334 0.43472222222222223 0.016145833333333335 0.0712962962962963
1 0.2950520833333333 0.18796296296296297 0.0140625 0.04259259259259259
1 0.5489583333333333 0.20416666666666666 0.008333333333333333 0.04351851851851852
1 0.2703125 0.15462962962962962 0.009375 0.040740740740740744
1 0.61953125 0.2722222222222222 0.018229166666666668 0.04259259259259259
1 0.20234375 0.3388888888888889 0.0140625 0.05555555555555555
1 0.7125 0.23333333333333334 0.00625 0.009259259259259259
