1 0.3111979166666667 0.43333333333333335 0.0203125 0.07407407407407407
1 0.048177083333333336 0.6541666666666667 0.021354166666666667 0.10462962962962963
1 0.02890625 0.7796296296296297 0.028645833333333332 0.10740740740740741
1 0.31197916666666664 0.40046296296296297 0.01875 0.0712962962962963
1 0.8067708333333333 0.7412037037037037 0.021875 0.09537037037037037
1 0.7455729166666667 0.29398148148148145 0.016145833333333335 0.058333333333333334
1 0.47109375 0.4675925925925926 0.0171875 0.07962962962962963
1 0.20729166666666668 0.29953703703703705 0.016666666666666666 0.06574074074074074
1 0.4236979166666667 0.06759259259259259 0.0078125 0.037037037037037035
1 0.52109375 0.23333333333333334 0.019270833333333334 0.05925925925925926
1 0.15546875 0.23287037037037037 0.013020833333333334 0.06018518518518518
1 0.08984375 0.362962962962963 0.025520833333333333 0.07222222222222222
1 0.66171875 0.1597222222222222 0.015104166666666667 0.05092592592592592
1 0.1640625 0.15648148148148147 0.0125 0.05
1 0.25625 0.19722222222222222 0.011458333333333333 0.05185185185185185
1 0.34921875 0.20972222222222223 0.009895833333333333 0.05462962962962963
1 0.27239583333333334 0.362962962962963 0.013541666666666667 0.07037037037037037
1 0.20052083333333334 0.10416666666666667 0.010416666666666666 0.04722222222222222
1 0.34713541666666664 0.13287037037037036 0.0109375 0.04537037037037037
1 0.17916666666666667 0.06898148148148148 0.010416666666666666 0.03796296296296296
1 0.6307291666666667 0.2013888888888889 0.016666666666666666 0.04537037037037037
1 0.13776041666666666 0.3625 0.022395833333333334 0.0712962962962963
1 0.628125 0.2865740740740741 0.00625 0.008333333333333333
