1 0.328125 0.4041666666666667 0.016666666666666666 0.075
1 0.17890625 0.4185185185185185 0.021354166666666667 0.07962962962962963
1 0.15833333333333333 0.5236111111111111 0.017708333333333333 0.08611111111111111
1 0.39791666666666664 0.2912037037037037 0.015625 0.062037037037037036
1 0.7125 0.8625 0.03333333333333333 0.11388888888888889
1 0.8174479166666667 0.36435185185185187 0.0140625 0.06944444444444445
1 0.34401041666666665 0.449537037037037 0.018229166666666668 0.075
1 0.39895833333333336 0.22916666666666666 0.016666666666666666 0.06018518518518518
1 0.6455729166666667 0.11666666666666667 0.008854166666666666 0.040740740740740744
1 0.56796875 0.25601851851851853 0.013020833333333334 0.06574074074074074
1 0.3268229166666667 0.20694444444444443 0.015104166666666667 0.05462962962962963
1 0.29010416666666666 0.25601851851851853 0.016666666666666666 0.062037037037037036
1 0.7013020833333333 0.18287037037037038 0.015104166666666667 0.04722222222222222
1 0.3703125 0.13796296296296295 0.015625 0.044444444444444446
1 0.4296875 0.15092592592592594 0.010416666666666666 0.044444444444444446
1 0.4908854166666667 0.17222222222222222 0.008854166666666666 0.05
1 0.40546875 0.35509259259259257 0.016145833333333335 0.0712962962962963
1 0.41822916666666665 0.10185185185185185 0.009375 0.04259259259259259
1 0.46979166666666666 0.1361111111111111 0.0125 0.046296296296296294
1 0.39739583333333334 0.08888888888888889 0.010416666666666666 0.04259259259259259
1 0.6307291666666667 0.2263888888888889 0.011458333333333333 0.05462962962962963
1 0.30833333333333335 0.23981481481481481 0.015625 0.05185185185185185
1 0.6786458333333333 0.19907407407407407 0.005208333333333333 0.009259259259259259
