1 0.4044270833333333 0.43472222222222223 0.011979166666666667 0.062037037037037036
1 0.25364583333333335 0.4324074074074074 0.009375 0.06296296296296296
1 0.29010416666666666 0.4513888888888889 0.011458333333333333 0.06018518518518518
1 0.3841145833333333 0.38333333333333336 0.0109375 0.053703703703703705
1 0.7411458333333333 0.6731481481481482 0.017708333333333333 0.08333333333333333
1 0.9325520833333333 0.42453703703703705 0.011979166666666667 0.05462962962962963
1 0.3606770833333333 0.45092592592592595 0.015104166666666667 0.06296296296296296
1 0.4875 0.2833333333333333 0.010416666666666666 0.04259259259259259
1 0.6755208333333333 0.2759259259259259 0.010416666666666666 0.03888888888888889
1 0.6932291666666667 0.33935185185185185 0.011458333333333333 0.05092592592592592
1 0.39166666666666666 0.31157407407407406 0.009375 0.049074074074074076
1 0.35833333333333334 0.35185185185185186 0.015625 0.04814814814814815
1 0.8515625 0.36342592592592593 0.0125 0.049074074074074076
1 0.5416666666666666 0.26064814814814813 0.010416666666666666 0.030555555555555555
1 0.6153645833333333 0.2759259259259259 0.011979166666666667 0.04259259259259259
1 0.5546875 0.3023148148148148 0.010416666666666666 0.04537037037037037
1 0.5223958333333333 0.3972222222222222 0.0125 0.05925925925925926
1 0.54921875 0.25555555555555554 0.011979166666666667 0.037037037037037035
1 0.5299479166666666 0.2712962962962963 0.015104166666666667 0.03148148148148148
1 0.490625 0.24212962962962964 0.010416666666666666 0.03611111111111111
1 0.83046875 0.3712962962962963 0.016145833333333335 0.05185185185185185
1 0.3692708333333333 0.3226851851851852 0.008333333333333333 0.049074074074074076
1 0.12682291666666667 0.36898148148148147 0.0109375 0.04537037037037037
1 0.5705729166666667 0.2708333333333333 0.0046875 0.008333333333333333
