1 0.4205729166666667 0.4166666666666667 0.011979166666666667 0.06111111111111111
1 0.23932291666666666 0.39166666666666666 0.013020833333333334 0.05925925925925926
1 0.27890625 0.40694444444444444 0.016145833333333335 0.06018518518518518
1 0.4276041666666667 0.3523148148148148 0.013541666666666667 0.05648148148148148
1 0.7611979166666667 0.6976851851851852 0.018229166666666668 0.08796296296296297
1 0.9341145833333333 0.4041666666666667 0.024479166666666666 0.058333333333333334
1 0.3807291666666667 0.4287037037037037 0.013541666666666667 0.06296296296296296
1 0.49557291666666664 0.2569444444444444 0.0109375 0.03981481481481482
1 0.7109375 0.25416666666666665 0.013541666666666667 0.03981481481481482
1 0.6640625 0.3106481481481482 0.016666666666666666 0.05092592592592592
1 0.403125 0.26805555555555555 0.009375 0.04722222222222222
1 0.3484375 0.31712962962962965 0.010416666666666666 0.05092592592592592
1 0.865625 0.3282407407407407 0.013541666666666667 0.05092592592592592
1 0.5169270833333334 0.2300925925925926 0.009895833333333333 0.03425925925925926
1 0.5638020833333334 0.25277777777777777 0.009895833333333333 0.04259259259259259
1 0.57265625 0.2824074074074074 0.0109375 0.04814814814814815
1 0.5205729166666667 0.37777777777777777 0.011979166666666667 0.05925925925925926
1 0.5473958333333333 0.22175925925925927 0.010416666666666666 0.032407407407407406
1 0.5270833333333333 0.24305555555555555 0.009375 0.04351851851851852
1 0.49973958333333335 0.2064814814814815 0.008854166666666666 0.037037037037037035
1 0.8471354166666667 0.337037037037037 0.015104166666666667 0.05185185185185185
1 0.3223958333333333 0.27546296296296297 0.0125 0.04351851851851852
1 0.12291666666666666 0.3287037037037037 0.0125 0.05185185185185185
1 0.5434375 0.23560648148148147 0.002708333333333357 0.004175925925925917
