1 0.2872395833333333 0.3962962962962963 0.016145833333333335 0.06111111111111111
1 0.203125 0.4166666666666667 0.015625 0.06666666666666667
1 0.12682291666666667 0.5921296296296297 0.021354166666666667 0.0787037037037037
1 0.3958333333333333 0.40879629629629627 0.015625 0.06388888888888888
1 0.6018229166666667 0.7138888888888889 0.0203125 0.09814814814814815
1 0.8018229166666667 0.48935185185185187 0.015104166666666667 0.06759259259259259
1 0.39348958333333334 0.5175925925925926 0.0203125 0.07222222222222222
1 0.4171875 0.33194444444444443 0.0125 0.05462962962962963
1 0.6703125 0.25092592592592594 0.0125 0.046296296296296294
1 0.5578125 0.34074074074074073 0.014583333333333334 0.05740740740740741
1 0.28125 0.2967592592592593 0.01875 0.05462962962962963
1 0.2234375 0.3148148148148148 0.017708333333333333 0.05
1 0.8877604166666667 0.3851851851851852 0.013020833333333334 0.06111111111111111
1 0.21067708333333332 0.30324074074074076 0.009895833333333333 0.04537037037037037
1 0.25364583333333335 0.25462962962962965 0.013541666666666667 0.044444444444444446
1 0.5015625 0.3023148148148148 0.011458333333333333 0.05277777777777778
1 0.43854166666666666 0.39351851851851855 0.01875 0.06296296296296296
1 0.3854166666666667 0.22870370370370371 0.014583333333333334 0.046296296296296294
1 0.46197916666666666 0.2574074074074074 0.009375 0.046296296296296294
1 0.4421875 0.15648148148148147 0.010416666666666666 0.037037037037037035
1 0.8578125 0.40370370370370373 0.014583333333333334 0.06481481481481481
1 0.17473958333333334 0.3236111111111111 0.0234375 0.03981481481481482
1 0.14229166666666665 0.31060185185185185 0.022395833333333334 0.041574074074074055
1 0.14375 0.34675925925925927 0.005208333333333333 0.010185185185185186
