1 0.26276041666666666 0.4050925925925926 0.018229166666666668 0.05462962962962963
1 0.0703125 0.49398148148148147 0.015625 0.06018518518518518
1 0.21927083333333333 0.4824074074074074 0.017708333333333333 0.06296296296296296
1 0.3341145833333333 0.49537037037037035 0.021354166666666667 0.06296296296296296
1 0.5151041666666667 0.6995370370370371 0.029166666666666667 0.08425925925925926
1 0.88828125 0.5800925925925926 0.025520833333333333 0.075
1 0.33671875 0.6717592592592593 0.019270833333333334 0.075
1 0.27734375 0.36157407407407405 0.016145833333333335 0.05092592592592592
1 0.65546875 0.32222222222222224 0.0203125 0.04259259259259259
1 0.5364583333333334 0.3768518518518518 0.016666666666666666 0.05740740740740741
1 0.20104166666666667 0.3175925925925926 0.009375 0.04814814814814815
1 0.14270833333333333 0.3597222222222222 0.010416666666666666 0.05092592592592592
1 0.9244791666666666 0.44166666666666665 0.0125 0.053703703703703705
1 0.23229166666666667 0.29907407407407405 0.0125 0.040740740740740744
1 0.33515625 0.2865740740740741 0.009895833333333333 0.03981481481481482
1 0.4973958333333333 0.3212962962962963 0.01875 0.044444444444444446
1 0.34661458333333334 0.38796296296296295 0.0203125 0.05
1 0.4270833333333333 0.2912037037037037 0.0125 0.04351851851851852
1 0.5744791666666667 0.325 0.011458333333333333 0.044444444444444446
1 0.43020833333333336 0.1912037037037037 0.009375 0.03425925925925926
1 0.8588541666666667 0.4444444444444444 0.01875 0.05740740740740741
1 0.21692708333333333 0.36157407407407405 0.0140625 0.049074074074074076
