1 0.3294270833333333 0.3726851851851852 0.013020833333333334 0.058333333333333334
1 0.10026041666666667 0.5365740740740741 0.019270833333333334 0.07685185185185185
1 0.23098958333333333 0.4476851851851852 0.0140625 0.06759259259259259
1 0.43984375 0.5009259259259259 0.016145833333333335 0.07222222222222222
1 0.709375 0.6898148148148148 0.020833333333333332 0.08333333333333333
1 0.9028645833333333 0.4759259259259259 0.019270833333333334 0.06851851851851852
1 0.5161458333333333 0.7421296296296296 0.021875 0.08611111111111111
1 0.30703125 0.29444444444444445 0.016145833333333335 0.053703703703703705
1 0.7403645833333333 0.262037037037037 0.0109375 0.04259259259259259
1 0.5307291666666667 0.31574074074074077 0.013541666666666667 0.06111111111111111
1 0.1796875 0.24259259259259258 0.0125 0.046296296296296294
1 0.08098958333333334 0.31805555555555554 0.011979166666666667 0.05648148148148148
1 0.8825520833333333 0.33240740740740743 0.008854166666666666 0.05740740740740741
1 0.26484375 0.21203703703703702 0.011979166666666667 0.040740740740740744
1 0.3697916666666667 0.23935185185185184 0.008333333333333333 0.04351851851851852
1 0.5700520833333333 0.21944444444444444 0.015104166666666667 0.044444444444444446
1 0.4453125 0.31157407407407406 0.010416666666666666 0.05092592592592592
1 0.46588541666666666 0.2222222222222222 0.009895833333333333 0.04259259259259259
1 0.6645833333333333 0.25833333333333336 0.017708333333333333 0.046296296296296294
1 0.3731770833333333 0.12314814814814815 0.0078125 0.03333333333333333
1 0.7895833333333333 0.3388888888888889 0.0125 0.05740740740740741
1 0.011458333333333333 0.337037037037037 0.016666666666666666 0.053703703703703705
1 0.19322916666666667 0.2898148148148148 0.014583333333333334 0.053703703703703705
