1 0.6869791666666667 0.5958333333333333 0.025 0.07314814814814814
1 0.47630208333333335 0.6712962962962963 0.024479166666666666 0.08148148148148149
1 0.51328125 0.6166666666666667 0.016145833333333335 0.07407407407407407
1 0.6421875 0.6787037037037037 0.015625 0.08148148148148149
1 0.9276041666666667 0.6925925925925925 0.01875 0.08518518518518518
1 0.8559895833333333 0.49675925925925923 0.016145833333333335 0.062037037037037036
1 0.8734375 0.7185185185185186 0.021875 0.08518518518518518
1 0.46067708333333335 0.44583333333333336 0.013020833333333334 0.062037037037037036
1 0.76640625 0.3314814814814815 0.011979166666666667 0.04814814814814815
1 0.69296875 0.4134259259259259 0.019270833333333334 0.058333333333333334
1 0.3307291666666667 0.3476851851851852 0.014583333333333334 0.05277777777777778
1 0.23515625 0.48055555555555557 0.021354166666666667 0.06666666666666667
1 0.80234375 0.3958333333333333 0.011979166666666667 0.05648148148148148
1 0.35963541666666665 0.3125 0.008854166666666666 0.04537037037037037
1 0.46770833333333334 0.3574074074074074 0.010416666666666666 0.04814814814814815
1 0.6036458333333333 0.3768518518518518 0.010416666666666666 0.053703703703703705
1 0.5768229166666666 0.35509259259259257 0.011979166666666667 0.04722222222222222
1 0.50546875 0.29814814814814816 0.009895833333333333 0.046296296296296294
1 0.66796875 0.3199074074074074 0.009895833333333333 0.05092592592592592
1 0.38723958333333336 0.20601851851851852 0.009895833333333333 0.03425925925925926
1 0.7338541666666667 0.41435185185185186 0.013541666666666667 0.05462962962962963
1 0.05390625 0.4162037037037037 0.019270833333333334 0.06018518518518518
