1 0.3411458333333333 0.43657407407407406 0.016666666666666666 0.06574074074074074
1 0.16484375 0.45694444444444443 0.019270833333333334 0.06944444444444445
1 0.11692708333333333 0.5236111111111111 0.013020833333333334 0.075
1 0.32369791666666664 0.3990740740740741 0.0171875 0.05925925925925926
1 0.7684895833333333 0.8310185185185185 0.028645833333333332 0.10833333333333334
1 0.9377604166666667 0.44351851851851853 0.022395833333333334 0.07407407407407407
1 0.32890625 0.5115740740740741 0.024479166666666666 0.06388888888888888
1 0.3015625 0.29305555555555557 0.015625 0.05277777777777778
1 0.6161458333333333 0.1787037037037037 0.009375 0.046296296296296294
1 0.625 0.2833333333333333 0.010416666666666666 0.05555555555555555
1 0.2638020833333333 0.2759259259259259 0.0203125 0.05555555555555555
1 0.26015625 0.3337962962962963 0.0171875 0.06018518518518518
1 0.8497395833333333 0.23425925925925925 0.0140625 0.04814814814814815
1 0.27838541666666666 0.20972222222222223 0.016145833333333335 0.041666666666666664
1 0.3575520833333333 0.23935185185185184 0.015104166666666667 0.04722222222222222
1 0.4583333333333333 0.2564814814814815 0.016666666666666666 0.05185185185185185
1 0.30572916666666666 0.4023148148148148 0.0125 0.06574074074074074
1 0.29583333333333334 0.18564814814814815 0.010416666666666666 0.04537037037037037
1 0.57734375 0.21064814814814814 0.011979166666666667 0.05092592592592592
1 0.2908854166666667 0.15 0.008854166666666666 0.037037037037037035
1 0.7182291666666667 0.25277777777777777 0.013541666666666667 0.046296296296296294
1 0.22578125 0.3421296296296296 0.015104166666666667 0.06018518518518518
1 0.8464765624999999 0.25522685185185184 0.0048177083333333336 0.008564814814814815
