1 0.30859375 0.4537037037037037 0.016145833333333335 0.07407407407407407
1 0.10104166666666667 0.5662037037037037 0.01875 0.08055555555555556
1 0.08203125 0.6675925925925926 0.021354166666666667 0.08703703703703704
1 0.33151041666666664 0.425 0.011979166666666667 0.06481481481481481
1 0.8083333333333333 0.8212962962962963 0.03125 0.1
1 0.9083333333333333 0.40925925925925927 0.022916666666666665 0.06666666666666667
1 0.44947916666666665 0.5032407407407408 0.021875 0.06944444444444445
1 0.25234375 0.32685185185185184 0.0109375 0.06481481481481481
1 0.5171875 0.13194444444444445 0.011458333333333333 0.03981481481481482
1 0.553125 0.2791666666666667 0.0125 0.06018518518518518
1 0.22447916666666667 0.2796296296296296 0.013541666666666667 0.05740740740740741
1 0.2046875 0.36712962962962964 0.01875 0.06574074074074074
1 0.7809895833333333 0.21435185185185185 0.011979166666666667 0.04351851851851852
1 0.24635416666666668 0.20092592592592592 0.011458333333333333 0.046296296296296294
1 0.30078125 0.2375 0.0109375 0.05092592592592592
1 0.44114583333333335 0.26064814814814813 0.016666666666666666 0.05462962962962963
1 0.259375 0.3902777777777778 0.015625 0.06388888888888888
1 0.23020833333333332 0.1638888888888889 0.008333333333333333 0.044444444444444446
1 0.48151041666666666 0.19444444444444445 0.011979166666666667 0.04814814814814815
1 0.24114583333333334 0.13194444444444445 0.011458333333333333 0.03796296296296296
1 0.7580729166666667 0.2222222222222222 0.015104166666666667 0.046296296296296294
1 0.18020833333333333 0.37407407407407406 0.014583333333333334 0.06296296296296296
1 0.8744791666666667 0.40046296296296297 0.00625 0.010185185185185186
