1 0.3028645833333333 0.43148148148148147 0.016145833333333335 0.07222222222222222
1 0.0578125 0.6527777777777778 0.030208333333333334 0.1
1 0.04401041666666667 0.7768518518518519 0.024479166666666666 0.10555555555555556
1 0.31927083333333334 0.4060185185185185 0.01875 0.06944444444444445
1 0.8153645833333333 0.7481481481481481 0.0234375 0.1037037037037037
1 0.7541666666666667 0.3087962962962963 0.022916666666666665 0.05277777777777778
1 0.484375 0.4740740740740741 0.020833333333333332 0.07592592592592592
1 0.21171875 0.3125 0.016145833333333335 0.06574074074074074
1 0.42265625 0.07546296296296297 0.0078125 0.03611111111111111
1 0.9963541666666667 0.2300925925925926 0.00625 0.04537037037037037
1 0.5010416666666667 0.23796296296296296 0.015625 0.06111111111111111
1 0.15052083333333333 0.2449074074074074 0.016666666666666666 0.06018518518518518
1 0.09583333333333334 0.3675925925925926 0.027083333333333334 0.07407407407407407
1 0.6734375 0.16620370370370371 0.011458333333333333 0.049074074074074076
1 0.16432291666666668 0.1648148148148148 0.0109375 0.05185185185185185
1 0.2484375 0.20416666666666666 0.013541666666666667 0.05277777777777778
1 0.35703125 0.22037037037037038 0.015104166666666667 0.05740740740740741
1 0.2578125 0.3675925925925926 0.013541666666666667 0.06851851851851852
1 0.18932291666666667 0.11342592592592593 0.011979166666666667 0.04722222222222222
1 0.3528645833333333 0.14305555555555555 0.015104166666666667 0.04722222222222222
1 0.17838541666666666 0.07916666666666666 0.011979166666666667 0.03611111111111111
1 0.6557291666666667 0.19675925925925927 0.016666666666666666 0.04722222222222222
1 0.13854166666666667 0.375 0.017708333333333333 0.07407407407407407
1 0.73515625 0.3282407407407407 0.0078125 0.010185185185185186
