1 0.30885416666666665 0.4351851851851852 0.01875 0.07407407407407407
1 0.05859375 0.663425925925926 0.034895833333333334 0.10462962962962963
1 0.0328125 0.7828703703703703 0.026041666666666668 0.10648148148148148
1 0.3138020833333333 0.4009259259259259 0.0140625 0.07222222222222222
1 0.8098958333333334 0.75 0.036458333333333336 0.0962962962962963
1 0.7479166666666667 0.30277777777777776 0.016666666666666666 0.053703703703703705
1 0.4822916666666667 0.47685185185185186 0.025 0.07222222222222222
1 0.20859375 0.30833333333333335 0.016145833333333335 0.06666666666666667
1 0.42161458333333335 0.07361111111111111 0.011979166666666667 0.03611111111111111
1 0.5067708333333333 0.23472222222222222 0.0125 0.062037037037037036
1 0.14947916666666666 0.24212962962962964 0.0125 0.06018518518518518
1 0.08958333333333333 0.3625 0.01875 0.075
1 0.6666666666666666 0.16620370370370371 0.016666666666666666 0.049074074074074076
1 0.1625 0.16342592592592592 0.0125 0.049074074074074076
1 0.2515625 0.20555555555555555 0.014583333333333334 0.05
1 0.35234375 0.2175925925925926 0.009895833333333333 0.05555555555555555
1 0.26458333333333334 0.36712962962962964 0.013541666666666667 0.0712962962962963
1 0.19244791666666666 0.11064814814814815 0.0109375 0.04722222222222222
1 0.3502604166666667 0.1398148148148148 0.0140625 0.046296296296296294
1 0.1765625 0.07592592592592592 0.010416666666666666 0.037037037037037035
1 0.6463541666666667 0.20046296296296295 0.017708333333333333 0.049074074074074076
1 0.13515625 0.3712962962962963 0.016145833333333335 0.07407407407407407
1 0.6841145833333333 0.30972222222222223 0.0067708333333333336 0.008333333333333333
