1 0.3104166666666667 0.4375 0.01875 0.07314814814814814
1 0.05755208333333333 0.6615740740740741 0.034895833333333334 0.10277777777777777
1 0.03046875 0.7837962962962963 0.0359375 0.10462962962962963
1 0.31171875 0.4 0.0140625 0.07222222222222222
1 0.8104166666666667 0.7472222222222222 0.036458333333333336 0.09259259259259259
1 0.7481770833333333 0.29907407407407405 0.013020833333333334 0.05555555555555555
1 0.48046875 0.47453703703703703 0.027604166666666666 0.075
1 0.20651041666666667 0.3060185185185185 0.013020833333333334 0.06574074074074074
1 0.42265625 0.07222222222222222 0.011979166666666667 0.037037037037037035
1 0.5106770833333333 0.23425925925925925 0.011979166666666667 0.06296296296296296
1 0.15104166666666666 0.24027777777777778 0.0125 0.06018518518518518
1 0.08854166666666667 0.362962962962963 0.017708333333333333 0.07407407407407407
1 0.6622395833333333 0.16435185185185186 0.015104166666666667 0.049074074074074076
1 0.16302083333333334 0.16203703703703703 0.016666666666666666 0.04814814814814815
1 0.25338541666666664 0.2037037037037037 0.015104166666666667 0.05
1 0.35208333333333336 0.21435185185185185 0.0125 0.05648148148148148
1 0.2671875 0.3662037037037037 0.0125 0.06944444444444445
1 0.19479166666666667 0.1087962962962963 0.010416666666666666 0.04722222222222222
1 0.34765625 0.1361111111111111 0.009895833333333333 0.04814814814814815
1 0.17604166666666668 0.07453703703703704 0.0125 0.03796296296296296
1 0.6421875 0.2013888888888889 0.014583333333333334 0.04722222222222222
1 0.13645833333333332 0.36944444444444446 0.01875 0.07222222222222222
1 0.6627604166666666 0.30185185185185187 0.0067708333333333336 0.009259259259259259
