1 0.3145833333333333 0.4361111111111111 0.016666666666666666 0.08333333333333333
1 0.15104166666666666 0.4726851851851852 0.022916666666666665 0.09166666666666666
1 0.13307291666666668 0.6074074074074074 0.021354166666666667 0.08888888888888889
1 0.37421875 0.32731481481481484 0.015104166666666667 0.06574074074074074
1 0.77421875 0.8768518518518519 0.0234375 0.1111111111111111
1 0.8346354166666666 0.35185185185185186 0.016145833333333335 0.07222222222222222
1 0.35182291666666665 0.4861111111111111 0.018229166666666668 0.08148148148148149
1 0.35572916666666665 0.2462962962962963 0.016666666666666666 0.06296296296296296
1 0.5927083333333333 0.09583333333333334 0.011458333333333333 0.03796296296296296
1 0.5911458333333334 0.2638888888888889 0.015625 0.06111111111111111
1 0.296875 0.20787037037037037 0.010416666666666666 0.058333333333333334
1 0.24375 0.2833333333333333 0.014583333333333334 0.06666666666666667
1 0.76015625 0.18333333333333332 0.0203125 0.044444444444444446
1 0.33307291666666666 0.13425925925925927 0.008854166666666666 0.04814814814814815
1 0.40182291666666664 0.1527777777777778 0.008854166666666666 0.05185185185185185
1 0.46458333333333335 0.17824074074074073 0.009375 0.05092592592592592
1 0.3963541666666667 0.3902777777777778 0.016666666666666666 0.07685185185185185
1 0.39765625 0.08935185185185185 0.011979166666666667 0.03981481481481482
1 0.4669270833333333 0.1337962962962963 0.008854166666666666 0.04537037037037037
1 0.359375 0.07731481481481481 0.010416666666666666 0.041666666666666664
1 0.6447916666666667 0.24583333333333332 0.016666666666666666 0.06018518518518518
1 0.2557291666666667 0.28194444444444444 0.0125 0.06388888888888888
1 0.7411458333333333 0.2 0.005208333333333333 0.009259259259259259
