1 0.4356770833333333 0.4861111111111111 0.0140625 0.06111111111111111
1 0.39296875 0.4791666666666667 0.018229166666666668 0.06574074074074074
1 0.31640625 0.587037037037037 0.015104166666666667 0.06481481481481481
1 0.5205729166666667 0.4393518518518518 0.013020833333333334 0.05648148148148148
1 0.67109375 0.7351851851851852 0.021354166666666667 0.08703703703703704
1 0.9229166666666667 0.49027777777777776 0.013541666666666667 0.06388888888888888
1 0.50390625 0.5069444444444444 0.0140625 0.058333333333333334
1 0.5643229166666667 0.3439814814814815 0.013020833333333334 0.049074074074074076
1 0.76953125 0.3023148148148148 0.011979166666666667 0.03981481481481482
1 0.6817708333333333 0.36527777777777776 0.010416666666666666 0.05092592592592592
1 0.5192708333333333 0.3476851851851852 0.011458333333333333 0.049074074074074076
1 0.48359375 0.39861111111111114 0.016145833333333335 0.05648148148148148
1 0.92421875 0.35648148148148145 0.0109375 0.046296296296296294
1 0.5838541666666667 0.2972222222222222 0.008333333333333333 0.03888888888888889
1 0.65390625 0.33101851851851855 0.009895833333333333 0.04537037037037037
1 0.6622395833333333 0.33935185185185185 0.008854166666666666 0.04722222222222222
1 0.6013020833333333 0.4046296296296296 0.0109375 0.05185185185185185
1 0.6309895833333333 0.2833333333333333 0.0109375 0.037037037037037035
1 0.68359375 0.31203703703703706 0.0078125 0.04259259259259259
1 0.5989583333333334 0.26296296296296295 0.009375 0.037037037037037035
1 0.74453125 0.3768518518518518 0.0140625 0.04814814814814815
1 0.5114583333333333 0.3527777777777778 0.009375 0.044444444444444446
1 0.18463541666666666 0.38842592592592595 0.013020833333333334 0.05462962962962963
1 0.8973958333333333 0.3731481481481482 0.005208333333333333 0.009259259259259259
