1 0.42161458333333335 0.49444444444444446 0.0140625 0.06296296296296296
1 0.37005208333333334 0.48842592592592593 0.0109375 0.06018518518518518
1 0.31536458333333334 0.5722222222222222 0.015104166666666667 0.06111111111111111
1 0.49609375 0.44583333333333336 0.016145833333333335 0.05648148148148148
1 0.6635416666666667 0.7310185185185185 0.01875 0.08611111111111111
1 0.91015625 0.49212962962962964 0.013020833333333334 0.058333333333333334
1 0.47369791666666666 0.5101851851851852 0.016145833333333335 0.05925925925925926
1 0.5455729166666666 0.3509259259259259 0.013020833333333334 0.04814814814814815
1 0.7588541666666667 0.32037037037037036 0.010416666666666666 0.03888888888888889
1 0.684375 0.3726851851851852 0.010416666666666666 0.04351851851851852
1 0.49502343749999994 0.35880092592592594 0.013557291666666712 0.03825
1 0.4622395833333333 0.4125 0.016145833333333335 0.05462962962962963
1 0.9408854166666667 0.3819444444444444 0.011979166666666667 0.049074074074074076
1 0.5768229166666666 0.30925925925925923 0.011979166666666667 0.03888888888888889
1 0.6651041666666667 0.34305555555555556 0.009375 0.041666666666666664
1 0.6557291666666667 0.35138888888888886 0.008333333333333333 0.041666666666666664
1 0.5875 0.4162037037037037 0.013541666666666667 0.05277777777777778
1 0.62109375 0.29814814814814816 0.009895833333333333 0.03888888888888889
1 0.6697916666666667 0.32175925925925924 0.007291666666666667 0.03425925925925926
1 0.58125 0.2837037037037037 0.008333333333333333 0.03444444444444444
1 0.7346354166666667 0.3912037037037037 0.013020833333333334 0.04351851851851852
1 0.496875 0.3648148148148148 0.0125 0.05
1 0.1734375 0.4050925925925926 0.015625 0.05277777777777778
1 0.8565104166666667 0.38425925925925924 0.005729166666666666 0.009259259259259259
