1 0.41744791666666664 0.4828703703703704 0.013020833333333334 0.062037037037037036
1 0.3265625 0.4791666666666667 0.015625 0.05462962962962963
1 0.3333333333333333 0.524537037037037 0.013541666666666667 0.06018518518518518
1 0.44375 0.4351851851851852 0.0125 0.05185185185185185
1 0.6791666666666667 0.6949074074074074 0.019791666666666666 0.08055555555555556
1 0.8971354166666666 0.47129629629629627 0.016145833333333335 0.053703703703703705
1 0.43411458333333336 0.49398148148148147 0.0109375 0.05648148148148148
1 0.52109375 0.33425925925925926 0.009895833333333333 0.04814814814814815
1 0.7471354166666667 0.32037037037037036 0.009895833333333333 0.044444444444444446
1 0.6875 0.36064814814814816 0.013541666666666667 0.04722222222222222
1 0.45390625 0.3625 0.0109375 0.04722222222222222
1 0.4361979166666667 0.399537037037037 0.011979166666666667 0.05092592592592592
1 0.9377604166666667 0.3814814814814815 0.008854166666666666 0.046296296296296294
1 0.5565104166666667 0.3062037037037037 0.009895833333333333 0.037592592592592615
1 0.6729166666666667 0.3300925925925926 0.0125 0.041666666666666664
1 0.62578125 0.34444444444444444 0.015104166666666667 0.04259259259259259
1 0.5721354166666667 0.41898148148148145 0.018229166666666668 0.05277777777777778
1 0.6020833333333333 0.2953703703703704 0.0125 0.040740740740740744
1 0.6359375 0.32685185185185184 0.009375 0.04259259259259259
1 0.5550885416666667 0.28234722222222225 0.01126041666666661 0.03384259259259255
1 0.7588541666666667 0.3921296296296296 0.009375 0.04722222222222222
1 0.46927083333333336 0.36157407407407405 0.009375 0.04722222222222222
1 0.16666666666666666 0.4013888888888889 0.011458333333333333 0.05092592592592592
1 0.6974505208333334 0.35163425925925923 0.0037447916666666953 0.004694444444444438
