1 0.36640625 0.4388888888888889 0.0140625 0.06851851851851852
1 0.31953125 0.45185185185185184 0.0203125 0.06666666666666667
1 0.19010416666666666 0.6509259259259259 0.01875 0.08148148148148149
1 0.42890625 0.41435185185185186 0.0109375 0.06759259259259259
1 0.60078125 0.7546296296296297 0.022395833333333334 0.10185185185185185
1 0.8354166666666667 0.43842592592592594 0.015625 0.0712962962962963
1 0.45703125 0.49212962962962964 0.0140625 0.06944444444444445
1 0.4921875 0.29768518518518516 0.014583333333333334 0.05462962962962963
1 0.6653645833333334 0.20185185185185187 0.008854166666666666 0.040740740740740744
1 0.5760416666666667 0.3074074074074074 0.011458333333333333 0.05925925925925926
1 0.42942708333333335 0.2847222222222222 0.011979166666666667 0.05462962962962963
1 0.38515625 0.3453703703703704 0.0140625 0.05740740740740741
1 0.7989583333333333 0.27175925925925926 0.014583333333333334 0.04537037037037037
1 0.4752604166666667 0.22268518518518518 0.008854166666666666 0.04351851851851852
1 0.5046875 0.25416666666666665 0.010416666666666666 0.049074074074074076
1 0.54453125 0.2671296296296296 0.0109375 0.049074074074074076
1 0.4986979166666667 0.35 0.013020833333333334 0.05925925925925926
1 0.5364583333333334 0.19537037037037036 0.011458333333333333 0.044444444444444446
1 0.5755208333333334 0.22777777777777777 0.009375 0.046296296296296294
1 0.5169270833333334 0.17453703703703705 0.0109375 0.03796296296296296
1 0.65859375 0.30648148148148147 0.009895833333333333 0.05185185185185185
1 0.4114583333333333 0.2972222222222222 0.010416666666666666 0.05555555555555555
1 0.05859375 0.3282407407407407 0.015104166666666667 0.058333333333333334
1 0.7932291666666667 0.3337962962962963 0.005208333333333333 0.010185185185185186
