1 0.4205729166666667 0.46064814814814814 0.018229166666666668 0.06574074074074074
1 0.384375 0.4597222222222222 0.01875 0.0712962962962963
1 0.26666666666666666 0.6259259259259259 0.013541666666666667 0.08333333333333333
1 0.49973958333333335 0.4273148148148148 0.011979166666666667 0.06388888888888888
1 0.6536458333333334 0.7564814814814815 0.021875 0.1
1 0.9057291666666667 0.46944444444444444 0.0125 0.06851851851851852
1 0.5080729166666667 0.49953703703703706 0.0140625 0.06759259259259259
1 0.5510416666666667 0.31666666666666665 0.013541666666666667 0.053703703703703705
1 0.7421875 0.2449074074074074 0.010416666666666666 0.041666666666666664
1 0.6434895833333333 0.3347222222222222 0.0109375 0.058333333333333334
1 0.5 0.31203703703703706 0.0125 0.053703703703703705
1 0.45677083333333335 0.36944444444444446 0.010416666666666666 0.05925925925925926
1 0.8755208333333333 0.3111111111111111 0.0125 0.040740740740740744
1 0.5447916666666667 0.25462962962962965 0.008333333333333333 0.04259259259259259
1 0.58515625 0.2875 0.009895833333333333 0.04537037037037037
1 0.621875 0.29814814814814816 0.010416666666666666 0.04814814814814815
1 0.5708333333333333 0.37407407407407406 0.0125 0.05555555555555555
1 0.6067708333333334 0.23148148148148148 0.009375 0.04259259259259259
1 0.6541666666666667 0.26342592592592595 0.009375 0.04537037037037037
1 0.5841145833333333 0.21574074074074073 0.013020833333333334 0.037037037037037035
1 0.7239583333333334 0.33796296296296297 0.010416666666666666 0.05185185185185185
1 0.48411458333333335 0.32083333333333336 0.009895833333333333 0.05277777777777778
1 0.13932291666666666 0.35138888888888886 0.0171875 0.05462962962962963
1 0.8635416666666667 0.33425925925925926 0.005208333333333333 0.009259259259259259
