1 0.24921875 0.4166666666666667 0.011979166666666667 0.05
1 0.13932291666666666 0.44351851851851853 0.0140625 0.06296296296296296
1 0.11171875 0.5601851851851852 0.018229166666666668 0.06296296296296296
1 0.3341145833333333 0.42962962962962964 0.013020833333333334 0.04259259259259259
1 0.5013020833333334 0.7041666666666667 0.033854166666666664 0.08425925925925926
1 0.8421875 0.6018518518518519 0.025 0.07592592592592592
1 0.34479166666666666 0.5550925925925926 0.021875 0.06759259259259259
1 0.34348958333333335 0.3837962962962963 0.013020833333333334 0.05462962962962963
1 0.6484375 0.32685185185185184 0.011458333333333333 0.046296296296296294
1 0.56171875 0.4064814814814815 0.0140625 0.06296296296296296
1 0.24166666666666667 0.33935185185185185 0.013541666666666667 0.05277777777777778
1 0.16276041666666666 0.38333333333333336 0.015104166666666667 0.053703703703703705
1 0.9479166666666666 0.4726851851851852 0.016666666666666666 0.058333333333333334
1 0.17526041666666667 0.3453703703703704 0.011979166666666667 0.04814814814814815
1 0.3072916666666667 0.29074074074074074 0.0125 0.040740740740740744
1 0.5044270833333333 0.36574074074074076 0.0140625 0.05185185185185185
1 0.36640625 0.4111111111111111 0.013020833333333334 0.05185185185185185
1 0.38776041666666666 0.31296296296296294 0.011979166666666667 0.05
1 0.4828125 0.33796296296296297 0.0125 0.05
1 0.4625 0.20925925925925926 0.010416666666666666 0.03518518518518519
1 0.9346354166666667 0.4898148148148148 0.016145833333333335 0.06481481481481481
1 0.03544270833333333 0.3938333333333333 0.011510416666666664 0.05092592592592592
1 0.13098958333333333 0.39166666666666666 0.011979166666666667 0.05185185185185185
