1 0.278125 0.4287037037037037 0.017708333333333333 0.05925925925925926
1 0.18932291666666667 0.4393518518518518 0.0234375 0.058333333333333334
1 0.13515625 0.575925925925926 0.019270833333333334 0.06666666666666667
1 0.3828125 0.4425925925925926 0.019791666666666666 0.05555555555555555
1 0.5708333333333333 0.7180555555555556 0.030208333333333334 0.08425925925925926
1 0.8390625 0.5740740740740741 0.015625 0.07222222222222222
1 0.3859375 0.5583333333333333 0.021875 0.07222222222222222
1 0.3888020833333333 0.37824074074074077 0.019270833333333334 0.05648148148148148
1 0.6690104166666667 0.31527777777777777 0.008854166666666666 0.04722222222222222
1 0.5716145833333334 0.39861111111111114 0.015104166666666667 0.06388888888888888
1 0.2630208333333333 0.3425925925925926 0.010416666666666666 0.04814814814814815
1 0.18463541666666666 0.36712962962962964 0.0109375 0.049074074074074076
1 0.9408854166666667 0.4564814814814815 0.018229166666666668 0.06296296296296296
1 0.17682291666666666 0.3458333333333333 0.0109375 0.03796296296296296
1 0.284375 0.2935185185185185 0.010416666666666666 0.040740740740740744
1 0.51484375 0.3578703703703704 0.0078125 0.05462962962962963
1 0.4044270833333333 0.4152777777777778 0.016145833333333335 0.05462962962962963
1 0.39296875 0.2962962962962963 0.011979166666666667 0.046296296296296294
1 0.47890625 0.32222222222222224 0.009895833333333333 0.05
1 0.4518229166666667 0.2037037037037037 0.0078125 0.03518518518518519
1 0.9200520833333333 0.4722222222222222 0.015104166666666667 0.06481481481481481
1 0.09557291666666666 0.38796296296296295 0.016145833333333335 0.04814814814814815
1 0.12527604166666667 0.37896296296296295 0.016947916666666677 0.051185185185185215
