1 0.25885416666666666 0.39351851851851855 0.011458333333333333 0.053703703703703705
1 0.06171875 0.4847222222222222 0.015104166666666667 0.06388888888888888
1 0.21276041666666667 0.47314814814814815 0.016145833333333335 0.05740740740740741
1 0.3359375 0.4861111111111111 0.01875 0.06296296296296296
1 0.5192708333333333 0.687037037037037 0.021875 0.07592592592592592
1 0.8830729166666667 0.5597222222222222 0.0140625 0.075
1 0.33567708333333335 0.6615740740740741 0.018229166666666668 0.06944444444444445
1 0.27265625 0.3490740740740741 0.0203125 0.05
1 0.653125 0.3087962962962963 0.013541666666666667 0.041666666666666664
1 0.52578125 0.36342592592592593 0.019270833333333334 0.05648148148148148
1 0.19088541666666667 0.3055555555555556 0.011979166666666667 0.046296296296296294
1 0.13046875 0.34953703703703703 0.0109375 0.05277777777777778
1 0.9125 0.4236111111111111 0.015625 0.05648148148148148
1 0.225 0.2851851851851852 0.015625 0.040740740740740744
1 0.32708333333333334 0.2740740740740741 0.008333333333333333 0.03888888888888889
1 0.49375 0.30694444444444446 0.014583333333333334 0.04351851851851852
1 0.34479166666666666 0.3731481481481482 0.010416666666666666 0.05
1 0.4200520833333333 0.2773148148148148 0.009895833333333333 0.04351851851851852
1 0.5692708333333333 0.30925925925925923 0.01875 0.044444444444444446
1 0.41822916666666665 0.17777777777777778 0.008333333333333333 0.03333333333333333
1 0.846875 0.4263888888888889 0.0125 0.058333333333333334
1 0.2109375 0.3472222222222222 0.011458333333333333 0.05185185185185185
