1 0.31796875 0.3763888888888889 0.013020833333333334 0.06018518518518518
1 0.09427083333333333 0.5152777777777777 0.021875 0.075
1 0.23333333333333334 0.44907407407407407 0.013541666666666667 0.06481481481481481
1 0.4296875 0.48564814814814816 0.011458333333333333 0.06388888888888888
1 0.659375 0.6972222222222222 0.021875 0.08518518518518518
1 0.9104166666666667 0.49537037037037035 0.01875 0.06851851851851852
1 0.4705729166666667 0.7175925925925926 0.0234375 0.07777777777777778
1 0.30442708333333335 0.30648148148148147 0.018229166666666668 0.05185185185185185
1 0.7234375 0.27037037037037037 0.013541666666666667 0.044444444444444446
1 0.5354166666666667 0.32685185185185184 0.013541666666666667 0.05925925925925926
1 0.19036458333333334 0.25462962962962965 0.015104166666666667 0.04814814814814815
1 0.10598958333333333 0.31805555555555554 0.0140625 0.05462962962962963
1 0.90078125 0.35694444444444445 0.009895833333333333 0.058333333333333334
1 0.2598958333333333 0.2263888888888889 0.013541666666666667 0.041666666666666664
1 0.3614583333333333 0.2449074074074074 0.011458333333333333 0.041666666666666664
1 0.5619791666666667 0.2388888888888889 0.0125 0.044444444444444446
1 0.4234375 0.325 0.011458333333333333 0.05185185185185185
1 0.46041666666666664 0.2324074074074074 0.011458333333333333 0.044444444444444446
1 0.6442708333333333 0.26851851851851855 0.019791666666666666 0.046296296296296294
1 0.39375 0.13425925925925927 0.008333333333333333 0.03148148148148148
1 0.8119791666666667 0.35138888888888886 0.0125 0.05648148148148148
1 0.00390625 0.3425925925925926 0.0078125 0.05185185185185185
1 0.21354166666666666 0.30092592592592593 0.011458333333333333 0.053703703703703705
