1 0.3151041666666667 0.37777777777777777 0.015625 0.05925925925925926
1 0.09401041666666667 0.5111111111111111 0.021354166666666667 0.07407407407407407
1 0.23177083333333334 0.45 0.016666666666666666 0.06296296296296296
1 0.42578125 0.48564814814814816 0.015104166666666667 0.06574074074074074
1 0.6510416666666666 0.6972222222222222 0.027083333333333334 0.08518518518518518
1 0.9091145833333333 0.49583333333333335 0.015104166666666667 0.06944444444444445
1 0.46380208333333334 0.7171296296296297 0.022395833333333334 0.08055555555555556
1 0.3026041666666667 0.30787037037037035 0.013541666666666667 0.05092592592592592
1 0.7213541666666666 0.27037037037037037 0.014583333333333334 0.044444444444444446
1 0.5359375 0.3282407407407407 0.016666666666666666 0.058333333333333334
1 0.18984375 0.2550925925925926 0.011979166666666667 0.04722222222222222
1 0.1078125 0.31851851851851853 0.014583333333333334 0.053703703703703705
1 0.90078125 0.3611111111111111 0.011979166666666667 0.05740740740740741
1 0.259375 0.2273148148148148 0.017708333333333333 0.03981481481481482
1 0.35989583333333336 0.24351851851851852 0.013541666666666667 0.04259259259259259
1 0.56015625 0.2388888888888889 0.015104166666666667 0.044444444444444446
1 0.41848958333333336 0.32546296296296295 0.016145833333333335 0.05277777777777778
1 0.4588541666666667 0.23425925925925925 0.011458333333333333 0.04259259259259259
1 0.64140625 0.2689814814814815 0.018229166666666668 0.04537037037037037
1 0.39505208333333336 0.13472222222222222 0.008854166666666666 0.032407407407407406
1 0.81328125 0.3527777777777778 0.011979166666666667 0.05555555555555555
1 0.004427083333333333 0.3416666666666667 0.008854166666666666 0.05185185185185185
1 0.21458333333333332 0.3023148148148148 0.0125 0.05277777777777778
