1 0.31666666666666665 0.3773148148148148 0.014583333333333334 0.06018518518518518
1 0.09427083333333333 0.512962962962963 0.021875 0.07407407407407407
1 0.23229166666666667 0.449537037037037 0.015625 0.06388888888888888
1 0.42734375 0.48564814814814816 0.013020833333333334 0.06388888888888888
1 0.65546875 0.6972222222222222 0.0234375 0.08518518518518518
1 0.9098958333333333 0.49537037037037035 0.016666666666666666 0.06851851851851852
1 0.46822916666666664 0.7175925925925926 0.021875 0.07962962962962963
1 0.3033854166666667 0.30694444444444446 0.016145833333333335 0.05092592592592592
1 0.7221354166666667 0.27037037037037037 0.015104166666666667 0.044444444444444446
1 0.5356770833333333 0.3277777777777778 0.015104166666666667 0.05925925925925926
1 0.19010416666666666 0.2550925925925926 0.013541666666666667 0.04722222222222222
1 0.10677083333333333 0.31851851851851853 0.014583333333333334 0.053703703703703705
1 0.90078125 0.3587962962962963 0.0109375 0.058333333333333334
1 0.2596354166666667 0.22685185185185186 0.016145833333333335 0.040740740740740744
1 0.3606770833333333 0.2439814814814815 0.013020833333333334 0.041666666666666664
1 0.5611979166666666 0.2388888888888889 0.0140625 0.044444444444444446
1 0.42083333333333334 0.32546296296296295 0.0125 0.05277777777777778
1 0.4596354166666667 0.23333333333333334 0.0109375 0.04259259259259259
1 0.6427083333333333 0.26851851851851855 0.019791666666666666 0.046296296296296294
1 0.39453125 0.13425925925925927 0.008854166666666666 0.03148148148148148
1 0.8127604166666667 0.3523148148148148 0.011979166666666667 0.05648148148148148
1 0.004166666666666667 0.3425925925925926 0.008333333333333333 0.05185185185185185
1 0.2140625 0.30185185185185187 0.011458333333333333 0.053703703703703705
