1 0.37447916666666664 0.36157407407407405 0.01875 0.058333333333333334
1 0.1578125 0.5833333333333334 0.025 0.08148148148148149
1 0.265625 0.4601851851851852 0.0125 0.06851851851851852
1 0.48723958333333334 0.5333333333333333 0.018229166666666668 0.07407407407407407
1 0.8106770833333333 0.674074074074074 0.018229166666666668 0.08703703703703704
1 0.90546875 0.4444444444444444 0.018229166666666668 0.06666666666666667
1 0.6333333333333333 0.7805555555555556 0.034375 0.09444444444444444
1 0.33958333333333335 0.2828703703703704 0.011458333333333333 0.05462962962962963
1 0.8010416666666667 0.25277777777777777 0.013541666666666667 0.046296296296296294
1 0.5651041666666666 0.31157407407407406 0.019791666666666666 0.058333333333333334
1 0.19244791666666666 0.23055555555555557 0.009895833333333333 0.04814814814814815
1 0.08018229166666666 0.32490740740740737 0.010364583333333337 0.05537037037037038
1 0.903125 0.3282407407407407 0.016666666666666666 0.05277777777777778
1 0.30911458333333336 0.18981481481481483 0.009895833333333333 0.040740740740740744
1 0.4078125 0.23425925925925925 0.011458333333333333 0.044444444444444446
1 0.6036458333333333 0.19583333333333333 0.008333333333333333 0.041666666666666664
1 0.5143229166666666 0.29305555555555557 0.0140625 0.05277777777777778
1 0.5078125 0.20925925925925926 0.008333333333333333 0.044444444444444446
1 0.7302083333333333 0.24027777777777778 0.013541666666666667 0.04722222222222222
1 0.36875 0.1175925925925926 0.007291666666666667 0.03333333333333333
1 0.78671875 0.3365740740740741 0.008854166666666666 0.06018518518518518
1 0.08173958333333334 0.32832407407407405 0.021729166666666667 0.05498148148148148
1 0.17526041666666667 0.2759259259259259 0.011979166666666667 0.053703703703703705
