1 0.63828125 0.5851851851851851 0.0234375 0.07592592592592592
1 0.43776041666666665 0.6930555555555555 0.0296875 0.09351851851851851
1 0.4640625 0.6134259259259259 0.026041666666666668 0.075
1 0.6234375 0.6828703703703703 0.025 0.08425925925925926
1 0.9265625 0.6958333333333333 0.025 0.08611111111111111
1 0.8606770833333334 0.475 0.015104166666666667 0.06481481481481481
1 0.8661458333333333 0.7337962962962963 0.028125 0.08796296296296297
1 0.440625 0.4217592592592593 0.014583333333333334 0.06388888888888888
1 0.76015625 0.30925925925925923 0.011979166666666667 0.04259259259259259
1 0.6744791666666666 0.4060185185185185 0.017708333333333333 0.06388888888888888
1 0.3104166666666667 0.3351851851851852 0.0125 0.053703703703703705
1 0.19322916666666667 0.47175925925925927 0.014583333333333334 0.06388888888888888
1 0.8104166666666667 0.3768518518518518 0.011458333333333333 0.05740740740740741
1 0.3458333333333333 0.29444444444444445 0.011458333333333333 0.04814814814814815
1 0.4393229166666667 0.34120370370370373 0.009895833333333333 0.049074074074074076
1 0.6010416666666667 0.3490740740740741 0.010416666666666666 0.04814814814814815
1 0.5627604166666667 0.3425925925925926 0.0140625 0.05185185185185185
1 0.5067708333333333 0.2861111111111111 0.009375 0.046296296296296294
1 0.6856770833333333 0.3 0.009895833333333333 0.044444444444444446
1 0.3690104166666667 0.19583333333333333 0.009895833333333333 0.03611111111111111
1 0.71796875 0.3787037037037037 0.013020833333333334 0.05740740740740741
1 0.05 0.4115740740740741 0.013541666666666667 0.062037037037037036
