2 0.5385416666666667 0.5162037037037037 0.016666666666666666 0.07314814814814814
2 0.10208333333333333 0.5680555555555555 0.021875 0.08425925925925926
2 0.490625 0.5953703703703703 0.021875 0.07777777777777778
2 0.3026041666666667 0.5481481481481482 0.019791666666666666 0.07592592592592592
2 0.8768229166666667 0.7875 0.025520833333333333 0.10277777777777777
2 0.8942708333333333 0.4685185185185185 0.016666666666666666 0.07222222222222222
2 0.46067708333333335 0.638425925925926 0.0140625 0.08611111111111111
2 0.30026041666666664 0.3990740740740741 0.013020833333333334 0.06851851851851852
2 0.6958333333333333 0.21157407407407408 0.010416666666666666 0.04722222222222222
2 0.6322916666666667 0.4009259259259259 0.010416666666666666 0.07037037037037037
2 0.17395833333333333 0.3638888888888889 0.016666666666666666 0.06296296296296296
2 0.12161458333333333 0.4652777777777778 0.0171875 0.07685185185185185
2 0.85 0.3074074074074074 0.014583333333333334 0.05555555555555555
2 0.2328125 0.27175925925925926 0.0125 0.05277777777777778
2 0.55859375 0.32037037037037036 0.011979166666666667 0.05555555555555555
2 0.428125 0.32083333333333336 0.009375 0.06018518518518518
2 0.25703125 0.6699074074074074 0.021354166666666667 0.08981481481481482
2 0.5020833333333333 0.21666666666666667 0.011458333333333333 0.04814814814814815
2 0.39010416666666664 0.2708333333333333 0.010416666666666666 0.05277777777777778
2 0.2638020833333333 0.17916666666666667 0.009895833333333333 0.04351851851851852
2 0.4453125 0.5175925925925926 0.0125 0.08148148148148149
2 0.47578125 0.3976851851851852 0.009895833333333333 0.06759259259259259
1 0.48776041666666664 0.42685185185185187 0.005729166666666666 0.011111111111111112
