2 0.5372395833333333 0.5087962962962963 0.0171875 0.0787037037037037
2 0.10703125 0.5694444444444444 0.0171875 0.09074074074074075
2 0.490625 0.5953703703703703 0.021875 0.07777777777777778
2 0.30390625 0.5458333333333333 0.018229166666666668 0.08055555555555556
2 0.8768229166666667 0.7875 0.025520833333333333 0.10277777777777777
2 0.8942708333333333 0.46574074074074073 0.016666666666666666 0.07222222222222222
2 0.46588541666666666 0.6328703703703704 0.0140625 0.08425925925925926
2 0.29791666666666666 0.3990740740740741 0.011458333333333333 0.06851851851851852
2 0.6986979166666667 0.21157407407407408 0.011979166666666667 0.04722222222222222
2 0.6330729166666667 0.4013888888888889 0.0109375 0.06944444444444445
2 0.17369791666666667 0.36435185185185187 0.0171875 0.06388888888888888
2 0.11380208333333333 0.4671296296296296 0.0109375 0.07314814814814814
2 0.8518229166666667 0.3074074074074074 0.015104166666666667 0.05555555555555555
2 0.23229166666666667 0.27175925925925926 0.011458333333333333 0.05277777777777778
2 0.5588541666666667 0.32037037037037036 0.0125 0.05555555555555555
2 0.4278645833333333 0.3212962962962963 0.008854166666666666 0.05925925925925926
2 0.2596354166666667 0.6699074074074074 0.0203125 0.08981481481481482
2 0.5018229166666667 0.21666666666666667 0.011979166666666667 0.04814814814814815
2 0.38958333333333334 0.27361111111111114 0.010416666666666666 0.05462962962962963
2 0.26484375 0.18009259259259258 0.009895833333333333 0.04351851851851852
2 0.4466145833333333 0.5212962962962963 0.013020833333333334 0.07407407407407407
2 0.478125 0.39814814814814814 0.010416666666666666 0.06666666666666667
1 0.4875 0.4273148148148148 0.00625 0.012037037037037037
