2 0.5229166666666667 0.524537037037037 0.01875 0.07314814814814814
2 0.1125 0.5837962962962963 0.027083333333333334 0.0824074074074074
2 0.4401041666666667 0.6092592592592593 0.016666666666666666 0.07222222222222222
2 0.25755208333333335 0.5611111111111111 0.0296875 0.07592592592592592
2 0.85625 0.7935185185185185 0.023958333333333335 0.1
2 0.9096354166666667 0.475462962962963 0.015104166666666667 0.075
2 0.45416666666666666 0.6444444444444445 0.015625 0.09074074074074075
2 0.2825520833333333 0.4111111111111111 0.015104166666666667 0.06296296296296296
2 0.675 0.21574074074074073 0.009375 0.044444444444444446
2 0.6111979166666667 0.4050925925925926 0.0109375 0.06944444444444445
2 0.1578125 0.37222222222222223 0.0125 0.06296296296296296
2 0.1171875 0.4537037037037037 0.014583333333333334 0.07222222222222222
2 0.8346354166666666 0.3111111111111111 0.0140625 0.05555555555555555
2 0.21432291666666667 0.27824074074074073 0.013020833333333334 0.05277777777777778
2 0.5192708333333333 0.32592592592592595 0.017708333333333333 0.05185185185185185
2 0.4140625 0.3314814814814815 0.009375 0.05555555555555555
2 0.27708333333333335 0.6513888888888889 0.01875 0.09351851851851851
2 0.46536458333333336 0.23194444444444445 0.018229166666666668 0.041666666666666664
2 0.36796875 0.28194444444444444 0.009895833333333333 0.05462962962962963
2 0.2518229166666667 0.18703703703703703 0.009895833333333333 0.04259259259259259
2 0.48541666666666666 0.5041666666666667 0.021875 0.06944444444444445
2 0.4552083333333333 0.4064814814814815 0.021875 0.06111111111111111
1 0.5684895833333333 0.42453703703703705 0.005729166666666666 0.010185185185185186
