2 0.46536458333333336 0.48657407407407405 0.0203125 0.075
2 0.08828125 0.5416666666666666 0.0171875 0.08518518518518518
2 0.2903645833333333 0.5402777777777777 0.016145833333333335 0.06759259259259259
2 0.375 0.47129629629629627 0.019791666666666666 0.06851851851851852
2 0.8125 0.7962962962962963 0.026041666666666668 0.10185185185185185
2 0.9268229166666667 0.4513888888888889 0.016145833333333335 0.07314814814814814
2 0.4315104166666667 0.5416666666666666 0.015104166666666667 0.08148148148148149
2 0.2989583333333333 0.37962962962962965 0.016666666666666666 0.06481481481481481
2 0.65625 0.19027777777777777 0.009375 0.041666666666666664
2 0.6044270833333333 0.3425925925925926 0.0140625 0.05185185185185185
2 0.17369791666666667 0.3263888888888889 0.015104166666666667 0.058333333333333334
2 0.17057291666666666 0.3990740740740741 0.0203125 0.06851851851851852
2 0.83515625 0.2722222222222222 0.011979166666666667 0.053703703703703705
2 0.20598958333333334 0.24166666666666667 0.013020833333333334 0.05
2 0.43333333333333335 0.29953703703703705 0.015625 0.05277777777777778
2 0.40703125 0.30925925925925923 0.011979166666666667 0.05555555555555555
2 0.2984375 0.5768518518518518 0.019791666666666666 0.08518518518518518
2 0.38177083333333334 0.2050925925925926 0.017708333333333333 0.04537037037037037
2 0.3578125 0.24212962962962964 0.015625 0.04537037037037037
2 0.25807291666666665 0.1597222222222222 0.0140625 0.03981481481481482
2 0.5994791666666667 0.34953703703703703 0.013541666666666667 0.058333333333333334
2 0.3372395833333333 0.38333333333333336 0.0203125 0.06481481481481481
