2 0.5125 0.524537037037037 0.016666666666666666 0.07685185185185185
2 0.11848958333333333 0.5819444444444445 0.016145833333333335 0.08425925925925926
2 0.47421875 0.6037037037037037 0.024479166666666666 0.07407407407407407
2 0.246875 0.5592592592592592 0.015625 0.07592592592592592
2 0.8609375 0.7902777777777777 0.026041666666666668 0.10092592592592593
2 0.9106770833333333 0.475 0.015104166666666667 0.07222222222222222
2 0.4518229166666667 0.6439814814814815 0.016145833333333335 0.08796296296296297
2 0.28177083333333336 0.40694444444444444 0.011458333333333333 0.06759259259259259
2 0.6807291666666667 0.21435185185185185 0.010416666666666666 0.04537037037037037
2 0.6153645833333333 0.40324074074074073 0.008854166666666666 0.07314814814814814
2 0.15703125 0.37222222222222223 0.0171875 0.06296296296296296
2 0.11744791666666667 0.4532407407407407 0.013020833333333334 0.07314814814814814
2 0.8356770833333333 0.3111111111111111 0.0140625 0.05555555555555555
2 0.21666666666666667 0.2773148148148148 0.010416666666666666 0.05277777777777778
2 0.5364583333333334 0.3282407407407407 0.014583333333333334 0.05092592592592592
2 0.4125 0.3277777777777778 0.009375 0.05925925925925926
2 0.2638020833333333 0.6611111111111111 0.03177083333333333 0.0962962962962963
2 0.47369791666666666 0.22777777777777777 0.0109375 0.04814814814814815
2 0.3734375 0.2810185185185185 0.011458333333333333 0.05462962962962963
2 0.2520833333333333 0.18703703703703703 0.010416666666666666 0.04259259259259259
2 0.45 0.5259259259259259 0.022916666666666665 0.06851851851851852
2 0.46380208333333334 0.4023148148148148 0.019270833333333334 0.06388888888888888
1 0.48072916666666665 0.4324074074074074 0.00625 0.011111111111111112
