2 0.36302083333333335 0.46944444444444444 0.015625 0.07592592592592592
2 0.12682291666666667 0.44583333333333336 0.022395833333333334 0.07314814814814814
2 0.18958333333333333 0.4666666666666667 0.01875 0.07407407407407407
2 0.3260416666666667 0.4222222222222222 0.015625 0.07037037037037037
2 0.7291666666666666 0.7856481481481481 0.022916666666666665 0.09907407407407408
2 0.8924479166666667 0.43148148148148147 0.0140625 0.06851851851851852
2 0.34088541666666666 0.5037037037037037 0.022395833333333334 0.07592592592592592
2 0.3026041666666667 0.3087962962962963 0.016666666666666666 0.058333333333333334
2 0.6010416666666667 0.18703703703703703 0.0125 0.044444444444444446
2 0.5799479166666667 0.30277777777777776 0.015104166666666667 0.05925925925925926
2 0.20442708333333334 0.2828703703703704 0.009895833333333333 0.058333333333333334
2 0.18515625 0.3458333333333333 0.019270833333333334 0.06388888888888888
2 0.8119791666666667 0.24212962962962964 0.011458333333333333 0.05277777777777778
2 0.24713541666666666 0.2162037037037037 0.011979166666666667 0.04537037037037037
2 0.36041666666666666 0.26944444444444443 0.013541666666666667 0.05185185185185185
2 0.37578125 0.2740740740740741 0.009895833333333333 0.05185185185185185
2 0.28098958333333335 0.4976851851851852 0.018229166666666668 0.08055555555555556
2 0.2903645833333333 0.1986111111111111 0.0109375 0.04722222222222222
2 0.44635416666666666 0.20324074074074075 0.014583333333333334 0.04351851851851852
2 0.26223958333333336 0.15462962962962962 0.0109375 0.040740740740740744
2 0.5671875 0.300462962962963 0.014583333333333334 0.05648148148148148
2 0.203125 0.36527777777777776 0.016666666666666666 0.06759259259259259
1 0.5992968750000001 0.20756018518518518 0.004062499999999977 0.006361111111111115
