2 0.36015625 0.4675925925925926 0.019270833333333334 0.07592592592592592
2 0.12734375 0.44351851851851853 0.022395833333333334 0.07222222222222222
2 0.18932291666666667 0.46620370370370373 0.0203125 0.0712962962962963
2 0.32395833333333335 0.4212962962962963 0.014583333333333334 0.06851851851851852
2 0.7260416666666667 0.7851851851851852 0.019791666666666666 0.1
2 0.890625 0.4310185185185185 0.015625 0.06944444444444445
2 0.3372395833333333 0.5023148148148148 0.0234375 0.075
2 0.3028645833333333 0.30787037037037035 0.0171875 0.058333333333333334
2 0.60078125 0.18796296296296297 0.011979166666666667 0.046296296296296294
2 0.5786458333333333 0.3023148148148148 0.0125 0.06018518518518518
2 0.20494791666666667 0.2810185185185185 0.009895833333333333 0.05648148148148148
2 0.1828125 0.3449074074074074 0.015625 0.06574074074074074
2 0.8119791666666667 0.2412037037037037 0.0125 0.05277777777777778
2 0.24973958333333332 0.2152777777777778 0.0140625 0.04722222222222222
2 0.35833333333333334 0.26944444444444443 0.013541666666666667 0.05185185185185185
2 0.37578125 0.27361111111111114 0.009895833333333333 0.05277777777777778
2 0.28125 0.49398148148148147 0.01875 0.08425925925925926
2 0.28958333333333336 0.19722222222222222 0.011458333333333333 0.04814814814814815
2 0.45026041666666666 0.2013888888888889 0.016145833333333335 0.04351851851851852
2 0.2625 0.15462962962962962 0.011458333333333333 0.040740740740740744
2 0.56640625 0.2986111111111111 0.015104166666666667 0.058333333333333334
2 0.2 0.3638888888888889 0.017708333333333333 0.06481481481481481
1 0.601015625 0.20857407407407408 0.004104166666666724 0.0067777777777777715
