2 0.39921875 0.475462962962963 0.022395833333333334 0.075
2 0.11796875 0.47962962962962963 0.0203125 0.08333333333333333
2 0.21171875 0.49027777777777776 0.018229166666666668 0.0712962962962963
2 0.3497395833333333 0.43657407407407406 0.0140625 0.06944444444444445
2 0.7559895833333333 0.7902777777777777 0.03177083333333333 0.10092592592592593
2 0.9041666666666667 0.4375 0.013541666666666667 0.07314814814814814
2 0.37734375 0.5180555555555556 0.0203125 0.075
2 0.30625 0.3388888888888889 0.014583333333333334 0.06481481481481481
2 0.61015625 0.1865740740740741 0.013020833333333334 0.04351851851851852
2 0.60390625 0.31157407407407406 0.015104166666666667 0.058333333333333334
2 0.203125 0.3 0.0125 0.05925925925925926
2 0.20364583333333333 0.3638888888888889 0.023958333333333335 0.06111111111111111
2 0.8151041666666666 0.2518518518518518 0.013541666666666667 0.05555555555555555
2 0.2203125 0.22361111111111112 0.013541666666666667 0.04537037037037037
2 0.3807291666666667 0.2861111111111111 0.010416666666666666 0.05740740740740741
2 0.38307291666666665 0.28703703703703703 0.013020833333333334 0.05740740740740741
2 0.28046875 0.5273148148148148 0.018229166666666668 0.08611111111111111
2 0.31015625 0.2013888888888889 0.008854166666666666 0.04537037037037037
2 0.40625 0.21666666666666667 0.0125 0.046296296296296294
2 0.25546875 0.15462962962962962 0.008854166666666666 0.04259259259259259
2 0.5875 0.31296296296296294 0.014583333333333334 0.05925925925925926
2 0.2390625 0.37777777777777777 0.021875 0.06666666666666667
1 0.6018229166666667 0.23055555555555557 0.0046875 0.009259259259259259
