2 0.33958333333333335 0.46111111111111114 0.015625 0.07407407407407407
2 0.11953125 0.42777777777777776 0.016145833333333335 0.07222222222222222
2 0.18072916666666666 0.4546296296296296 0.026041666666666668 0.06111111111111111
2 0.31171875 0.4060185185185185 0.011979166666666667 0.0712962962962963
2 0.7119791666666667 0.7865740740740741 0.020833333333333332 0.10092592592592593
2 0.8796875 0.4273148148148148 0.01875 0.0712962962962963
2 0.30755208333333334 0.49583333333333335 0.018229166666666668 0.0712962962962963
2 0.3026041666666667 0.29259259259259257 0.017708333333333333 0.05740740740740741
2 0.6046875 0.18935185185185185 0.0125 0.04351851851851852
2 0.5692708333333333 0.2898148148148148 0.016666666666666666 0.05925925925925926
2 0.20572916666666666 0.2759259259259259 0.010416666666666666 0.05740740740740741
2 0.16822916666666668 0.33935185185185185 0.01875 0.058333333333333334
2 0.8140625 0.2361111111111111 0.011458333333333333 0.05
2 0.25703125 0.2101851851851852 0.009895833333333333 0.046296296296296294
2 0.34479166666666666 0.2587962962962963 0.011458333333333333 0.05277777777777778
2 0.37916666666666665 0.2638888888888889 0.011458333333333333 0.053703703703703705
2 0.28125 0.4671296296296296 0.016666666666666666 0.075
2 0.28854166666666664 0.19398148148148148 0.008333333333333333 0.04722222222222222
2 0.48802083333333335 0.19814814814814816 0.015625 0.03888888888888889
2 0.2609375 0.15416666666666667 0.011458333333333333 0.03981481481481482
2 0.5684322916666666 0.2901944444444444 0.017802083333333368 0.04881481481481479
2 0.18932291666666667 0.3537037037037037 0.0140625 0.05925925925925926
1 0.6118750000000001 0.21430555555555555 0.004062499999999977 0.0071296296296296455
