2 0.33619791666666665 0.4412037037037037 0.015104166666666667 0.06944444444444445
2 0.14635416666666667 0.4324074074074074 0.022916666666666665 0.06296296296296296
2 0.13958333333333334 0.48333333333333334 0.0125 0.06296296296296296
2 0.32473958333333336 0.3861111111111111 0.0140625 0.05740740740740741
2 0.7393229166666667 0.8171296296296297 0.027604166666666666 0.10277777777777777
2 0.9182291666666667 0.4388888888888889 0.019791666666666666 0.07037037037037037
2 0.2981770833333333 0.5046296296296297 0.019270833333333334 0.06296296296296296
2 0.3143229166666667 0.28379629629629627 0.0140625 0.05277777777777778
2 0.6231770833333333 0.19444444444444445 0.009895833333333333 0.044444444444444446
2 0.6028645833333334 0.2875 0.016145833333333335 0.04722222222222222
2 0.23333333333333334 0.2773148148148148 0.019791666666666666 0.05092592592592592
2 0.23411458333333332 0.3263888888888889 0.0171875 0.05277777777777778
2 0.8479166666666667 0.2361111111111111 0.015625 0.04814814814814815
2 0.2716145833333333 0.2111111111111111 0.011979166666666667 0.04259259259259259
2 0.3453125 0.24583333333333332 0.0125 0.04722222222222222
2 0.42890625 0.25972222222222224 0.016145833333333335 0.03981481481481482
2 0.30078125 0.4222222222222222 0.015104166666666667 0.06851851851851852
2 0.30182291666666666 0.18703703703703703 0.011979166666666667 0.044444444444444446
2 0.5653645833333333 0.20879629629629629 0.009895833333333333 0.04722222222222222
2 0.2794270833333333 0.1550925925925926 0.0109375 0.041666666666666664
2 0.6536458333333334 0.2657407407407407 0.020833333333333332 0.04259259259259259
2 0.21614583333333334 0.3388888888888889 0.013541666666666667 0.05740740740740741
1 0.7947916666666667 0.24814814814814815 0.00625 0.009259259259259259
