2 0.3072916666666667 0.44351851851851853 0.017708333333333333 0.06666666666666667
2 0.10026041666666667 0.5546296296296296 0.0203125 0.08888888888888889
2 0.07916666666666666 0.6393518518518518 0.01875 0.07314814814814814
2 0.3234375 0.4166666666666667 0.015625 0.06851851851851852
2 0.79296875 0.8217592592592593 0.0390625 0.10277777777777777
2 0.9114583333333334 0.4060185185185185 0.01875 0.06759259259259259
2 0.43255208333333334 0.4986111111111111 0.0265625 0.06759259259259259
2 0.25416666666666665 0.31666666666666665 0.016666666666666666 0.05925925925925926
2 0.52265625 0.13194444444444445 0.009895833333333333 0.03981481481481482
2 0.55390625 0.27546296296296297 0.011979166666666667 0.06018518518518518
2 0.22682291666666668 0.2726851851851852 0.013020833333333334 0.058333333333333334
2 0.21041666666666667 0.36064814814814816 0.016666666666666666 0.06574074074074074
2 0.7828125 0.20925925925925926 0.011458333333333333 0.044444444444444446
2 0.24817708333333333 0.19768518518518519 0.011979166666666667 0.04537037037037037
2 0.30390625 0.23194444444444445 0.0109375 0.04722222222222222
2 0.44166666666666665 0.2564814814814815 0.0125 0.05185185185185185
2 0.25677083333333334 0.38425925925925924 0.015625 0.06481481481481481
2 0.23072916666666668 0.16296296296296298 0.013541666666666667 0.04259259259259259
2 0.4921875 0.19212962962962962 0.013541666666666667 0.04537037037037037
2 0.24270833333333333 0.1300925925925926 0.0125 0.03796296296296296
2 0.7526041666666666 0.21805555555555556 0.013541666666666667 0.04351851851851852
2 0.17994791666666668 0.36666666666666664 0.011979166666666667 0.06666666666666667
1 0.86015625 0.375 0.005729166666666666 0.009259259259259259
