2 0.30963541666666666 0.4648148148148148 0.016145833333333335 0.07222222222222222
2 0.09322916666666667 0.6180555555555556 0.023958333333333335 0.09537037037037037
2 0.08229166666666667 0.7310185185185185 0.023958333333333335 0.09907407407407408
2 0.34375 0.4375 0.017708333333333333 0.0712962962962963
2 0.8309895833333333 0.8263888888888888 0.0390625 0.10462962962962963
2 0.8838541666666667 0.40555555555555556 0.020833333333333332 0.06851851851851852
2 0.4796875 0.5189814814814815 0.0125 0.075
2 0.25052083333333336 0.3439814814814815 0.014583333333333334 0.06574074074074074
2 0.4890625 0.12916666666666668 0.008333333333333333 0.03796296296296296
2 0.5416666666666666 0.28425925925925927 0.011458333333333333 0.06111111111111111
2 0.20598958333333334 0.28564814814814815 0.0140625 0.06018518518518518
2 0.17010416666666667 0.37453703703703706 0.010833333333333339 0.039074074074074115
2 0.7567708333333333 0.2162037037037037 0.011458333333333333 0.04722222222222222
2 0.23177083333333334 0.20925925925925926 0.0125 0.046296296296296294
2 0.28619791666666666 0.24537037037037038 0.0109375 0.05185185185185185
2 0.42526041666666664 0.2671296296296296 0.0140625 0.05277777777777778
2 0.26536458333333335 0.3990740740740741 0.016145833333333335 0.06481481481481481
2 0.22291666666666668 0.16342592592592592 0.011458333333333333 0.04537037037037037
2 0.44375 0.1962962962962963 0.013541666666666667 0.046296296296296294
2 0.22890625 0.1310185185185185 0.013020833333333334 0.03796296296296296
2 0.7481770833333333 0.2300925925925926 0.0140625 0.04351851851851852
2 0.17838541666666666 0.39537037037037037 0.0171875 0.06666666666666667
1 0.8481770833333333 0.41388888888888886 0.005729166666666666 0.009259259259259259
