2 0.32421875 0.44027777777777777 0.024479166666666666 0.07685185185185185
2 0.05859375 0.6268518518518519 0.030729166666666665 0.09814814814814815
2 0.050520833333333334 0.7412037037037037 0.022916666666666665 0.10277777777777777
2 0.3184895833333333 0.3819444444444444 0.015104166666666667 0.06759259259259259
2 0.8143229166666667 0.7564814814814815 0.03177083333333333 0.09814814814814815
2 0.7872395833333333 0.2962962962962963 0.011979166666666667 0.06481481481481481
2 0.46145833333333336 0.47314814814814815 0.027083333333333334 0.07592592592592592
2 0.23046875 0.2814814814814815 0.016145833333333335 0.06481481481481481
2 0.4669270833333333 0.059722222222222225 0.011979166666666667 0.03981481481481482
2 0.5885416666666666 0.22592592592592592 0.015625 0.06111111111111111
2 0.19192708333333333 0.2111111111111111 0.016145833333333335 0.053703703703703705
2 0.11328125 0.33425925925925926 0.0171875 0.07222222222222222
2 0.6934895833333333 0.15601851851851853 0.011979166666666667 0.05277777777777778
2 0.20364583333333333 0.13935185185185187 0.013541666666666667 0.04722222222222222
2 0.2981770833333333 0.17546296296296296 0.009895833333333333 0.05092592592592592
2 0.36692708333333335 0.19212962962962962 0.008854166666666666 0.05277777777777778
2 0.31328125 0.362962962962963 0.013020833333333334 0.07222222222222222
2 0.25078125 0.09027777777777778 0.0109375 0.041666666666666664
2 0.38203125 0.12175925925925926 0.0140625 0.04351851851851852
2 0.22057291666666667 0.056018518518518516 0.011979166666666667 0.03796296296296296
2 0.6111979166666667 0.22870370370370371 0.0171875 0.05
2 0.16744791666666667 0.3365740740740741 0.013020833333333334 0.0712962962962963
1 0.6528645833333333 0.2773148148148148 0.0067708333333333336 0.008333333333333333
