2 0.3046875 0.45694444444444443 0.011458333333333333 0.07314814814814814
2 0.07916666666666666 0.6314814814814815 0.022916666666666665 0.09814814814814815
2 0.06953125 0.7611111111111111 0.028645833333333332 0.10555555555555556
2 0.33932291666666664 0.42916666666666664 0.0140625 0.06944444444444445
2 0.8359375 0.8023148148148148 0.027083333333333334 0.10277777777777777
2 0.8419270833333333 0.3736111111111111 0.016145833333333335 0.062037037037037036
2 0.48984375 0.5087962962962963 0.013020833333333334 0.0787037037037037
2 0.23984375 0.33935185185185185 0.019270833333333334 0.06944444444444445
2 0.4630208333333333 0.11157407407407408 0.010416666666666666 0.03796296296296296
2 0.525 0.2708333333333333 0.011458333333333333 0.062037037037037036
2 0.184375 0.2773148148148148 0.017708333333333333 0.062037037037037036
2 0.14375 0.3824074074074074 0.022916666666666665 0.07037037037037037
2 0.7286458333333333 0.2013888888888889 0.010416666666666666 0.04722222222222222
2 0.21041666666666667 0.1986111111111111 0.016666666666666666 0.04722222222222222
2 0.26901041666666664 0.23425925925925925 0.009895833333333333 0.05185185185185185
2 0.40286458333333336 0.25555555555555554 0.016145833333333335 0.053703703703703705
2 0.259375 0.3907407407407407 0.015625 0.06851851851851852
2 0.20807291666666666 0.1486111111111111 0.009895833333333333 0.04537037037037037
2 0.4083333333333333 0.18194444444444444 0.009375 0.04722222222222222
2 0.21223958333333334 0.11527777777777778 0.0109375 0.03796296296296296
2 0.7216145833333333 0.22083333333333333 0.015104166666666667 0.04722222222222222
2 0.16223958333333333 0.39675925925925926 0.018229166666666668 0.0712962962962963
1 0.80703125 0.3861111111111111 0.005729166666666666 0.009259259259259259
