2 0.30755208333333334 0.4666666666666667 0.016145833333333335 0.07592592592592592
2 0.08828125 0.6231481481481481 0.022395833333333334 0.08518518518518518
2 0.07864583333333333 0.7421296296296296 0.025 0.08796296296296297
2 0.34322916666666664 0.4388888888888889 0.013541666666666667 0.06666666666666667
2 0.8369791666666667 0.8148148148148148 0.023958333333333335 0.1037037037037037
2 0.8666666666666667 0.3958333333333333 0.022916666666666665 0.06759259259259259
2 0.4859375 0.5143518518518518 0.025 0.07685185185185185
2 0.24661458333333333 0.3453703703703704 0.015104166666666667 0.06481481481481481
2 0.47760416666666666 0.12314814814814815 0.013541666666666667 0.03888888888888889
2 0.53515625 0.2814814814814815 0.011979166666666667 0.06296296296296296
2 0.19739583333333333 0.28564814814814815 0.014583333333333334 0.058333333333333334
2 0.15807291666666667 0.38472222222222224 0.0140625 0.06944444444444445
2 0.7455729166666667 0.21342592592592594 0.0109375 0.04722222222222222
2 0.22317708333333333 0.20601851851851852 0.0140625 0.04722222222222222
2 0.2786458333333333 0.24259259259259258 0.010416666666666666 0.05
2 0.4161458333333333 0.2638888888888889 0.015625 0.05555555555555555
2 0.26276041666666666 0.39814814814814814 0.0171875 0.06666666666666667
2 0.2171875 0.1587962962962963 0.011458333333333333 0.04351851851851852
2 0.42942708333333335 0.19074074074074074 0.0140625 0.04814814814814815
2 0.22109375 0.125 0.009895833333333333 0.037037037037037035
2 0.7377604166666667 0.22916666666666666 0.0140625 0.049074074074074076
2 0.171875 0.39490740740740743 0.015625 0.06574074074074074
1 0.8299479166666667 0.4027777777777778 0.005729166666666666 0.009259259259259259
