1 0.35859375 0.47129629629629627 0.016145833333333335 0.08333333333333333
1 0.128125 0.6037037037037037 0.01875 0.10185185185185185
1 0.12630208333333334 0.7388888888888889 0.027604166666666666 0.10185185185185185
1 0.3640625 0.412962962962963 0.013541666666666667 0.07037037037037037
1 0.8627604166666667 0.850925925925926 0.0265625 0.10740740740740741
1 0.8674479166666667 0.3351851851851852 0.021354166666666667 0.06111111111111111
1 0.45260416666666664 0.5217592592592593 0.023958333333333335 0.08611111111111111
1 0.30703125 0.2953703703703704 0.016145833333333335 0.06666666666666667
1 0.5677083333333334 0.08425925925925926 0.013541666666666667 0.037037037037037035
1 0.6690104166666667 0.26851851851851855 0.013020833333333334 0.05740740740740741
1 0.25859375 0.23333333333333334 0.008854166666666666 0.06296296296296296
1 0.19401041666666666 0.337037037037037 0.013020833333333334 0.07222222222222222
1 0.7963541666666667 0.18194444444444444 0.01875 0.04722222222222222
1 0.29140625 0.15046296296296297 0.0140625 0.049074074074074076
1 0.38125 0.175 0.010416666666666666 0.05185185185185185
1 0.4270833333333333 0.2074074074074074 0.011458333333333333 0.05555555555555555
1 0.38671875 0.3990740740740741 0.021354166666666667 0.07592592592592592
1 0.34401041666666665 0.09953703703703703 0.008854166666666666 0.04537037037037037
1 0.46510416666666665 0.1449074074074074 0.008333333333333333 0.04722222222222222
1 0.3177083333333333 0.07037037037037037 0.010416666666666666 0.037037037037037035
1 0.67421875 0.28194444444444444 0.019270833333333334 0.062037037037037036
1 0.23932291666666666 0.34814814814814815 0.0171875 0.07407407407407407
1 0.8526041666666667 0.3578703703703704 0.00625 0.010185185185185186
