2 0.3333333333333333 0.4703703703703704 0.021875 0.07962962962962963
2 0.1125 0.5731481481481482 0.019791666666666666 0.1
2 0.11510416666666666 0.7069444444444445 0.023958333333333335 0.09722222222222222
2 0.3453125 0.399537037037037 0.014583333333333334 0.075
2 0.8385416666666666 0.8791666666666667 0.029166666666666667 0.11388888888888889
2 0.8526041666666667 0.3351851851851852 0.022916666666666665 0.06666666666666667
2 0.40859375 0.5319444444444444 0.025520833333333333 0.08425925925925926
2 0.3109375 0.27870370370370373 0.013541666666666667 0.06666666666666667
2 0.5768229166666666 0.0875 0.013020833333333334 0.041666666666666664
2 0.63984375 0.2861111111111111 0.015104166666666667 0.06666666666666667
2 0.2559895833333333 0.23425925925925925 0.013020833333333334 0.06111111111111111
2 0.19661458333333334 0.3347222222222222 0.015104166666666667 0.06944444444444445
2 0.77890625 0.18194444444444444 0.013020833333333334 0.049074074074074076
2 0.2911458333333333 0.15231481481481482 0.011458333333333333 0.049074074074074076
2 0.3796875 0.17175925925925925 0.008333333333333333 0.05092592592592592
2 0.43046875 0.20046296296296295 0.0109375 0.05462962962962963
2 0.38515625 0.40555555555555556 0.0140625 0.07592592592592592
2 0.3567708333333333 0.09814814814814815 0.010416666666666666 0.044444444444444446
2 0.4705729166666667 0.14305555555555555 0.008854166666666666 0.049074074074074076
2 0.3255208333333333 0.07361111111111111 0.009375 0.03796296296296296
2 0.67109375 0.27314814814814814 0.016145833333333335 0.06111111111111111
2 0.23333333333333334 0.3384259259259259 0.013541666666666667 0.06944444444444445
1 0.7822916666666667 0.24537037037037038 0.005208333333333333 0.009259259259259259
