2 0.34869791666666666 0.47453703703703703 0.025520833333333333 0.0787037037037037
2 0.11927083333333334 0.5888888888888889 0.022916666666666665 0.09814814814814815
2 0.11744791666666667 0.7333333333333333 0.0296875 0.10555555555555556
2 0.3515625 0.412962962962963 0.016666666666666666 0.07407407407407407
2 0.84609375 0.8574074074074074 0.03802083333333333 0.10740740740740741
2 0.8549479166666667 0.33194444444444443 0.0203125 0.06388888888888888
2 0.43333333333333335 0.5208333333333334 0.016666666666666666 0.08981481481481482
2 0.30182291666666666 0.28703703703703703 0.016145833333333335 0.07037037037037037
2 0.56640625 0.0824074074074074 0.009895833333333333 0.03888888888888889
2 0.6572916666666667 0.2708333333333333 0.015625 0.06759259259259259
2 0.25078125 0.2351851851851852 0.015104166666666667 0.05925925925925926
2 0.18697916666666667 0.337037037037037 0.015625 0.07407407407407407
2 0.78671875 0.17731481481481481 0.016145833333333335 0.049074074074074076
2 0.2828125 0.14907407407407408 0.009375 0.05
2 0.375 0.17083333333333334 0.010416666666666666 0.05277777777777778
2 0.42083333333333334 0.2023148148148148 0.011458333333333333 0.05462962962962963
2 0.3815104166666667 0.4009259259259259 0.021354166666666667 0.07777777777777778
2 0.34088541666666666 0.09398148148148149 0.009895833333333333 0.04537037037037037
2 0.46328125 0.13842592592592592 0.0078125 0.049074074074074076
2 0.31354166666666666 0.06805555555555555 0.008333333333333333 0.03796296296296296
2 0.66875 0.2726851851851852 0.010416666666666666 0.06574074074074074
2 0.23020833333333332 0.3472222222222222 0.014583333333333334 0.07407407407407407
1 0.82890625 0.32592592592592595 0.0067708333333333336 0.009259259259259259
