2 0.3533854166666667 0.47453703703703703 0.021354166666666667 0.08055555555555556
2 0.12473958333333333 0.5949074074074074 0.021354166666666667 0.10092592592592593
2 0.12109375 0.7361111111111112 0.024479166666666666 0.10555555555555556
2 0.3580729166666667 0.41064814814814815 0.0140625 0.07314814814814814
2 0.8572916666666667 0.8527777777777777 0.01875 0.10925925925925926
2 0.8622395833333333 0.33425925925925926 0.0203125 0.06111111111111111
2 0.4427083333333333 0.5185185185185185 0.016666666666666666 0.08888888888888889
2 0.30442708333333335 0.29444444444444445 0.016145833333333335 0.06851851851851852
2 0.5674479166666667 0.08333333333333333 0.0140625 0.03888888888888889
2 0.6643229166666667 0.2662037037037037 0.009895833333333333 0.05277777777777778
2 0.25442708333333336 0.2337962962962963 0.009895833333333333 0.06388888888888888
2 0.19140625 0.337037037037037 0.016145833333333335 0.07222222222222222
2 0.79453125 0.18009259259259258 0.018229166666666668 0.04537037037037037
2 0.2872395833333333 0.1476851851851852 0.009895833333333333 0.05092592592592592
2 0.378125 0.17314814814814813 0.009375 0.05185185185185185
2 0.4236979166666667 0.2050925925925926 0.011979166666666667 0.05648148148148148
2 0.38567708333333334 0.4 0.022395833333333334 0.07592592592592592
2 0.3421875 0.09722222222222222 0.009375 0.044444444444444446
2 0.4640625 0.14166666666666666 0.007291666666666667 0.04814814814814815
2 0.31588541666666664 0.06898148148148148 0.008854166666666666 0.03796296296296296
2 0.67109375 0.27824074074074073 0.0140625 0.06388888888888888
2 0.23411458333333332 0.3449074074074074 0.015104166666666667 0.075
1 0.8518229166666667 0.35694444444444445 0.005729166666666666 0.010185185185185186
