2 0.33307291666666666 0.4689814814814815 0.019270833333333334 0.08425925925925926
2 0.11848958333333333 0.5652777777777778 0.019270833333333334 0.09537037037037037
2 0.1234375 0.6953703703703704 0.022916666666666665 0.1037037037037037
2 0.3515625 0.38981481481481484 0.014583333333333334 0.07222222222222222
2 0.8315104166666667 0.8851851851851852 0.0328125 0.1111111111111111
2 0.8549479166666667 0.3416666666666667 0.0140625 0.06851851851851852
2 0.40234375 0.525 0.021354166666666667 0.08703703703703704
2 0.3216145833333333 0.2777777777777778 0.016145833333333335 0.06666666666666667
2 0.5838541666666667 0.09351851851851851 0.009375 0.040740740740740744
2 0.634375 0.28703703703703703 0.026041666666666668 0.06481481481481481
2 0.26640625 0.23055555555555557 0.0109375 0.06111111111111111
2 0.20520833333333333 0.3296296296296296 0.016666666666666666 0.07222222222222222
2 0.784375 0.18518518518518517 0.016666666666666666 0.05185185185185185
2 0.3 0.15231481481481482 0.008333333333333333 0.05092592592592592
2 0.3875 0.17222222222222222 0.008333333333333333 0.05
2 0.4395833333333333 0.19768518518518519 0.010416666666666666 0.05462962962962963
2 0.3921875 0.4097222222222222 0.021875 0.075
2 0.3684895833333333 0.09814814814814815 0.0109375 0.04259259259259259
2 0.47604166666666664 0.14583333333333334 0.008333333333333333 0.049074074074074076
2 0.334375 0.07824074074074074 0.011458333333333333 0.03981481481481482
2 0.6744791666666666 0.26944444444444443 0.016666666666666666 0.06296296296296296
2 0.24114583333333334 0.33101851851851855 0.015625 0.06574074074074074
1 0.7828125 0.23055555555555557 0.005208333333333333 0.009259259259259259
