2 0.32057291666666665 0.449537037037037 0.015104166666666667 0.07685185185185185
2 0.14010416666666667 0.5032407407407408 0.019791666666666666 0.09166666666666666
2 0.12994791666666666 0.6412037037037037 0.0203125 0.09722222222222222
2 0.36744791666666665 0.35 0.013020833333333334 0.07592592592592592
2 0.7994791666666666 0.8814814814814815 0.0375 0.1111111111111111
2 0.8453125 0.34953703703703703 0.017708333333333333 0.06759259259259259
2 0.36796875 0.49953703703703706 0.019270833333333334 0.08425925925925926
2 0.34296875 0.2564814814814815 0.016145833333333335 0.06481481481481481
2 0.58984375 0.09351851851851851 0.011979166666666667 0.040740740740740744
2 0.6049479166666667 0.2740740740740741 0.0140625 0.07037037037037037
2 0.28880208333333335 0.2175925925925926 0.0140625 0.05740740740740741
2 0.23125 0.2986111111111111 0.013541666666666667 0.06944444444444445
2 0.78203125 0.18703703703703703 0.022395833333333334 0.046296296296296294
2 0.32005208333333335 0.14166666666666666 0.009895833333333333 0.04814814814814815
2 0.39739583333333334 0.16064814814814815 0.009375 0.05092592592592592
2 0.45703125 0.18472222222222223 0.0109375 0.05648148148148148
2 0.39479166666666665 0.399537037037037 0.016666666666666666 0.075
2 0.39114583333333336 0.0912037037037037 0.010416666666666666 0.041666666666666664
2 0.47239583333333335 0.13935185185185187 0.008333333333333333 0.04722222222222222
2 0.34817708333333336 0.07777777777777778 0.009895833333333333 0.040740740740740744
2 0.6572916666666667 0.2574074074074074 0.0125 0.06111111111111111
2 0.24817708333333333 0.29907407407407405 0.013020833333333334 0.06666666666666667
1 0.7552083333333334 0.20601851851851852 0.005208333333333333 0.010185185185185186
