2 0.3489583333333333 0.37037037037037035 0.015625 0.046296296296296294
2 0.20338541666666668 0.37777777777777777 0.021354166666666667 0.06851851851851852
2 0.17994791666666668 0.43472222222222223 0.021354166666666667 0.06759259259259259
2 0.41432291666666665 0.28194444444444444 0.018229166666666668 0.05462962962962963
2 0.6513020833333333 0.8208333333333333 0.025520833333333333 0.11944444444444445
2 0.7890625 0.36018518518518516 0.014583333333333334 0.06851851851851852
2 0.3502604166666667 0.4152777777777778 0.0203125 0.062037037037037036
2 0.4203125 0.22268518518518518 0.015625 0.05092592592592592
2 0.6854166666666667 0.14444444444444443 0.008333333333333333 0.044444444444444446
2 0.546875 0.25046296296296294 0.010416666666666666 0.058333333333333334
2 0.32916666666666666 0.2013888888888889 0.0125 0.04722222222222222
2 0.2994791666666667 0.24722222222222223 0.019791666666666666 0.05925925925925926
2 0.6526041666666667 0.20277777777777778 0.010416666666666666 0.044444444444444446
2 0.39036458333333335 0.1625 0.015104166666666667 0.03981481481481482
2 0.43671875 0.17407407407407408 0.013020833333333334 0.03888888888888889
2 0.5091145833333334 0.1875 0.0109375 0.04722222222222222
2 0.41328125 0.33287037037037037 0.0171875 0.062037037037037036
2 0.43828125 0.1287037037037037 0.011979166666666667 0.03888888888888889
2 0.48932291666666666 0.1527777777777778 0.0109375 0.044444444444444446
2 0.4010416666666667 0.11018518518518519 0.007291666666666667 0.03333333333333333
2 0.6364583333333333 0.20833333333333334 0.011458333333333333 0.046296296296296294
2 0.28854166666666664 0.2101851851851852 0.015625 0.044444444444444446
2 0.00546875 0.24444444444444444 0.008854166666666666 0.053703703703703705
1 0.44973958333333336 0.14305555555555555 0.005729166666666666 0.010185185185185186
