2 0.32838541666666665 0.4009259259259259 0.015104166666666667 0.07222222222222222
2 0.1796875 0.41064814814814815 0.020833333333333332 0.0824074074074074
2 0.1609375 0.5087962962962963 0.019791666666666666 0.07685185185185185
2 0.39947916666666666 0.2902777777777778 0.013541666666666667 0.06388888888888888
2 0.7020833333333333 0.8606481481481482 0.021875 0.11203703703703703
2 0.8145833333333333 0.3625 0.020833333333333332 0.06944444444444445
2 0.3421875 0.4444444444444444 0.017708333333333333 0.08148148148148149
2 0.40130208333333334 0.2273148148148148 0.0171875 0.06018518518518518
2 0.6502604166666667 0.11944444444444445 0.009895833333333333 0.040740740740740744
2 0.5640625 0.25462962962962965 0.0125 0.06296296296296296
2 0.328125 0.20601851851851852 0.015625 0.05462962962962963
2 0.2911458333333333 0.2537037037037037 0.014583333333333334 0.06296296296296296
2 0.69140625 0.18472222222222223 0.022395833333333334 0.04537037037037037
2 0.37395833333333334 0.14074074074074075 0.0125 0.044444444444444446
2 0.4296875 0.1537037037037037 0.008333333333333333 0.04259259259259259
2 0.49296875 0.1712962962962963 0.011979166666666667 0.05
2 0.40546875 0.3486111111111111 0.016145833333333335 0.06944444444444445
2 0.4197916666666667 0.10416666666666667 0.009375 0.041666666666666664
2 0.46953125 0.13796296296296295 0.009895833333333333 0.044444444444444446
2 0.3997395833333333 0.09166666666666666 0.011979166666666667 0.040740740740740744
2 0.6291666666666667 0.22083333333333333 0.014583333333333334 0.05277777777777778
2 0.3098958333333333 0.2361111111111111 0.016666666666666666 0.05185185185185185
1 0.6739583333333333 0.2 0.005208333333333333 0.009259259259259259
