2 0.33958333333333335 0.37453703703703706 0.013541666666666667 0.05462962962962963
2 0.19296875 0.38333333333333336 0.0203125 0.07407407407407407
2 0.17109375 0.44814814814814813 0.021354166666666667 0.07222222222222222
2 0.4083333333333333 0.2814814814814815 0.014583333333333334 0.05740740740740741
2 0.6546875 0.8347222222222223 0.029166666666666667 0.10648148148148148
2 0.7911458333333333 0.3597222222222222 0.022916666666666665 0.06759259259259259
2 0.34739583333333335 0.4203703703703704 0.021875 0.06666666666666667
2 0.41458333333333336 0.2222222222222222 0.014583333333333334 0.053703703703703705
2 0.6770833333333334 0.13842592592592592 0.013541666666666667 0.04351851851851852
2 0.5484375 0.25 0.014583333333333334 0.05925925925925926
2 0.32578125 0.2037037037037037 0.016145833333333335 0.04814814814814815
2 0.29713541666666665 0.24814814814814815 0.0203125 0.05925925925925926
2 0.6502604166666667 0.19398148148148148 0.009895833333333333 0.041666666666666664
2 0.384375 0.1550925925925926 0.015625 0.03981481481481482
2 0.43333333333333335 0.16666666666666666 0.014583333333333334 0.037037037037037035
2 0.5041666666666667 0.18194444444444444 0.013541666666666667 0.049074074074074076
2 0.4088541666666667 0.3347222222222222 0.017708333333333333 0.06759259259259259
2 0.43203125 0.12175925925925926 0.0140625 0.03796296296296296
2 0.48098958333333336 0.14675925925925926 0.0109375 0.04722222222222222
2 0.39895833333333336 0.10601851851851851 0.011458333333333333 0.03425925925925926
2 0.6309895833333333 0.20787037037037037 0.0109375 0.04537037037037037
2 0.28958333333333336 0.21296296296296297 0.013541666666666667 0.044444444444444446
1 0.49973958333333335 0.1425925925925926 0.0078125 0.012962962962962963
