2 0.38359375 0.37037037037037035 0.018229166666666668 0.06851851851851852
2 0.22578125 0.35509259259259257 0.022395833333333334 0.06759259259259259
2 0.190625 0.39675925925925926 0.015625 0.06388888888888888
2 0.43854166666666666 0.27870370370370373 0.014583333333333334 0.05185185185185185
2 0.6723958333333333 0.7856481481481481 0.022916666666666665 0.11203703703703703
2 0.8223958333333333 0.3541666666666667 0.014583333333333334 0.06759259259259259
2 0.36380208333333336 0.40555555555555556 0.016145833333333335 0.06851851851851852
2 0.4432291666666667 0.21481481481481482 0.014583333333333334 0.04814814814814815
2 0.7354166666666667 0.16435185185185186 0.011458333333333333 0.03981481481481482
2 0.565625 0.24444444444444444 0.016666666666666666 0.05740740740740741
2 0.3619791666666667 0.18703703703703703 0.014583333333333334 0.044444444444444446
2 0.3143229166666667 0.24537037037037038 0.021354166666666667 0.05740740740740741
2 0.6991119791666667 0.21931944444444446 0.010734374999999947 0.05099074074074071
2 0.4140625 0.17407407407407408 0.011458333333333333 0.044444444444444446
2 0.4518229166666667 0.18518518518518517 0.0109375 0.04259259259259259
2 0.5471354166666667 0.19768518518518519 0.011979166666666667 0.04722222222222222
2 0.4388020833333333 0.3263888888888889 0.016145833333333335 0.06388888888888888
2 0.47161458333333334 0.14166666666666666 0.0109375 0.04259259259259259
2 0.5333333333333333 0.16203703703703703 0.0125 0.04259259259259259
2 0.41875 0.11666666666666667 0.010416666666666666 0.03333333333333333
2 0.6932291666666667 0.21574074074074073 0.009375 0.053703703703703705
2 0.28802083333333334 0.19768518518518519 0.014583333333333334 0.049074074074074076
2 0.06354166666666666 0.23194444444444445 0.020833333333333332 0.05092592592592592
1 0.3731770833333333 0.175 0.0036458333333333334 0.007407407407407408
