2 0.38697916666666665 0.37222222222222223 0.017708333333333333 0.06481481481481481
2 0.228125 0.35138888888888886 0.026041666666666668 0.06388888888888888
2 0.19166666666666668 0.39537037037037037 0.019791666666666666 0.06851851851851852
2 0.44166666666666665 0.2814814814814815 0.015625 0.05555555555555555
2 0.6760416666666667 0.7824074074074074 0.020833333333333332 0.1037037037037037
2 0.8270833333333333 0.3537037037037037 0.014583333333333334 0.06111111111111111
2 0.36640625 0.40555555555555556 0.0171875 0.07037037037037037
2 0.44479166666666664 0.21666666666666667 0.0125 0.05
2 0.7408854166666666 0.1675925925925926 0.0140625 0.04259259259259259
2 0.5692708333333333 0.2462962962962963 0.013541666666666667 0.05740740740740741
2 0.36432291666666666 0.18611111111111112 0.011979166666666667 0.040740740740740744
2 0.31328125 0.24814814814814815 0.016145833333333335 0.05555555555555555
2 0.7033854166666667 0.22268518518518518 0.013020833333333334 0.058333333333333334
2 0.4158854166666667 0.175 0.013020833333333334 0.046296296296296294
2 0.45286458333333335 0.18703703703703703 0.011979166666666667 0.044444444444444446
2 0.5510416666666667 0.19953703703703704 0.014583333333333334 0.049074074074074076
2 0.44244791666666666 0.32546296296296295 0.019270833333333334 0.06574074074074074
2 0.4744791666666667 0.14444444444444443 0.0125 0.04259259259259259
2 0.5377604166666666 0.16435185185185186 0.013020833333333334 0.04537037037037037
2 0.4203125 0.11990740740740741 0.010416666666666666 0.032407407407407406
2 0.70390625 0.22268518518518518 0.013020833333333334 0.058333333333333334
2 0.28619791666666666 0.19722222222222222 0.011979166666666667 0.05
2 0.06848958333333334 0.2337962962962963 0.018229166666666668 0.05092592592592592
1 0.3885416666666667 0.1685185185185185 0.004166666666666667 0.007407407407407408
