2 0.4421875 0.4064814814814815 0.01875 0.06296296296296296
2 0.24557291666666667 0.37453703703703706 0.011979166666666667 0.05277777777777778
2 0.24947916666666667 0.3888888888888889 0.017708333333333333 0.05185185185185185
2 0.47109375 0.3351851851851852 0.015104166666666667 0.05555555555555555
2 0.7588541666666667 0.75 0.019791666666666666 0.1037037037037037
2 0.9151041666666667 0.3907407407407407 0.014583333333333334 0.06481481481481481
2 0.40520833333333334 0.4305555555555556 0.014583333333333334 0.06481481481481481
2 0.47942708333333334 0.2564814814814815 0.011979166666666667 0.046296296296296294
2 0.778125 0.24444444444444444 0.013541666666666667 0.04259259259259259
2 0.6197916666666666 0.2912037037037037 0.013541666666666667 0.05092592592592592
2 0.41796875 0.2337962962962963 0.013020833333333334 0.04351851851851852
2 0.34869791666666666 0.2949074074074074 0.011979166666666667 0.05277777777777778
2 0.8315104166666667 0.30185185185185187 0.009895833333333333 0.053703703703703705
2 0.49583333333333335 0.2222222222222222 0.009375 0.04259259259259259
2 0.5018229166666667 0.2388888888888889 0.009895833333333333 0.04259259259259259
2 0.5885416666666666 0.26435185185185184 0.014583333333333334 0.049074074074074076
2 0.50234375 0.362962962962963 0.011979166666666667 0.05925925925925926
2 0.5361979166666667 0.20833333333333334 0.009895833333333333 0.040740740740740744
2 0.5536458333333333 0.22777777777777777 0.010416666666666666 0.044444444444444446
2 0.484375 0.18287037037037038 0.010416666666666666 0.03796296296296296
2 0.83125 0.30185185185185187 0.009375 0.053703703703703705
2 0.31302083333333336 0.23472222222222222 0.0125 0.03981481481481482
2 0.12291666666666666 0.29074074074074074 0.0125 0.05
1 0.5333697916666666 0.2175925925925926 0.003416666666666638 0.006148148148148135
