2 0.4044270833333333 0.43425925925925923 0.011979166666666667 0.06111111111111111
2 0.25286458333333334 0.4300925925925926 0.009895833333333333 0.06388888888888888
2 0.28958333333333336 0.44907407407407407 0.010416666666666666 0.06111111111111111
2 0.3854166666666667 0.38055555555555554 0.0125 0.05555555555555555
2 0.74375 0.674074074074074 0.021875 0.07962962962962963
2 0.93203125 0.4236111111111111 0.0140625 0.05462962962962963
2 0.3611979166666667 0.449537037037037 0.0140625 0.06388888888888888
2 0.48671875 0.2824074074074074 0.009895833333333333 0.04259259259259259
2 0.675 0.275 0.010416666666666666 0.03888888888888889
2 0.69296875 0.3388888888888889 0.0109375 0.05
2 0.3921875 0.30833333333333335 0.009375 0.04814814814814815
2 0.35651041666666666 0.3509259259259259 0.0171875 0.04814814814814815
2 0.8515625 0.36157407407407405 0.0125 0.049074074074074076
2 0.5385416666666667 0.25787037037037036 0.009375 0.030555555555555555
2 0.6127604166666667 0.275 0.011979166666666667 0.04259259259259259
2 0.55546875 0.30092592592592593 0.009895833333333333 0.046296296296296294
2 0.5221354166666666 0.39675925925925926 0.011979166666666667 0.06018518518518518
2 0.54921875 0.25416666666666665 0.0109375 0.03611111111111111
2 0.528125 0.26944444444444443 0.015625 0.03148148148148148
2 0.48984375 0.23981481481481481 0.009895833333333333 0.03518518518518519
2 0.8307291666666666 0.3699074074074074 0.017708333333333333 0.05277777777777778
2 0.36692708333333335 0.3199074074074074 0.009895833333333333 0.05092592592592592
2 0.12578125 0.36666666666666664 0.009895833333333333 0.04814814814814815
1 0.5658177083333332 0.26643055555555556 0.0031145833333332245 0.004527777777777765
