2 0.41770833333333335 0.45925925925925926 0.011458333333333333 0.06111111111111111
2 0.2994791666666667 0.4699074074074074 0.021875 0.06388888888888888
2 0.3302083333333333 0.4935185185185185 0.017708333333333333 0.05740740740740741
2 0.40703125 0.4185185185185185 0.015104166666666667 0.05
2 0.6963541666666667 0.675 0.019791666666666666 0.07962962962962963
2 0.9125 0.4550925925925926 0.010416666666666666 0.05462962962962963
2 0.3958333333333333 0.4791666666666667 0.019791666666666666 0.05277777777777778
2 0.50546875 0.3143518518518518 0.0140625 0.041666666666666664
2 0.7278645833333334 0.30925925925925923 0.0140625 0.03888888888888889
2 0.6950520833333333 0.35694444444444445 0.013020833333333334 0.049074074074074076
2 0.42083333333333334 0.35185185185185186 0.010416666666666666 0.046296296296296294
2 0.409375 0.38101851851851853 0.011458333333333333 0.04351851851851852
2 0.9018229166666667 0.37962962962962965 0.011979166666666667 0.04814814814814815
2 0.5388020833333333 0.2935185185185185 0.0109375 0.03518518518518519
2 0.6479166666666667 0.3143518518518518 0.013541666666666667 0.03796296296296296
2 0.5908854166666667 0.3263888888888889 0.013020833333333334 0.03796296296296296
2 0.5520833333333334 0.4125 0.0125 0.05277777777777778
2 0.5770833333333333 0.2847222222222222 0.010416666666666666 0.03425925925925926
2 0.6119791666666666 0.3074074074074074 0.007291666666666667 0.037037037037037035
2 0.5309895833333333 0.2689814814814815 0.008854166666666666 0.03981481481481482
2 0.7955729166666666 0.3925925925925926 0.009895833333333333 0.05185185185185185
2 0.43645833333333334 0.3523148148148148 0.010416666666666666 0.049074074074074076
2 0.15755208333333334 0.3912037037037037 0.015104166666666667 0.04722222222222222
1 0.6507031249999999 0.33083333333333337 0.0036979166666667377 0.006111111111111132
