2 0.4046875 0.43703703703703706 0.0125 0.06296296296296296
2 0.2565104166666667 0.4351851851851852 0.009895833333333333 0.06296296296296296
2 0.2921875 0.45694444444444443 0.011458333333333333 0.062037037037037036
2 0.37864583333333335 0.38796296296296295 0.016666666666666666 0.05185185185185185
2 0.7375 0.6717592592592593 0.017708333333333333 0.08796296296296297
2 0.9291666666666667 0.42685185185185187 0.016666666666666666 0.05555555555555555
2 0.3609375 0.45416666666666666 0.014583333333333334 0.062037037037037036
2 0.48854166666666665 0.2861111111111111 0.011458333333333333 0.044444444444444446
2 0.6768229166666667 0.2796296296296296 0.009895833333333333 0.037037037037037035
2 0.69375 0.3416666666666667 0.011458333333333333 0.05185185185185185
2 0.39114583333333336 0.31712962962962965 0.008333333333333333 0.04537037037037037
2 0.36302083333333335 0.3537037037037037 0.010416666666666666 0.05
2 0.8518229166666667 0.3662037037037037 0.011979166666666667 0.049074074074074076
2 0.5442187500000001 0.26418055555555553 0.0125 0.029101851851851806
2 0.6200520833333333 0.2814814814814815 0.0140625 0.04259259259259259
2 0.5536458333333333 0.30416666666666664 0.010416666666666666 0.04537037037037037
2 0.5231770833333333 0.39814814814814814 0.011979166666666667 0.05925925925925926
2 0.5486979166666667 0.2569444444444444 0.011979166666666667 0.041666666666666664
2 0.5377604166666666 0.26990740740740743 0.016145833333333335 0.03796296296296296
2 0.49244791666666665 0.24537037037037038 0.0109375 0.03518518518518519
2 0.8276041666666667 0.3736111111111111 0.008333333333333333 0.05277777777777778
2 0.37447916666666664 0.325 0.008333333333333333 0.04814814814814815
2 0.12942708333333333 0.37083333333333335 0.013020833333333334 0.049074074074074076
1 0.58046875 0.2810185185185185 0.0046875 0.008333333333333333
