2 0.40520833333333334 0.4398148148148148 0.0125 0.06111111111111111
2 0.2598958333333333 0.44074074074074077 0.013541666666666667 0.06111111111111111
2 0.29713541666666665 0.4615740740740741 0.013020833333333334 0.06018518518518518
2 0.378125 0.3907407407407407 0.014583333333333334 0.053703703703703705
2 0.7315104166666667 0.6699074074074074 0.018229166666666668 0.08055555555555556
2 0.9286458333333333 0.4287037037037037 0.013541666666666667 0.05555555555555555
2 0.3614583333333333 0.45555555555555555 0.013541666666666667 0.06296296296296296
2 0.4895833333333333 0.29212962962962963 0.011458333333333333 0.04537037037037037
2 0.6786458333333333 0.2833333333333333 0.011458333333333333 0.03518518518518519
2 0.69453125 0.34444444444444444 0.011979166666666667 0.05
2 0.39114583333333336 0.32407407407407407 0.010416666666666666 0.046296296296296294
2 0.36692708333333335 0.3578703703703704 0.013020833333333334 0.05092592592592592
2 0.853125 0.37037037037037035 0.010416666666666666 0.04814814814814815
2 0.5445338541666668 0.26930092592592597 0.01225520833333332 0.027898148148148196
2 0.62734375 0.2875 0.013020833333333334 0.03981481481481482
2 0.5526041666666667 0.30462962962962964 0.013541666666666667 0.04259259259259259
2 0.525 0.40046296296296297 0.0125 0.05648148148148148
2 0.5474739583333333 0.25482870370370375 0.00869791666666669 0.03589814814814816
2 0.54296875 0.27546296296296297 0.016145833333333335 0.03611111111111111
2 0.49635416666666665 0.24814814814814815 0.010416666666666666 0.037037037037037035
2 0.82265625 0.3773148148148148 0.0140625 0.05277777777777778
2 0.38125 0.33101851851851855 0.013541666666666667 0.05092592592592592
2 0.13203125 0.37592592592592594 0.015104166666666667 0.046296296296296294
1 0.58984375 0.2861111111111111 0.0046875 0.009259259259259259
