2 0.40703125 0.4439814814814815 0.013020833333333334 0.06018518518518518
2 0.26640625 0.45185185185185184 0.0140625 0.06296296296296296
2 0.30442708333333335 0.46944444444444444 0.018229166666666668 0.05740740740740741
2 0.37890625 0.40046296296296297 0.0171875 0.05092592592592592
2 0.7221354166666667 0.6689814814814815 0.024479166666666666 0.08055555555555556
2 0.9236979166666667 0.4337962962962963 0.011979166666666667 0.05648148148148148
2 0.3653645833333333 0.462037037037037 0.015104166666666667 0.06111111111111111
2 0.4934895833333333 0.2986111111111111 0.009895833333333333 0.04537037037037037
2 0.68984375 0.28935185185185186 0.011979166666666667 0.03796296296296296
2 0.69609375 0.34953703703703703 0.011979166666666667 0.049074074074074076
2 0.39453125 0.33194444444444443 0.011979166666666667 0.04351851851851852
2 0.37526041666666665 0.3638888888888889 0.011979166666666667 0.04814814814814815
2 0.8596354166666667 0.37592592592592594 0.0140625 0.04814814814814815
2 0.5390625 0.274537037037037 0.008333333333333333 0.03425925925925926
2 0.6328125 0.29212962962962963 0.009375 0.03981481481481482
2 0.5559895833333334 0.3125 0.016145833333333335 0.03981481481481482
2 0.5307291666666667 0.4041666666666667 0.011458333333333333 0.05648148148148148
2 0.546875 0.26851851851851855 0.009375 0.03148148148148148
2 0.5638020833333334 0.28194444444444444 0.0067708333333333336 0.026851851851851852
2 0.5052083333333334 0.25416666666666665 0.010416666666666666 0.03981481481481482
2 0.8174479166666667 0.38287037037037036 0.008854166666666666 0.05277777777777778
2 0.396875 0.337037037037037 0.014583333333333334 0.053703703703703705
2 0.13854166666666667 0.3800925925925926 0.009375 0.049074074074074076
1 0.6067708333333334 0.300462962962963 0.004166666666666667 0.008333333333333333
