2 0.409375 0.42453703703703705 0.013541666666666667 0.062037037037037036
2 0.24817708333333333 0.4101851851851852 0.0109375 0.06296296296296296
2 0.2864583333333333 0.4287037037037037 0.013541666666666667 0.05925925925925926
2 0.40130208333333334 0.36712962962962964 0.015104166666666667 0.05277777777777778
2 0.75390625 0.6828703703703703 0.019270833333333334 0.09166666666666666
2 0.9325520833333333 0.4125 0.021354166666666667 0.05648148148148148
2 0.3684895833333333 0.44027777777777777 0.013020833333333334 0.062037037037037036
2 0.48723958333333334 0.26851851851851855 0.016145833333333335 0.040740740740740744
2 0.6830729166666667 0.2625 0.009895833333333333 0.03796296296296296
2 0.68359375 0.3263888888888889 0.013020833333333334 0.05092592592592592
2 0.39479166666666665 0.2902777777777778 0.010416666666666666 0.04537037037037037
2 0.34791666666666665 0.3365740740740741 0.011458333333333333 0.05277777777777778
2 0.8578125 0.34444444444444444 0.014583333333333334 0.05
2 0.5226015625 0.24283333333333332 0.012088541666666685 0.03377777777777777
2 0.5911458333333334 0.26481481481481484 0.009375 0.040740740740740744
2 0.5622395833333333 0.29259259259259257 0.008854166666666666 0.046296296296296294
2 0.5205729166666667 0.3875 0.013020833333333334 0.06018518518518518
2 0.5442708333333334 0.23333333333333334 0.009375 0.040740740740740744
2 0.5188802083333334 0.2542592592592593 0.013802083333333333 0.03592592592592594
2 0.49140625 0.22314814814814815 0.008854166666666666 0.03888888888888889
2 0.8393229166666667 0.3560185185185185 0.018229166666666668 0.05277777777777778
2 0.34375 0.29907407407407405 0.008333333333333333 0.044444444444444446
2 0.12057291666666667 0.3472222222222222 0.009895833333333333 0.05185185185185185
1 0.5443046875 0.2522824074074074 0.003369791666666681 0.00552777777777775
