2 0.41041666666666665 0.4513888888888889 0.0125 0.06018518518518518
2 0.28020833333333334 0.46435185185185185 0.019791666666666666 0.06388888888888888
2 0.31692708333333336 0.4828703703703704 0.013020833333333334 0.05648148148148148
2 0.39036458333333335 0.40925925925925927 0.016145833333333335 0.053703703703703705
2 0.71171875 0.6703703703703704 0.019270833333333334 0.08148148148148149
2 0.9192708333333334 0.4439814814814815 0.013541666666666667 0.05462962962962963
2 0.37838541666666664 0.4699074074074074 0.0203125 0.058333333333333334
2 0.49609375 0.30694444444444446 0.009895833333333333 0.04351851851851852
2 0.70546875 0.29953703703703705 0.0109375 0.03796296296296296
2 0.6966145833333334 0.35509259259259257 0.0078125 0.049074074074074076
2 0.40234375 0.34814814814814815 0.011979166666666667 0.05
2 0.39010416666666664 0.3699074074074074 0.010416666666666666 0.04722222222222222
2 0.8760416666666667 0.37962962962962965 0.011458333333333333 0.05
2 0.534375 0.28425925925925927 0.0125 0.037037037037037035
2 0.6369791666666667 0.3037037037037037 0.009375 0.03518518518518519
2 0.5703125 0.31805555555555554 0.0125 0.041666666666666664
2 0.5388020833333333 0.40925925925925927 0.0109375 0.05555555555555555
2 0.5572916666666666 0.2763888888888889 0.010416666666666666 0.03425925925925926
2 0.5869791666666667 0.29583333333333334 0.009375 0.03796296296296296
2 0.5161458333333333 0.262037037037037 0.008333333333333333 0.040740740740740744
2 0.8091145833333333 0.3902777777777778 0.015104166666666667 0.05092592592592592
2 0.41302083333333334 0.3472222222222222 0.0125 0.05
2 0.14661458333333333 0.3861111111111111 0.013020833333333334 0.05
1 0.6265625 0.31666666666666665 0.004166666666666667 0.009259259259259259
