2 0.41901041666666666 0.49537037037037035 0.015104166666666667 0.05740740740740741
2 0.36380208333333336 0.487962962962963 0.019270833333333334 0.06111111111111111
2 0.31692708333333336 0.5699074074074074 0.011979166666666667 0.06759259259259259
2 0.4901041666666667 0.44537037037037036 0.0125 0.053703703703703705
2 0.6638020833333333 0.7300925925925926 0.018229166666666668 0.08796296296296297
2 0.9057291666666667 0.49166666666666664 0.014583333333333334 0.06111111111111111
2 0.46848958333333335 0.5115740740740741 0.013020833333333334 0.05648148148148148
2 0.5416666666666666 0.35138888888888886 0.0125 0.04351851851851852
2 0.7567708333333333 0.32175925925925924 0.011458333333333333 0.041666666666666664
2 0.6854166666666667 0.37407407407407406 0.009375 0.044444444444444446
2 0.48880208333333336 0.3638888888888889 0.0109375 0.044444444444444446
2 0.4583333333333333 0.412962962962963 0.0125 0.053703703703703705
2 0.9434895833333333 0.3819444444444444 0.011979166666666667 0.049074074074074076
2 0.57421875 0.3106481481481482 0.008854166666666666 0.03796296296296296
2 0.6671875 0.3439814814814815 0.009375 0.041666666666666664
2 0.653125 0.35138888888888886 0.015625 0.04537037037037037
2 0.5846354166666666 0.4199074074074074 0.011979166666666667 0.04722222222222222
2 0.6177083333333333 0.30092592592592593 0.0125 0.037037037037037035
2 0.6651041666666667 0.3236111111111111 0.008333333333333333 0.026851851851851852
2 0.5786458333333333 0.28425925925925927 0.008333333333333333 0.037037037037037035
2 0.7330729166666666 0.3921296296296296 0.016145833333333335 0.04537037037037037
2 0.4940104166666667 0.3680555555555556 0.008854166666666666 0.04537037037037037
2 0.17213541666666668 0.4074074074074074 0.0171875 0.05185185185185185
1 0.84375 0.38472222222222224 0.005208333333333333 0.008333333333333333
