2 0.43515625 0.48657407407407405 0.0140625 0.06018518518518518
2 0.3919270833333333 0.4791666666666667 0.0171875 0.06574074074074074
2 0.31640625 0.5875 0.015104166666666667 0.06574074074074074
2 0.51953125 0.4393518518518518 0.011979166666666667 0.05462962962962963
2 0.6703125 0.7356481481481482 0.021875 0.08796296296296297
2 0.9221354166666667 0.48935185185185187 0.0140625 0.06388888888888888
2 0.5028645833333333 0.5078703703703704 0.0140625 0.058333333333333334
2 0.56328125 0.3439814814814815 0.013020833333333334 0.049074074074074076
2 0.7690104166666667 0.30324074074074076 0.0109375 0.03981481481481482
2 0.6817708333333333 0.3662037037037037 0.010416666666666666 0.05092592592592592
2 0.5184895833333333 0.3486111111111111 0.0109375 0.049074074074074076
2 0.4822916666666667 0.399537037037037 0.014583333333333334 0.05648148148148148
2 0.9247395833333333 0.3578703703703704 0.011979166666666667 0.04722222222222222
2 0.5833333333333334 0.29814814814814816 0.008333333333333333 0.03888888888888889
2 0.6546875 0.3314814814814815 0.009375 0.046296296296296294
2 0.6619791666666667 0.3398148148148148 0.009375 0.04814814814814815
2 0.60078125 0.40555555555555556 0.011979166666666667 0.05185185185185185
2 0.6302083333333334 0.28425925925925927 0.011458333333333333 0.037037037037037035
2 0.6825520833333333 0.31296296296296294 0.008854166666666666 0.04259259259259259
2 0.5979166666666667 0.2652777777777778 0.009375 0.03796296296296296
2 0.74375 0.3773148148148148 0.014583333333333334 0.049074074074074076
2 0.5111979166666667 0.3541666666666667 0.008854166666666666 0.04537037037037037
2 0.184375 0.38981481481481484 0.013541666666666667 0.053703703703703705
1 0.8953125 0.3736111111111111 0.005208333333333333 0.010185185185185186
