2 0.42265625 0.4949074074074074 0.013020833333333334 0.062037037037037036
2 0.3731770833333333 0.48657407407407405 0.0109375 0.06018518518518518
2 0.31536458333333334 0.575925925925926 0.015104166666666667 0.06666666666666667
2 0.4986979166666667 0.4462962962962963 0.013020833333333334 0.05555555555555555
2 0.6640625 0.7277777777777777 0.01875 0.08518518518518518
2 0.9111979166666667 0.49166666666666664 0.0140625 0.06111111111111111
2 0.4765625 0.5111111111111111 0.015625 0.06111111111111111
2 0.54765625 0.35138888888888886 0.011979166666666667 0.04537037037037037
2 0.7606770833333333 0.31851851851851853 0.008854166666666666 0.03888888888888889
2 0.6841145833333333 0.37222222222222223 0.0109375 0.046296296296296294
2 0.49722656249999997 0.35762962962962963 0.012130208333333373 0.034833333333333334
2 0.46536458333333336 0.4111111111111111 0.013020833333333334 0.053703703703703705
2 0.9395833333333333 0.38101851851851853 0.0125 0.04722222222222222
2 0.5776041666666667 0.30972222222222223 0.009375 0.03796296296296296
2 0.6640625 0.34120370370370373 0.008333333333333333 0.041666666666666664
2 0.6565104166666667 0.350462962962963 0.0078125 0.041666666666666664
2 0.5890625 0.4152777777777778 0.016666666666666666 0.05462962962962963
2 0.621875 0.2962962962962963 0.010416666666666666 0.040740740740740744
2 0.6713541666666667 0.32407407407407407 0.007291666666666667 0.04259259259259259
2 0.5828125 0.28055555555555556 0.009375 0.037037037037037035
2 0.7356770833333334 0.3902777777777778 0.013020833333333334 0.04351851851851852
2 0.49856770833333336 0.36550925925925926 0.012760416666666666 0.04861111111111111
2 0.17447916666666666 0.40370370370370373 0.015625 0.053703703703703705
1 0.8614583333333333 0.3837962962962963 0.005208333333333333 0.008333333333333333
