2 0.4166666666666667 0.48009259259259257 0.011458333333333333 0.062037037037037036
2 0.32473958333333336 0.47638888888888886 0.013020833333333334 0.058333333333333334
2 0.33489583333333334 0.5217592592592593 0.0125 0.06018518518518518
2 0.43828125 0.43287037037037035 0.015104166666666667 0.05462962962962963
2 0.68203125 0.6916666666666667 0.0171875 0.08148148148148149
2 0.8973958333333333 0.4708333333333333 0.014583333333333334 0.05462962962962963
2 0.42994791666666665 0.49166666666666664 0.013020833333333334 0.05925925925925926
2 0.5192708333333333 0.33194444444444443 0.009375 0.04351851851851852
2 0.7455729166666667 0.31805555555555554 0.008854166666666666 0.04351851851851852
2 0.6895833333333333 0.3587962962962963 0.011458333333333333 0.05092592592592592
2 0.45 0.36157407407407405 0.014583333333333334 0.049074074074074076
2 0.43385416666666665 0.3972222222222222 0.0125 0.05
2 0.9346354166666667 0.3814814814814815 0.009895833333333333 0.04814814814814815
2 0.5551458333333333 0.3049861111111111 0.0109375 0.038546296296296294
2 0.6705729166666666 0.33055555555555555 0.009895833333333333 0.040740740740740744
2 0.62265625 0.3421296296296296 0.011979166666666667 0.041666666666666664
2 0.571875 0.41759259259259257 0.017708333333333333 0.053703703703703705
2 0.60078125 0.29398148148148145 0.0109375 0.03981481481481482
2 0.6328125 0.3236111111111111 0.010416666666666666 0.04351851851851852
2 0.5531640624999999 0.2793981481481482 0.010671875000000004 0.035388888888888914
2 0.7625 0.39305555555555555 0.013541666666666667 0.04537037037037037
2 0.46588541666666666 0.3587962962962963 0.013020833333333334 0.049074074074074076
2 0.165625 0.40046296296296297 0.010416666666666666 0.05092592592592592
1 0.6791874999999999 0.34697685185185184 0.003531249999999986 0.00565740740740742
