2 0.43645833333333334 0.4842592592592593 0.014583333333333334 0.06481481481481481
2 0.3958333333333333 0.4791666666666667 0.011458333333333333 0.06388888888888888
2 0.31484375 0.5930555555555556 0.015104166666666667 0.07314814814814814
2 0.52421875 0.44027777777777777 0.0140625 0.058333333333333334
2 0.6731770833333334 0.7412037037037037 0.0203125 0.09166666666666666
2 0.9263020833333333 0.49212962962962964 0.011979166666666667 0.062037037037037036
2 0.5080729166666667 0.5069444444444444 0.0171875 0.062037037037037036
2 0.5674479166666667 0.3416666666666667 0.0109375 0.04814814814814815
2 0.7723958333333333 0.29814814814814816 0.010416666666666666 0.03888888888888889
2 0.68203125 0.36203703703703705 0.0109375 0.053703703703703705
2 0.52265625 0.34675925925925927 0.009895833333333333 0.04722222222222222
2 0.48489583333333336 0.39814814814814814 0.014583333333333334 0.05555555555555555
2 0.91953125 0.35324074074074074 0.0140625 0.04351851851851852
2 0.5841145833333333 0.29444444444444445 0.0078125 0.03888888888888889
2 0.6505208333333333 0.32592592592592595 0.008333333333333333 0.046296296296296294
2 0.6630208333333333 0.3351851851851852 0.009375 0.04814814814814815
2 0.6033854166666667 0.4 0.0109375 0.05
2 0.6330729166666667 0.27870370370370373 0.009895833333333333 0.037037037037037035
2 0.68515625 0.3060185185185185 0.009895833333333333 0.04351851851851852
2 0.6020833333333333 0.2601851851851852 0.010416666666666666 0.03518518518518519
2 0.7489583333333333 0.3726851851851852 0.011458333333333333 0.04722222222222222
2 0.5135416666666667 0.350462962962963 0.011458333333333333 0.049074074074074076
2 0.184375 0.38472222222222224 0.015625 0.05277777777777778
1 0.9052083333333333 0.36944444444444446 0.005208333333333333 0.009259259259259259
