2 0.4265625 0.49166666666666664 0.010416666666666666 0.05925925925925926
2 0.37942708333333336 0.4842592592592593 0.0203125 0.06481481481481481
2 0.31484375 0.5814814814814815 0.011979166666666667 0.06481481481481481
2 0.5072916666666667 0.4444444444444444 0.013541666666666667 0.05740740740740741
2 0.6658854166666667 0.7337962962962963 0.0203125 0.08796296296296297
2 0.91484375 0.49166666666666664 0.011979166666666667 0.06111111111111111
2 0.4864583333333333 0.5097222222222222 0.0125 0.05462962962962963
2 0.5515625 0.3486111111111111 0.013541666666666667 0.04722222222222222
2 0.7625 0.3125 0.0125 0.03981481481481482
2 0.6822916666666666 0.37083333333333335 0.010416666666666666 0.049074074074074076
2 0.5046875 0.35591666666666666 0.0140625 0.04646296296296297
2 0.471875 0.40694444444444444 0.015625 0.05462962962962963
2 0.9338541666666667 0.37222222222222223 0.014583333333333334 0.046296296296296294
2 0.5809895833333333 0.30462962962962964 0.008854166666666666 0.03888888888888889
2 0.6602447916666667 0.34037962962962964 0.009937499999999962 0.04501851851851852
2 0.6596354166666667 0.34783796296296293 0.0109375 0.0463611111111111
2 0.59453125 0.41203703703703703 0.011979166666666667 0.05
2 0.625 0.29305555555555557 0.009375 0.03981481481481482
2 0.6755208333333333 0.3226851851851852 0.008333333333333333 0.04351851851851852
2 0.5883177083333334 0.27457870370370374 0.008229166666666643 0.03367592592592593
2 0.7380208333333333 0.38657407407407407 0.013541666666666667 0.04537037037037037
2 0.5016015625 0.36314814814814816 0.012869791666666627 0.04596296296296295
2 0.17734375 0.3990740740740741 0.0171875 0.053703703703703705
1 0.875 0.38101851851851853 0.005208333333333333 0.010185185185185186
