2 0.41119791666666666 0.45601851851851855 0.015104166666666667 0.06388888888888888
2 0.3723958333333333 0.4587962962962963 0.015625 0.06574074074074074
2 0.25078125 0.6282407407407408 0.0171875 0.07685185185185185
2 0.4859375 0.42407407407407405 0.0125 0.05925925925925926
2 0.6434895833333333 0.7606481481481482 0.0234375 0.10092592592592593
2 0.8932291666666666 0.4671296296296296 0.013541666666666667 0.06944444444444445
2 0.49947916666666664 0.5 0.014583333333333334 0.06666666666666667
2 0.5408854166666667 0.31342592592592594 0.0140625 0.05277777777777778
2 0.72734375 0.23564814814814813 0.008854166666666666 0.03981481481481482
2 0.63046875 0.3300925925925926 0.0109375 0.058333333333333334
2 0.4875 0.3055555555555556 0.0125 0.05
2 0.44505208333333335 0.36203703703703705 0.0109375 0.05740740740740741
2 0.8614583333333333 0.30092592592592593 0.016666666666666666 0.044444444444444446
2 0.53125 0.24814814814814815 0.008333333333333333 0.040740740740740744
2 0.5684895833333333 0.2791666666666667 0.008854166666666666 0.04537037037037037
2 0.6078125 0.29212962962962963 0.011458333333333333 0.05092592592592592
2 0.5565104166666667 0.3685185185185185 0.0140625 0.06111111111111111
2 0.59375 0.22314814814814815 0.010416666666666666 0.044444444444444446
2 0.6388020833333333 0.2550925925925926 0.009895833333333333 0.04722222222222222
2 0.5703125 0.20555555555555555 0.0125 0.03888888888888889
2 0.7106770833333333 0.33194444444444443 0.013020833333333334 0.05462962962962963
2 0.4703125 0.31666666666666665 0.010416666666666666 0.05185185185185185
2 0.12369791666666667 0.3449074074074074 0.0140625 0.05648148148148148
1 0.8484375 0.32592592592592595 0.005208333333333333 0.009259259259259259
