2 0.4205729166666667 0.43842592592592594 0.0140625 0.07314814814814814
2 0.28932291666666665 0.5185185185185185 0.019270833333333334 0.07962962962962963
2 0.20651041666666667 0.7685185185185185 0.0296875 0.1037037037037037
2 0.47760416666666666 0.42962962962962964 0.014583333333333334 0.06851851851851852
2 0.69921875 0.812037037037037 0.0234375 0.1111111111111111
2 0.8203125 0.4305555555555556 0.017708333333333333 0.06296296296296296
2 0.48515625 0.5296296296296297 0.0140625 0.07777777777777778
2 0.5533854166666666 0.32592592592592595 0.018229166666666668 0.06296296296296296
2 0.7174479166666666 0.17685185185185184 0.008854166666666666 0.04259259259259259
2 0.6424479166666667 0.3055555555555556 0.0140625 0.06296296296296296
2 0.4505208333333333 0.287962962962963 0.020833333333333332 0.05
2 0.40338541666666666 0.34953703703703703 0.022395833333333334 0.06574074074074074
2 0.8653645833333333 0.2759259259259259 0.011979166666666667 0.05
2 0.5005208333333333 0.21435185185185185 0.015625 0.03981481481481482
2 0.5203125 0.24861111111111112 0.017708333333333333 0.04351851851851852
2 0.5565104166666667 0.2574074074074074 0.019270833333333334 0.05185185185185185
2 0.53046875 0.362962962962963 0.0140625 0.06296296296296296
2 0.5651041666666666 0.17407407407407408 0.0125 0.040740740740740744
2 0.6026041666666667 0.2050925925925926 0.011458333333333333 0.049074074074074076
2 0.5669270833333333 0.1375 0.011979166666666667 0.03796296296296296
2 0.6997395833333333 0.3087962962962963 0.013020833333333334 0.05648148148148148
2 0.4361979166666667 0.29907407407407405 0.011979166666666667 0.05740740740740741
2 0.10338541666666666 0.2884259259259259 0.016145833333333335 0.05277777777777778
1 0.78828125 0.45185185185185184 0.005729166666666666 0.011111111111111112
