2 0.36770833333333336 0.45416666666666666 0.015625 0.06944444444444445
2 0.2830729166666667 0.4930555555555556 0.019270833333333334 0.06574074074074074
2 0.1703125 0.7268518518518519 0.021875 0.08888888888888889
2 0.41953125 0.4398148148148148 0.015104166666666667 0.06666666666666667
2 0.6221354166666667 0.7953703703703704 0.0234375 0.10555555555555556
2 0.82265625 0.44351851851851853 0.027604166666666666 0.06481481481481481
2 0.4609375 0.5277777777777778 0.0125 0.07037037037037037
2 0.49505208333333334 0.32083333333333336 0.0140625 0.058333333333333334
2 0.6565104166666667 0.19722222222222222 0.008854166666666666 0.040740740740740744
2 0.5864583333333333 0.3175925925925926 0.0125 0.05925925925925926
2 0.4127604166666667 0.2949074074074074 0.011979166666666667 0.05277777777777778
2 0.36744791666666665 0.3597222222222222 0.0140625 0.062037037037037036
2 0.81796875 0.2828703703703704 0.013020833333333334 0.05092592592592592
2 0.4666666666666667 0.22916666666666666 0.011458333333333333 0.04537037037037037
2 0.4973958333333333 0.25833333333333336 0.011458333333333333 0.04814814814814815
2 0.51953125 0.2740740740740741 0.011979166666666667 0.05
2 0.48802083333333335 0.36527777777777776 0.013541666666666667 0.058333333333333334
2 0.5260416666666666 0.19166666666666668 0.009375 0.044444444444444446
2 0.5567708333333333 0.2263888888888889 0.010416666666666666 0.04722222222222222
2 0.5151041666666667 0.16574074074074074 0.008333333333333333 0.03888888888888889
2 0.6549479166666666 0.31712962962962965 0.011979166666666667 0.05462962962962963
2 0.39869791666666665 0.3106481481481482 0.011979166666666667 0.05462962962962963
2 0.04791666666666667 0.3282407407407407 0.01875 0.06018518518518518
1 0.8072916666666666 0.4638888888888889 0.00625 0.011111111111111112
