2 0.3875 0.45555555555555555 0.013541666666666667 0.07407407407407407
2 0.278125 0.5138888888888888 0.01875 0.07962962962962963
2 0.18489583333333334 0.7555555555555555 0.029166666666666667 0.10185185185185185
2 0.4390625 0.4425925925925926 0.014583333333333334 0.07037037037037037
2 0.65078125 0.8060185185185185 0.0234375 0.11018518518518519
2 0.8192708333333333 0.44027777777777777 0.019791666666666666 0.05092592592592592
2 0.4703125 0.5347222222222222 0.021875 0.07685185185185185
2 0.5145833333333333 0.32916666666666666 0.013541666666666667 0.062037037037037036
2 0.6731770833333334 0.19490740740740742 0.009895833333333333 0.041666666666666664
2 0.6041666666666666 0.3175925925925926 0.0125 0.06111111111111111
2 0.42213541666666665 0.2972222222222222 0.011979166666666667 0.05740740740740741
2 0.37916666666666665 0.3638888888888889 0.019791666666666666 0.06296296296296296
2 0.8330729166666667 0.28379629629629627 0.0109375 0.049074074074074076
2 0.47578125 0.22777777777777777 0.009895833333333333 0.04259259259259259
2 0.5096354166666667 0.2611111111111111 0.0171875 0.040740740740740744
2 0.5276041666666667 0.2726851851851852 0.0125 0.05277777777777778
2 0.49921875 0.3699074074074074 0.0140625 0.06388888888888888
2 0.5401041666666667 0.1912037037037037 0.0125 0.03981481481481482
2 0.56796875 0.22592592592592592 0.008854166666666666 0.044444444444444446
2 0.5302083333333333 0.16064814814814815 0.010416666666666666 0.03796296296296296
2 0.6666666666666666 0.31805555555555554 0.011458333333333333 0.05648148148148148
2 0.4083333333333333 0.31203703703703706 0.011458333333333333 0.05925925925925926
2 0.06614583333333333 0.31712962962962965 0.014583333333333334 0.05648148148148148
1 0.7802083333333333 0.46111111111111114 0.005208333333333333 0.009259259259259259
