2 0.36692708333333335 0.4532407407407407 0.015104166666666667 0.06759259259259259
2 0.28489583333333335 0.49212962962962964 0.017708333333333333 0.06944444444444445
2 0.16901041666666666 0.7236111111111111 0.021354166666666667 0.09537037037037037
2 0.41848958333333336 0.4388888888888889 0.015104166666666667 0.06666666666666667
2 0.6192708333333333 0.7912037037037037 0.022916666666666665 0.10462962962962963
2 0.8239583333333333 0.44351851851851853 0.025 0.06481481481481481
2 0.4596354166666667 0.5263888888888889 0.011979166666666667 0.075
2 0.49322916666666666 0.3189814814814815 0.013541666666666667 0.06018518518518518
2 0.6559895833333333 0.19722222222222222 0.008854166666666666 0.040740740740740744
2 0.58515625 0.3175925925925926 0.013020833333333334 0.06111111111111111
2 0.4125 0.2949074074074074 0.011458333333333333 0.05277777777777778
2 0.3671875 0.3587962962962963 0.013541666666666667 0.062037037037037036
2 0.8171875 0.28194444444444444 0.0125 0.05277777777777778
2 0.4666666666666667 0.22777777777777777 0.011458333333333333 0.044444444444444446
2 0.49635416666666665 0.2569444444444444 0.010416666666666666 0.049074074074074076
2 0.5200520833333333 0.27314814814814814 0.011979166666666667 0.05185185185185185
2 0.4875 0.36435185185185187 0.013541666666666667 0.05648148148148148
2 0.5255208333333333 0.19166666666666668 0.010416666666666666 0.044444444444444446
2 0.5567708333333333 0.22685185185185186 0.009375 0.046296296296296294
2 0.5140625 0.16527777777777777 0.008333333333333333 0.03981481481481482
2 0.6541666666666667 0.31574074074074077 0.011458333333333333 0.05740740740740741
2 0.39817708333333335 0.3106481481481482 0.0109375 0.05648148148148148
2 0.046875 0.3287037037037037 0.01875 0.06111111111111111
1 0.80546875 0.4532407407407407 0.005729166666666666 0.010185185185185186
