1 0.41302083333333334 0.45787037037037037 0.015625 0.06388888888888888
1 0.37526041666666665 0.45925925925925926 0.016145833333333335 0.06666666666666667
1 0.2552083333333333 0.6268518518518519 0.017708333333333333 0.07407407407407407
1 0.48880208333333336 0.425 0.013020833333333334 0.05925925925925926
1 0.6455729166666667 0.7606481481481482 0.0234375 0.10092592592592593
1 0.8958333333333334 0.4671296296296296 0.013541666666666667 0.06944444444444445
1 0.50078125 0.49953703703703706 0.015104166666666667 0.06759259259259259
1 0.54296875 0.3143518518518518 0.0140625 0.05462962962962963
1 0.7302083333333333 0.2375 0.009375 0.03981481481481482
1 0.6330729166666667 0.3314814814814815 0.0109375 0.05925925925925926
1 0.4901041666666667 0.3074074074074074 0.0125 0.05
1 0.4473958333333333 0.3638888888888889 0.010416666666666666 0.05740740740740741
1 0.8640625 0.3023148148148148 0.015625 0.04351851851851852
1 0.534375 0.2490740740740741 0.008333333333333333 0.040740740740740744
1 0.5716145833333334 0.2814814814814815 0.008854166666666666 0.046296296296296294
1 0.6106770833333334 0.29305555555555557 0.0109375 0.05092592592592592
1 0.5596354166666667 0.36944444444444446 0.0140625 0.05925925925925926
1 0.5966145833333333 0.22453703703703703 0.009895833333333333 0.04351851851851852
1 0.6421875 0.2569444444444444 0.009375 0.04722222222222222
1 0.5734375 0.2074074074074074 0.0125 0.03888888888888889
1 0.7138020833333333 0.33287037037037037 0.013020833333333334 0.05462962962962963
1 0.4734375 0.31805555555555554 0.010416666666666666 0.05277777777777778
1 0.12708333333333333 0.34629629629629627 0.015625 0.05555555555555555
1 0.8515625 0.3277777777777778 0.005208333333333333 0.009259259259259259
