2 0.47291666666666665 0.4023148148148148 0.020833333333333332 0.0712962962962963
2 0.3216145833333333 0.4828703703703704 0.015104166666666667 0.08425925925925926
2 0.22083333333333333 0.7273148148148149 0.020833333333333332 0.10648148148148148
2 0.5375 0.3976851851851852 0.019791666666666666 0.07314814814814814
2 0.7625 0.7972222222222223 0.022916666666666665 0.1111111111111111
2 0.84296875 0.3907407407407407 0.019270833333333334 0.06851851851851852
2 0.5083333333333333 0.49537037037037035 0.027083333333333334 0.07962962962962963
2 0.60546875 0.29583333333333334 0.013020833333333334 0.06574074074074074
2 0.7953125 0.1375 0.0125 0.041666666666666664
2 0.70859375 0.27361111111111114 0.016145833333333335 0.06388888888888888
2 0.47994791666666664 0.23703703703703705 0.016145833333333335 0.05
2 0.44583333333333336 0.30972222222222223 0.010416666666666666 0.06574074074074074
2 0.93203125 0.25 0.0140625 0.05740740740740741
2 0.525 0.17916666666666667 0.015625 0.04722222222222222
2 0.5294270833333333 0.20416666666666666 0.019270833333333334 0.04537037037037037
2 0.6158854166666666 0.22037037037037038 0.022395833333333334 0.05555555555555555
2 0.5911458333333334 0.3365740740740741 0.013541666666666667 0.06759259259259259
2 0.60390625 0.13194444444444445 0.016145833333333335 0.03796296296296296
2 0.6627604166666666 0.16342592592592592 0.016145833333333335 0.04537037037037037
2 0.6213541666666667 0.08981481481481482 0.011458333333333333 0.03333333333333333
2 0.7669270833333334 0.2800925925925926 0.016145833333333335 0.06018518518518518
2 0.4895833333333333 0.2708333333333333 0.023958333333333335 0.05277777777777778
2 0.17239583333333333 0.22546296296296298 0.0125 0.05462962962962963
1 0.7548541666666667 0.33374537037037044 0.00977083333333333 0.015101851851851854
