2 0.35390625 0.3875 0.0140625 0.06388888888888888
2 0.24583333333333332 0.4305555555555556 0.019791666666666666 0.07037037037037037
2 0.15286458333333333 0.6458333333333334 0.021354166666666667 0.08796296296296297
2 0.4505208333333333 0.38935185185185184 0.017708333333333333 0.06759259259259259
2 0.6596354166666667 0.749537037037037 0.0265625 0.09722222222222222
2 0.8216145833333334 0.425 0.018229166666666668 0.06851851851851852
2 0.4278645833333333 0.4981481481481482 0.0140625 0.07407407407407407
2 0.49505208333333334 0.30324074074074076 0.016145833333333335 0.058333333333333334
2 0.7270833333333333 0.19675925925925927 0.014583333333333334 0.04537037037037037
2 0.625 0.30694444444444446 0.013541666666666667 0.06018518518518518
2 0.3572916666666667 0.2513888888888889 0.015625 0.04722222222222222
2 0.29270833333333335 0.3074074074074074 0.015625 0.05925925925925926
2 0.8825520833333333 0.325 0.013020833333333334 0.05555555555555555
2 0.2994791666666667 0.23935185185185184 0.015625 0.04351851851851852
2 0.3190104166666667 0.23472222222222222 0.0109375 0.04722222222222222
2 0.5479166666666667 0.26342592592592595 0.014583333333333334 0.05462962962962963
2 0.5109375 0.3902777777777778 0.01875 0.06759259259259259
2 0.4513020833333333 0.17314814814814813 0.0171875 0.04259259259259259
2 0.5265625 0.20694444444444443 0.01875 0.04722222222222222
2 0.5057291666666667 0.12222222222222222 0.009375 0.03518518518518519
2 0.8296875 0.35 0.011458333333333333 0.06666666666666667
2 0.29713541666666665 0.2884259259259259 0.018229166666666668 0.05277777777777778
2 0.1578125 0.25833333333333336 0.016666666666666666 0.03888888888888889
1 0.29268750000000004 0.2662962962962963 0.0046875 0.00787037037037037
