2 0.36666666666666664 0.38472222222222224 0.01875 0.06759259259259259
2 0.2526041666666667 0.43333333333333335 0.01875 0.07222222222222222
2 0.15520833333333334 0.6541666666666667 0.020833333333333332 0.09537037037037037
2 0.46145833333333336 0.3861111111111111 0.01875 0.06481481481481481
2 0.6723958333333333 0.7546296296296297 0.020833333333333332 0.10740740740740741
2 0.8268229166666666 0.41712962962962963 0.015104166666666667 0.06574074074074074
2 0.43333333333333335 0.49444444444444446 0.016666666666666666 0.07962962962962963
2 0.5075520833333333 0.29768518518518516 0.019270833333333334 0.058333333333333334
2 0.7361979166666667 0.1875 0.015104166666666667 0.04351851851851852
2 0.6369791666666667 0.30092592592592593 0.014583333333333334 0.06111111111111111
2 0.36953125 0.2449074074074074 0.0109375 0.049074074074074076
2 0.3145833333333333 0.30324074074074076 0.021875 0.058333333333333334
2 0.8859375 0.31203703703703706 0.016666666666666666 0.05925925925925926
2 0.32057291666666665 0.23055555555555557 0.016145833333333335 0.044444444444444446
2 0.33515625 0.2273148148148148 0.015104166666666667 0.049074074074074076
2 0.55703125 0.25277777777777777 0.018229166666666668 0.053703703703703705
2 0.52578125 0.3824074074074074 0.025520833333333333 0.06666666666666667
2 0.46588541666666666 0.1638888888888889 0.0171875 0.04259259259259259
2 0.5432291666666667 0.20046296296296295 0.019791666666666666 0.04722222222222222
2 0.51875 0.11388888888888889 0.009375 0.03888888888888889
2 0.8223958333333333 0.3384259259259259 0.009375 0.06574074074074074
2 0.31953125 0.2847222222222222 0.0171875 0.049074074074074076
2 0.16119791666666666 0.2449074074074074 0.0171875 0.03796296296296296
1 0.3154375 0.2603611111111111 0.004854166666666633 0.00705555555555556
