2 0.43203125 0.4300925925925926 0.011979166666666667 0.07314814814814814
2 0.2953125 0.5171296296296296 0.015625 0.0824074074074074
2 0.20833333333333334 0.7578703703703704 0.025 0.09722222222222222
2 0.4908854166666667 0.42314814814814816 0.015104166666666667 0.06851851851851852
2 0.715625 0.8097222222222222 0.019791666666666666 0.11018518518518519
2 0.8239583333333333 0.4263888888888889 0.019791666666666666 0.06574074074074074
2 0.49166666666666664 0.524074074074074 0.01875 0.07962962962962963
2 0.5708333333333333 0.32175925925925924 0.017708333333333333 0.06388888888888888
2 0.7346354166666667 0.1675925925925926 0.008854166666666666 0.04259259259259259
2 0.65625 0.29768518518518516 0.0125 0.06388888888888888
2 0.46171875 0.2791666666666667 0.019270833333333334 0.05092592592592592
2 0.41171875 0.3402777777777778 0.016145833333333335 0.06574074074074074
2 0.8794270833333333 0.26944444444444443 0.0109375 0.05
2 0.50703125 0.2064814814814815 0.015104166666666667 0.04259259259259259
2 0.52421875 0.23981481481481481 0.019270833333333334 0.03888888888888889
2 0.5692708333333333 0.24814814814814815 0.022916666666666665 0.05555555555555555
2 0.5434895833333333 0.35833333333333334 0.0140625 0.06851851851851852
2 0.5752604166666667 0.16527777777777777 0.015104166666666667 0.041666666666666664
2 0.6161458333333333 0.19675925925925927 0.010416666666666666 0.049074074074074076
2 0.58046875 0.1259259259259259 0.0109375 0.037037037037037035
2 0.7138020833333333 0.3013888888888889 0.011979166666666667 0.06018518518518518
2 0.44869791666666664 0.29212962962962963 0.011979166666666667 0.06018518518518518
2 0.115625 0.2740740740740741 0.013541666666666667 0.05555555555555555
1 0.796875 0.44722222222222224 0.00625 0.011111111111111112
