2 0.2760416666666667 0.42824074074074076 0.017708333333333333 0.058333333333333334
2 0.18567708333333333 0.4412037037037037 0.024479166666666666 0.05648148148148148
2 0.13333333333333333 0.5731481481481482 0.017708333333333333 0.06851851851851852
2 0.3776041666666667 0.44351851851851853 0.013541666666666667 0.05555555555555555
2 0.56484375 0.7175925925925926 0.027604166666666666 0.08148148148148149
2 0.84296875 0.5810185185185185 0.018229166666666668 0.075
2 0.38359375 0.5611111111111111 0.015104166666666667 0.07037037037037037
2 0.3854166666666667 0.38287037037037036 0.013541666666666667 0.05648148148148148
2 0.6690104166666667 0.3175925925925926 0.008854166666666666 0.04814814814814815
2 0.5744791666666667 0.4023148148148148 0.015625 0.06388888888888888
2 0.26197916666666665 0.3421296296296296 0.008333333333333333 0.04351851851851852
2 0.18125 0.37037037037037035 0.014583333333333334 0.04814814814814815
2 0.9453125 0.46296296296296297 0.017708333333333333 0.06481481481481481
2 0.17786458333333333 0.34814814814814815 0.0109375 0.03888888888888889
2 0.28984375 0.29444444444444445 0.0109375 0.03888888888888889
2 0.5153645833333333 0.3611111111111111 0.0109375 0.053703703703703705
2 0.4010416666666667 0.41759259259259257 0.011458333333333333 0.05555555555555555
2 0.39609375 0.3 0.0109375 0.04814814814814815
2 0.48125 0.3263888888888889 0.010416666666666666 0.05092592592592592
2 0.4557291666666667 0.2064814814814815 0.008333333333333333 0.03518518518518519
2 0.9255208333333333 0.4773148148148148 0.015625 0.06574074074074074
2 0.08984375 0.3888888888888889 0.0140625 0.046296296296296294
2 0.12683072916666668 0.3836111111111111 0.015713541666666674 0.049888888888888885
1 0.11328125 0.38935185185185184 0.005729166666666666 0.010185185185185186
