1 0.2833333333333333 0.3990740740740741 0.015625 0.06296296296296296
1 0.20104166666666667 0.41805555555555557 0.017708333333333333 0.06574074074074074
1 0.12630208333333334 0.5861111111111111 0.0203125 0.07222222222222222
1 0.3927083333333333 0.4115740740740741 0.015625 0.06388888888888888
1 0.5953125 0.7106481481481481 0.026041666666666668 0.08425925925925926
1 0.8018229166666667 0.4986111111111111 0.015104166666666667 0.06944444444444445
1 0.3888020833333333 0.524537037037037 0.015104166666666667 0.06944444444444445
1 0.40911458333333334 0.33564814814814814 0.0203125 0.05648148148148148
1 0.6658854166666667 0.2574074074074074 0.016145833333333335 0.04814814814814815
1 0.5515625 0.34814814814814815 0.015625 0.05740740740740741
1 0.271875 0.30462962962962964 0.0125 0.05185185185185185
1 0.21380208333333334 0.31851851851851853 0.0171875 0.044444444444444446
1 0.89140625 0.39537037037037037 0.015104166666666667 0.06111111111111111
1 0.19947916666666668 0.30694444444444446 0.0125 0.04351851851851852
1 0.25 0.25972222222222224 0.009375 0.04351851851851852
1 0.4981770833333333 0.30925925925925923 0.011979166666666667 0.053703703703703705
1 0.42994791666666665 0.3939814814814815 0.016145833333333335 0.058333333333333334
1 0.3807291666666667 0.23796296296296296 0.008333333333333333 0.044444444444444446
1 0.4557291666666667 0.26666666666666666 0.014583333333333334 0.04814814814814815
1 0.43515625 0.16064814814814815 0.0078125 0.032407407407407406
1 0.86171875 0.41203703703703703 0.016145833333333335 0.06481481481481481
1 0.15598958333333332 0.33425925925925926 0.018229166666666668 0.044444444444444446
1 0.13489583333333333 0.31851851851851853 0.01875 0.046296296296296294
1 0.12630208333333334 0.34675925925925927 0.005729166666666666 0.010185185185185186
