2 0.24505208333333334 0.412962962962963 0.0140625 0.05
2 0.1328125 0.4412037037037037 0.0125 0.06388888888888888
2 0.11328125 0.5523148148148148 0.018229166666666668 0.06759259259259259
2 0.32708333333333334 0.43194444444444446 0.020833333333333332 0.03981481481481482
2 0.490625 0.7027777777777777 0.019791666666666666 0.08333333333333333
2 0.8427083333333333 0.6046296296296296 0.026041666666666668 0.07777777777777778
2 0.3390625 0.5569444444444445 0.016666666666666666 0.058333333333333334
2 0.3341145833333333 0.38287037037037036 0.0140625 0.05648148148148148
2 0.6455729166666667 0.32685185185185184 0.0109375 0.046296296296296294
2 0.5575520833333333 0.4101851851851852 0.011979166666666667 0.06111111111111111
2 0.23880208333333333 0.34074074074074073 0.011979166666666667 0.053703703703703705
2 0.16354166666666667 0.3851851851851852 0.015625 0.05555555555555555
2 0.94921875 0.4759259259259259 0.0140625 0.053703703703703705
2 0.17682291666666666 0.3476851851851852 0.011979166666666667 0.04537037037037037
2 0.31223958333333335 0.2916666666666667 0.008854166666666666 0.03888888888888889
2 0.5020833333333333 0.36666666666666664 0.009375 0.05185185185185185
2 0.3609375 0.4111111111111111 0.0125 0.05
2 0.38645833333333335 0.3175925925925926 0.013541666666666667 0.04814814814814815
2 0.48515625 0.3398148148148148 0.011979166666666667 0.05
2 0.46645833333333336 0.20879629629629629 0.005624999999999976 0.03796296296296296
2 0.9361979166666666 0.49166666666666664 0.018229166666666668 0.06296296296296296
2 0.02547395833333333 0.39538888888888885 0.015104166666666667 0.05092592592592592
2 0.13489583333333333 0.3907407407407407 0.010416666666666666 0.05185185185185185
