2 0.27708333333333335 0.42777777777777776 0.015625 0.06111111111111111
2 0.19479166666666667 0.4361111111111111 0.023958333333333335 0.05740740740740741
2 0.13515625 0.5745370370370371 0.0203125 0.06759259259259259
2 0.38307291666666665 0.44212962962962965 0.018229166666666668 0.05648148148148148
2 0.57109375 0.7194444444444444 0.027604166666666666 0.08518518518518518
2 0.8356770833333333 0.5689814814814815 0.0140625 0.075
2 0.38515625 0.5555555555555556 0.021354166666666667 0.07222222222222222
2 0.3885416666666667 0.375 0.016666666666666666 0.05740740740740741
2 0.6674479166666667 0.31157407407407406 0.0140625 0.04722222222222222
2 0.5682291666666667 0.39444444444444443 0.013541666666666667 0.06296296296296296
2 0.26276041666666666 0.3402777777777778 0.015104166666666667 0.049074074074074076
2 0.18489583333333334 0.3648148148148148 0.01875 0.04814814814814815
2 0.9361979166666666 0.45185185185185184 0.018229166666666668 0.06296296296296296
2 0.17604166666666668 0.3425925925925926 0.011458333333333333 0.03888888888888889
2 0.2794270833333333 0.2912037037037037 0.0109375 0.03981481481481482
2 0.5127604166666667 0.35509259259259257 0.009895833333333333 0.05462962962962963
2 0.40520833333333334 0.412962962962963 0.019791666666666666 0.05555555555555555
2 0.39088541666666665 0.29398148148148145 0.011979166666666667 0.04722222222222222
2 0.47604166666666664 0.3189814814814815 0.009375 0.049074074074074076
2 0.4479166666666667 0.20092592592592592 0.008333333333333333 0.03518518518518519
2 0.9145833333333333 0.4671296296296296 0.015625 0.06574074074074074
2 0.09635416666666667 0.3837962962962963 0.020833333333333332 0.04722222222222222
2 0.12336458333333335 0.3758611111111111 0.01603125 0.052055555555555584
1 0.09322916666666667 0.4050925925925926 0.004166666666666667 0.008333333333333333
