2 0.24244791666666668 0.4125 0.0140625 0.04722222222222222
2 0.12760416666666666 0.4439814814814815 0.013541666666666667 0.058333333333333334
2 0.115625 0.5481481481481482 0.016666666666666666 0.06296296296296296
2 0.31979166666666664 0.43287037037037035 0.021875 0.03981481481481482
2 0.48125 0.700925925925926 0.017708333333333333 0.08703703703703704
2 0.8455729166666667 0.6046296296296296 0.025520833333333333 0.07777777777777778
2 0.33359375 0.5587962962962963 0.0203125 0.058333333333333334
2 0.32734375 0.38333333333333336 0.018229166666666668 0.05555555555555555
2 0.6419270833333334 0.3277777777777778 0.015104166666666667 0.046296296296296294
2 0.55625 0.41064814814814815 0.0125 0.06018518518518518
2 0.23828125 0.3416666666666667 0.0109375 0.05185185185185185
2 0.16432291666666668 0.38472222222222224 0.0140625 0.05648148148148148
2 0.9505208333333334 0.48055555555555557 0.0125 0.053703703703703705
2 0.17942708333333332 0.34814814814814815 0.0109375 0.04259259259259259
2 0.31484375 0.2912037037037037 0.0109375 0.03981481481481482
2 0.5005208333333333 0.3662037037037037 0.010416666666666666 0.05277777777777778
2 0.35703125 0.4115740740740741 0.0140625 0.05277777777777778
2 0.38619791666666664 0.3194444444444444 0.0140625 0.046296296296296294
2 0.4861979166666667 0.3425925925925926 0.013020833333333334 0.046296296296296294
2 0.46815104166666666 0.20787037037037037 0.00536458333333331 0.03796296296296296
2 0.9385416666666667 0.49212962962962964 0.017708333333333333 0.062037037037037036
2 0.020690104166666667 0.3971296296296296 0.010619791666666666 0.05092592592592592
2 0.13645833333333332 0.3921296296296296 0.011458333333333333 0.05277777777777778
