2 0.2518229166666667 0.41712962962962963 0.0140625 0.05092592592592592
2 0.10104166666666667 0.4634259259259259 0.011458333333333333 0.06018518518518518
2 0.16692708333333334 0.5273148148148148 0.019270833333333334 0.062037037037037036
2 0.27682291666666664 0.4726851851851852 0.018229166666666668 0.049074074074074076
2 0.46067708333333335 0.7 0.0328125 0.07777777777777778
2 0.896875 0.6171296296296296 0.027083333333333334 0.06944444444444445
2 0.3046875 0.6 0.016666666666666666 0.05925925925925926
2 0.29661458333333335 0.39537037037037037 0.0109375 0.05185185185185185
2 0.6440104166666667 0.35 0.0171875 0.044444444444444446
2 0.56484375 0.4199074074074074 0.013020833333333334 0.062037037037037036
2 0.24713541666666666 0.34675925925925927 0.011979166666666667 0.05277777777777778
2 0.178125 0.3907407407407407 0.009375 0.053703703703703705
2 0.9877604166666667 0.49583333333333335 0.018229166666666668 0.06388888888888888
2 0.21770833333333334 0.3509259259259259 0.015625 0.046296296296296294
2 0.34921875 0.30185185185185187 0.009895833333333333 0.040740740740740744
2 0.50703125 0.375 0.013020833333333334 0.05185185185185185
2 0.35260416666666666 0.41944444444444445 0.013541666666666667 0.05555555555555555
2 0.41875 0.33425925925925926 0.011458333333333333 0.046296296296296294
2 0.5341145833333333 0.36018518518518516 0.0140625 0.04259259259259259
2 0.48411458333333335 0.21666666666666667 0.009895833333333333 0.03148148148148148
2 0.9640625 0.5087962962962963 0.017708333333333333 0.06944444444444445
2 0.004473958333333333 0.4055092592592593 0.008947916666666667 0.05505555555555554
2 0.16666666666666666 0.39814814814814814 0.011458333333333333 0.05
1 0.16827083333333331 0.3949814814814815 0.004166666666666667 0.007500000000000021
