2 0.265625 0.4134259259259259 0.0125 0.05277777777777778
2 0.07447916666666667 0.49953703703703706 0.015625 0.06388888888888888
2 0.2234375 0.4925925925925926 0.011458333333333333 0.05925925925925926
2 0.3341145833333333 0.5037037037037037 0.013020833333333334 0.05925925925925926
2 0.5143229166666666 0.7064814814814815 0.0265625 0.08148148148148149
2 0.9005208333333333 0.5949074074074074 0.023958333333333335 0.075
2 0.3346354166666667 0.6722222222222223 0.021354166666666667 0.07037037037037037
2 0.28229166666666666 0.37222222222222223 0.013541666666666667 0.053703703703703705
2 0.6588541666666666 0.3351851851851852 0.014583333333333334 0.040740740740740744
2 0.54296875 0.3875 0.009895833333333333 0.058333333333333334
2 0.20859375 0.32916666666666666 0.011979166666666667 0.04537037037037037
2 0.1515625 0.3712962962962963 0.014583333333333334 0.05
2 0.934375 0.4546296296296296 0.010416666666666666 0.05740740740740741
2 0.23697916666666666 0.3125 0.010416666666666666 0.03796296296296296
2 0.34088541666666666 0.2962962962962963 0.009895833333333333 0.040740740740740744
2 0.5018229166666667 0.33611111111111114 0.016145833333333335 0.04259259259259259
2 0.3497395833333333 0.4 0.015104166666666667 0.046296296296296294
2 0.4317708333333333 0.30277777777777776 0.013541666666666667 0.044444444444444446
2 0.5760416666666667 0.33611111111111114 0.019791666666666666 0.046296296296296294
2 0.4393229166666667 0.20324074074074075 0.008854166666666666 0.032407407407407406
2 0.871875 0.4601851851851852 0.016666666666666666 0.05925925925925926
2 0.22109375 0.37222222222222223 0.019270833333333334 0.046296296296296294
