2 0.24140625 0.4115740740740741 0.011979166666666667 0.04722222222222222
2 0.11822916666666666 0.45046296296296295 0.023958333333333335 0.06018518518518518
2 0.12161458333333333 0.5462962962962963 0.021354166666666667 0.05925925925925926
2 0.3 0.4388888888888889 0.021875 0.046296296296296294
2 0.4627604166666667 0.6972222222222222 0.0234375 0.07777777777777778
2 0.86328125 0.6037037037037037 0.015104166666666667 0.07962962962962963
2 0.31979166666666664 0.5625 0.015625 0.05277777777777778
2 0.3140625 0.38333333333333336 0.011458333333333333 0.053703703703703705
2 0.63984375 0.33240740740740743 0.013020833333333334 0.044444444444444446
2 0.5546875 0.4125 0.014583333333333334 0.062037037037037036
2 0.23854166666666668 0.3421296296296296 0.011458333333333333 0.05092592592592592
2 0.165625 0.38472222222222224 0.011458333333333333 0.058333333333333334
2 0.9588541666666667 0.4837962962962963 0.017708333333333333 0.05648148148148148
2 0.18645833333333334 0.34675925925925927 0.011458333333333333 0.04722222222222222
2 0.32473958333333336 0.2916666666666667 0.009895833333333333 0.03888888888888889
2 0.49895833333333334 0.36898148148148147 0.011458333333333333 0.05277777777777778
2 0.35130208333333335 0.41064814814814815 0.013020833333333334 0.05277777777777778
2 0.39140625 0.3236111111111111 0.011979166666666667 0.049074074074074076
2 0.4953125 0.34675925925925927 0.015625 0.04537037037037037
2 0.47161458333333334 0.2074074074074074 0.008854166666666666 0.03333333333333333
2 0.9458333333333333 0.4986111111111111 0.019791666666666666 0.06388888888888888
2 0.009895833333333333 0.3972222222222222 0.015625 0.05185185185185185
2 0.1421875 0.3902777777777778 0.011458333333333333 0.05462962962962963
