2 0.26510416666666664 0.4351851851851852 0.015625 0.053703703703703705
2 0.08255208333333333 0.5083333333333333 0.0109375 0.05555555555555555
2 0.22057291666666667 0.5212962962962963 0.0140625 0.06111111111111111
2 0.31015625 0.5208333333333334 0.016145833333333335 0.058333333333333334
2 0.4942708333333333 0.7282407407407407 0.029166666666666667 0.0824074074074074
2 0.9130208333333333 0.6305555555555555 0.027083333333333334 0.07407407407407407
2 0.32057291666666665 0.6726851851851852 0.0234375 0.0712962962962963
2 0.28541666666666665 0.40694444444444444 0.014583333333333334 0.05462962962962963
2 0.6598958333333333 0.36435185185185187 0.015625 0.041666666666666664
2 0.5622395833333333 0.42268518518518516 0.0109375 0.06018518518518518
2 0.23020833333333332 0.35833333333333334 0.011458333333333333 0.046296296296296294
2 0.17083333333333334 0.3976851851851852 0.013541666666666667 0.05092592592592592
2 0.9692708333333333 0.49722222222222223 0.011458333333333333 0.05925925925925926
2 0.24166666666666667 0.34675925925925927 0.009375 0.03981481481481482
2 0.35260416666666666 0.3189814814814815 0.010416666666666666 0.03981481481481482
2 0.5041666666666667 0.3731481481481482 0.021875 0.046296296296296294
2 0.34921875 0.4305555555555556 0.018229166666666668 0.05185185185185185
2 0.43854166666666666 0.33564814814814814 0.015625 0.04537037037037037
2 0.5731770833333333 0.3675925925925926 0.0140625 0.046296296296296294
2 0.46640625 0.22956944444444444 0.008364583333333305 0.03260185185185186
2 0.91484375 0.5041666666666667 0.013020833333333334 0.062037037037037036
2 0.21145833333333333 0.40555555555555556 0.015625 0.05185185185185185
