1 0.26666666666666666 0.42685185185185187 0.016666666666666666 0.05555555555555555
1 0.07864583333333333 0.5074074074074074 0.013541666666666667 0.05925925925925926
1 0.2234375 0.5083333333333333 0.014583333333333334 0.06111111111111111
1 0.32526041666666666 0.5138888888888888 0.0171875 0.05925925925925926
1 0.5052083333333334 0.7199074074074074 0.03125 0.0824074074074074
1 0.91015625 0.6106481481481482 0.0171875 0.07685185185185185
1 0.3268229166666667 0.6777777777777778 0.022395833333333334 0.07592592592592592
1 0.28541666666666665 0.3925925925925926 0.017708333333333333 0.053703703703703705
1 0.6604166666666667 0.3509259259259259 0.017708333333333333 0.04259259259259259
1 0.553125 0.40879629629629627 0.019791666666666666 0.05648148148148148
1 0.22005208333333334 0.3472222222222222 0.009895833333333333 0.04814814814814815
1 0.16171875 0.38657407407407407 0.009895833333333333 0.05277777777777778
1 0.9510416666666667 0.4777777777777778 0.010416666666666666 0.05740740740740741
1 0.24088541666666666 0.33055555555555555 0.009895833333333333 0.04259259259259259
1 0.34661458333333334 0.30972222222222223 0.011979166666666667 0.03981481481481482
1 0.5033854166666667 0.3597222222222222 0.013020833333333334 0.041666666666666664
1 0.34921875 0.4162037037037037 0.019270833333333334 0.05277777777777778
1 0.43671875 0.3212962962962963 0.016145833333333335 0.044444444444444446
1 0.5765625 0.35555555555555557 0.013541666666666667 0.046296296296296294
1 0.45338541666666665 0.21851851851851853 0.008854166666666666 0.03518518518518519
1 0.88984375 0.48518518518518516 0.019270833333333334 0.06111111111111111
1 0.21901041666666668 0.3912037037037037 0.018229166666666668 0.04722222222222222
