2 0.33307291666666666 0.36944444444444446 0.019270833333333334 0.06111111111111111
2 0.1 0.5467592592592593 0.01875 0.075
2 0.23333333333333334 0.4532407407407407 0.020833333333333332 0.06388888888888888
2 0.440625 0.5046296296296297 0.016666666666666666 0.07222222222222222
2 0.71953125 0.6847222222222222 0.034895833333333334 0.08796296296296297
2 0.89921875 0.46435185185185185 0.0140625 0.0712962962962963
2 0.525 0.7472222222222222 0.03229166666666667 0.09074074074074075
2 0.3059895833333333 0.29305555555555557 0.0140625 0.05277777777777778
2 0.7442708333333333 0.2587962962962963 0.011458333333333333 0.04351851851851852
2 0.5333333333333333 0.31666666666666665 0.017708333333333333 0.05740740740740741
2 0.17447916666666666 0.24027777777777778 0.011458333333333333 0.04537037037037037
2 0.075 0.3194444444444444 0.014583333333333334 0.053703703703703705
2 0.8776041666666666 0.33101851851851855 0.013541666666666667 0.05277777777777778
2 0.26614583333333336 0.20694444444444443 0.016666666666666666 0.03981481481481482
2 0.37161458333333336 0.23842592592592593 0.0171875 0.04537037037037037
2 0.5700520833333333 0.21157407407407408 0.009895833333333333 0.04351851851851852
2 0.45026041666666666 0.3050925925925926 0.022395833333333334 0.05092592592592592
2 0.4669270833333333 0.21898148148148147 0.016145833333333335 0.04351851851851852
2 0.6697916666666667 0.2550925925925926 0.013541666666666667 0.04537037037037037
2 0.36692708333333335 0.12175925925925926 0.008854166666666666 0.03425925925925926
2 0.7822916666666667 0.33611111111111114 0.014583333333333334 0.05555555555555555
2 0.014583333333333334 0.3347222222222222 0.015625 0.05462962962962963
2 0.18541666666666667 0.2875 0.0125 0.05277777777777778
