2 0.32864583333333336 0.3731481481481482 0.015625 0.05925925925925926
2 0.09973958333333334 0.5342592592592592 0.016145833333333335 0.07407407407407407
2 0.23177083333333334 0.4476851851851852 0.013541666666666667 0.06759259259259259
2 0.4388020833333333 0.5 0.016145833333333335 0.07222222222222222
2 0.70625 0.6907407407407408 0.023958333333333335 0.08333333333333333
2 0.90390625 0.47824074074074074 0.0203125 0.06944444444444445
2 0.5130208333333334 0.7425925925925926 0.022916666666666665 0.08703703703703704
2 0.3067708333333333 0.2953703703703704 0.013541666666666667 0.053703703703703705
2 0.740625 0.26296296296296295 0.009375 0.04259259259259259
2 0.53125 0.31666666666666665 0.013541666666666667 0.06111111111111111
2 0.17994791666666668 0.24259259259259258 0.0109375 0.046296296296296294
2 0.08203125 0.3175925925925926 0.011979166666666667 0.05555555555555555
2 0.88359375 0.3333333333333333 0.008854166666666666 0.05925925925925926
2 0.26510416666666664 0.2125 0.014583333333333334 0.041666666666666664
2 0.3692708333333333 0.23981481481481481 0.010416666666666666 0.044444444444444446
2 0.5703125 0.21944444444444444 0.014583333333333334 0.044444444444444446
2 0.44375 0.3125 0.013541666666666667 0.05092592592592592
2 0.46640625 0.22314814814814815 0.008854166666666666 0.04259259259259259
2 0.6638020833333333 0.25787037037037036 0.018229166666666668 0.04722222222222222
2 0.37447916666666664 0.12314814814814815 0.007291666666666667 0.03333333333333333
2 0.7911458333333333 0.3388888888888889 0.011458333333333333 0.05740740740740741
2 0.011197916666666667 0.33611111111111114 0.0203125 0.053703703703703705
2 0.19427083333333334 0.2898148148148148 0.013541666666666667 0.053703703703703705
