2 0.32760416666666664 0.3726851851851852 0.020833333333333332 0.06018518518518518
2 0.0984375 0.5333333333333333 0.016666666666666666 0.07222222222222222
2 0.23333333333333334 0.45046296296296295 0.016666666666666666 0.06388888888888888
2 0.43697916666666664 0.49212962962962964 0.014583333333333334 0.0712962962962963
2 0.6942708333333333 0.6907407407407408 0.03125 0.08703703703703704
2 0.9088541666666666 0.48194444444444445 0.014583333333333334 0.0712962962962963
2 0.5002604166666667 0.7356481481481482 0.0296875 0.09166666666666666
2 0.3072916666666667 0.3 0.0125 0.05
2 0.7361979166666667 0.26481481481481484 0.015104166666666667 0.04259259259259259
2 0.5328125 0.32083333333333336 0.016666666666666666 0.058333333333333334
2 0.18333333333333332 0.24537037037037038 0.010416666666666666 0.046296296296296294
2 0.08932291666666667 0.3194444444444444 0.015104166666666667 0.05555555555555555
2 0.8875 0.3402777777777778 0.011458333333333333 0.06018518518518518
2 0.2643229166666667 0.21574074074074073 0.0109375 0.044444444444444446
2 0.36770833333333336 0.24074074074074073 0.0125 0.04259259259259259
2 0.56953125 0.22268518518518518 0.009895833333333333 0.04537037037037037
2 0.4393229166666667 0.3143518518518518 0.019270833333333334 0.05277777777777778
2 0.46458333333333335 0.22453703703703703 0.016666666666666666 0.04351851851851852
2 0.6604166666666667 0.2625 0.010416666666666666 0.04537037037037037
2 0.3802083333333333 0.12777777777777777 0.010416666666666666 0.03333333333333333
2 0.7973958333333333 0.34074074074074073 0.008333333333333333 0.05740740740740741
2 0.009375 0.337037037037037 0.014583333333333334 0.053703703703703705
2 0.19869791666666667 0.29212962962962963 0.009895833333333333 0.05462962962962963
