2 0.30026041666666664 0.3763888888888889 0.016145833333333335 0.05648148148148148
2 0.084375 0.5018518518518519 0.021875 0.07222222222222222
2 0.228125 0.44537037037037036 0.011458333333333333 0.06296296296296296
2 0.4080729166666667 0.48194444444444445 0.0234375 0.06759259259259259
2 0.6166666666666667 0.6944444444444444 0.028125 0.08518518518518518
2 0.9020833333333333 0.5050925925925925 0.021875 0.07314814814814814
2 0.43255208333333334 0.7027777777777777 0.0203125 0.08148148148148149
2 0.29401041666666666 0.31203703703703706 0.013020833333333334 0.053703703703703705
2 0.7067708333333333 0.2763888888888889 0.011458333333333333 0.04722222222222222
2 0.5283854166666667 0.32685185185185184 0.018229166666666668 0.05925925925925926
2 0.18671875 0.262037037037037 0.011979166666666667 0.046296296296296294
2 0.11067708333333333 0.32083333333333336 0.013020833333333334 0.05277777777777778
2 0.9018229166666667 0.3699074074074074 0.013020833333333334 0.06018518518518518
2 0.24973958333333332 0.2351851851851852 0.0171875 0.040740740740740744
2 0.34921875 0.24583333333333332 0.013020833333333334 0.041666666666666664
2 0.5450520833333333 0.24953703703703703 0.016145833333333335 0.04351851851851852
2 0.39947916666666666 0.33101851851851855 0.017708333333333333 0.05277777777777778
2 0.4473958333333333 0.2388888888888889 0.010416666666666666 0.04259259259259259
2 0.62265625 0.2740740740740741 0.0171875 0.044444444444444446
2 0.39817708333333335 0.13935185185185187 0.008854166666666666 0.03425925925925926
2 0.81953125 0.36435185185185187 0.0109375 0.058333333333333334
2 0.21666666666666667 0.3074074074074074 0.013541666666666667 0.053703703703703705
