2 0.36171875 0.3625 0.0140625 0.06018518518518518
2 0.13619791666666667 0.5694444444444444 0.0234375 0.07777777777777778
2 0.25234375 0.4583333333333333 0.0140625 0.06851851851851852
2 0.4708333333333333 0.5199074074074074 0.015625 0.07685185185185185
2 0.78515625 0.6782407407407407 0.0296875 0.08796296296296297
2 0.9010416666666666 0.4513888888888889 0.020833333333333332 0.0712962962962963
2 0.5973958333333333 0.7736111111111111 0.03229166666666667 0.09166666666666666
2 0.3268229166666667 0.28379629629629627 0.0109375 0.05462962962962963
2 0.7846354166666667 0.2523148148148148 0.011979166666666667 0.049074074074074076
2 0.553125 0.3106481481481482 0.013541666666666667 0.06018518518518518
2 0.18541666666666667 0.23194444444444445 0.016666666666666666 0.04722222222222222
2 0.07473958333333333 0.32175925925925924 0.013020833333333334 0.05648148148148148
2 0.8940104166666667 0.325 0.009895833333333333 0.05555555555555555
2 0.2942708333333333 0.19398148148148148 0.0125 0.041666666666666664
2 0.39817708333333335 0.23425925925925925 0.009895833333333333 0.04814814814814815
2 0.5911458333333334 0.19907407407407407 0.008333333333333333 0.04259259259259259
2 0.49270833333333336 0.2953703703703704 0.01875 0.05185185185185185
2 0.49505208333333334 0.21157407407407408 0.0109375 0.04537037037037037
2 0.71171875 0.24444444444444444 0.016145833333333335 0.04814814814814815
2 0.3653645833333333 0.11712962962962963 0.008854166666666666 0.03425925925925926
2 0.78203125 0.337037037037037 0.0140625 0.05925925925925926
2 0.05677083333333333 0.33101851851851855 0.020833333333333332 0.05648148148148148
2 0.17786458333333333 0.2773148148148148 0.013020833333333334 0.05277777777777778
