2 0.30572916666666666 0.375 0.014583333333333334 0.05740740740740741
2 0.0875 0.5069444444444444 0.016666666666666666 0.06944444444444445
2 0.22994791666666667 0.4462962962962963 0.011979166666666667 0.06481481481481481
2 0.4153645833333333 0.48055555555555557 0.018229166666666668 0.06481481481481481
2 0.6291666666666667 0.6939814814814815 0.023958333333333335 0.08425925925925926
2 0.9015625 0.5032407407407408 0.022916666666666665 0.06944444444444445
2 0.44192708333333336 0.7032407407407407 0.021354166666666667 0.0787037037037037
2 0.29609375 0.30972222222222223 0.0171875 0.05462962962962963
2 0.71015625 0.2740740740740741 0.0140625 0.046296296296296294
2 0.5296875 0.3263888888888889 0.017708333333333333 0.06018518518518518
2 0.18802083333333333 0.26064814814814813 0.013541666666666667 0.04722222222222222
2 0.10963541666666667 0.3194444444444444 0.011979166666666667 0.053703703703703705
2 0.9015625 0.3685185185185185 0.014583333333333334 0.05740740740740741
2 0.25234375 0.2351851851851852 0.013020833333333334 0.040740740740740744
2 0.35260416666666666 0.24583333333333332 0.013541666666666667 0.041666666666666664
2 0.5494791666666666 0.24768518518518517 0.015625 0.04351851851851852
2 0.40729166666666666 0.3296296296296296 0.013541666666666667 0.05185185185185185
2 0.45026041666666666 0.23703703703703705 0.0109375 0.044444444444444446
2 0.62890625 0.27361111111111114 0.019270833333333334 0.04537037037037037
2 0.39791666666666664 0.1375 0.007291666666666667 0.03425925925925926
2 0.81796875 0.362962962962963 0.0109375 0.05740740740740741
2 0.21692708333333333 0.30694444444444446 0.016145833333333335 0.05277777777777778
