2 0.30963541666666666 0.37592592592592594 0.019270833333333334 0.05925925925925926
2 0.08984375 0.5074074074074074 0.013020833333333334 0.06666666666666667
2 0.23177083333333334 0.44907407407407407 0.014583333333333334 0.06296296296296296
2 0.41901041666666666 0.48148148148148145 0.019270833333333334 0.06851851851851852
2 0.63671875 0.6944444444444444 0.030729166666666665 0.08703703703703704
2 0.9044270833333333 0.5013888888888889 0.016145833333333335 0.06944444444444445
2 0.44869791666666664 0.7078703703703704 0.028645833333333332 0.08425925925925926
2 0.29921875 0.3101851851851852 0.0140625 0.05185185185185185
2 0.7158854166666667 0.27361111111111114 0.009895833333333333 0.04537037037037037
2 0.5322916666666667 0.32731481481481484 0.01875 0.058333333333333334
2 0.18854166666666666 0.25972222222222224 0.009375 0.04537037037037037
2 0.10989583333333333 0.3189814814814815 0.013541666666666667 0.05277777777777778
2 0.90234375 0.36712962962962964 0.013020833333333334 0.05648148148148148
2 0.25625 0.23287037037037037 0.010416666666666666 0.041666666666666664
2 0.35625 0.24583333333333332 0.009375 0.03981481481481482
2 0.5552083333333333 0.24444444444444444 0.011458333333333333 0.044444444444444446
2 0.41119791666666666 0.3263888888888889 0.018229166666666668 0.05277777777777778
2 0.45338541666666665 0.23472222222222222 0.0171875 0.04351851851851852
2 0.6346354166666667 0.27314814814814814 0.0109375 0.044444444444444446
2 0.3966145833333333 0.13518518518518519 0.0078125 0.03333333333333333
2 0.8166666666666667 0.3592592592592593 0.011458333333333333 0.05555555555555555
2 0.21588541666666666 0.3050925925925926 0.016145833333333335 0.05277777777777778
