2 0.38958333333333334 0.37777777777777777 0.009375 0.06481481481481481
2 0.15885416666666666 0.6921296296296297 0.022916666666666665 0.10092592592592593
2 0.30963541666666666 0.4675925925925926 0.016145833333333335 0.07037037037037037
2 0.5419270833333333 0.6032407407407407 0.019270833333333334 0.08796296296296297
2 0.89140625 0.6907407407407408 0.021354166666666667 0.09074074074074075
2 0.92734375 0.4425925925925926 0.018229166666666668 0.07037037037037037
2 0.7841145833333333 0.8027777777777778 0.024479166666666666 0.10185185185185185
2 0.3580729166666667 0.2763888888888889 0.0109375 0.05648148148148148
2 0.8393229166666667 0.22777777777777777 0.008854166666666666 0.04814814814814815
2 0.57109375 0.3037037037037037 0.013020833333333334 0.05925925925925926
2 0.19348958333333333 0.2152777777777778 0.008854166666666666 0.04537037037037037
2 0.07916666666666666 0.33425925925925926 0.009375 0.06111111111111111
2 0.9018229166666667 0.3143518518518518 0.0140625 0.058333333333333334
2 0.3463541666666667 0.1587962962962963 0.008333333333333333 0.03796296296296296
2 0.39036458333333335 0.22314814814814815 0.008854166666666666 0.04814814814814815
2 0.6559895833333333 0.1787037037037037 0.013020833333333334 0.040740740740740744
2 0.58515625 0.27361111111111114 0.015104166666666667 0.05462962962962963
2 0.55390625 0.19907407407407407 0.0078125 0.046296296296296294
2 0.7950520833333333 0.20462962962962963 0.009895833333333333 0.04814814814814815
2 0.34401041666666665 0.10648148148148148 0.008854166666666666 0.037037037037037035
2 0.7986979166666667 0.30694444444444446 0.011979166666666667 0.058333333333333334
2 0.14635416666666667 0.31203703703703706 0.0125 0.05740740740740741
2 0.12682291666666667 0.2625 0.013020833333333334 0.05277777777777778
