2 0.3880208333333333 0.4 0.0125 0.06481481481481481
2 0.15729166666666666 0.7310185185185185 0.034375 0.10092592592592593
2 0.3145833333333333 0.48194444444444445 0.021875 0.06759259259259259
2 0.5473958333333333 0.6296296296296297 0.021875 0.08518518518518518
2 0.9 0.6944444444444444 0.017708333333333333 0.09074074074074075
2 0.9177083333333333 0.44722222222222224 0.01875 0.07037037037037037
2 0.8033854166666666 0.7888888888888889 0.0390625 0.09259259259259259
2 0.35494791666666664 0.29074074074074074 0.0140625 0.05740740740740741
2 0.8330729166666667 0.23194444444444445 0.008854166666666666 0.049074074074074076
2 0.56640625 0.31851851851851853 0.016145833333333335 0.06111111111111111
2 0.19479166666666667 0.2273148148148148 0.013541666666666667 0.04537037037037037
2 0.07786458333333333 0.3527777777777778 0.019270833333333334 0.05925925925925926
2 0.87734375 0.31296296296296294 0.0140625 0.05740740740740741
2 0.34765625 0.16805555555555557 0.0109375 0.03796296296296296
2 0.37447916666666664 0.23657407407407408 0.0125 0.04537037037037037
2 0.6546875 0.19444444444444445 0.013541666666666667 0.040740740740740744
2 0.58203125 0.2833333333333333 0.013020833333333334 0.053703703703703705
2 0.55390625 0.20925925925925926 0.013020833333333334 0.044444444444444446
2 0.7927083333333333 0.20925925925925926 0.008333333333333333 0.04814814814814815
2 0.32473958333333336 0.11851851851851852 0.008854166666666666 0.037037037037037035
2 0.7838541666666666 0.30833333333333335 0.011458333333333333 0.05555555555555555
2 0.14765625 0.32037037037037036 0.0203125 0.05740740740740741
2 0.10234375 0.275 0.0140625 0.053703703703703705
