2 0.37786458333333334 0.3611111111111111 0.0109375 0.05925925925925926
2 0.159375 0.5861111111111111 0.017708333333333333 0.08333333333333333
2 0.27057291666666666 0.46296296296296297 0.018229166666666668 0.06666666666666667
2 0.4921875 0.5342592592592592 0.015625 0.07777777777777778
2 0.82109375 0.675 0.0265625 0.08333333333333333
2 0.9057291666666667 0.44351851851851853 0.015625 0.06666666666666667
2 0.65 0.7833333333333333 0.022916666666666665 0.09074074074074075
2 0.34401041666666665 0.28055555555555556 0.0171875 0.053703703703703705
2 0.8078125 0.2518518518518518 0.011458333333333333 0.046296296296296294
2 0.5651041666666666 0.3106481481481482 0.020833333333333332 0.058333333333333334
2 0.19427083333333334 0.22962962962962963 0.013541666666666667 0.04814814814814815
2 0.08046875 0.32314814814814813 0.009895833333333333 0.053703703703703705
2 0.9052083333333333 0.3277777777777778 0.014583333333333334 0.053703703703703705
2 0.3145833333333333 0.1865740740740741 0.011458333333333333 0.04351851851851852
2 0.40911458333333334 0.23194444444444445 0.009895833333333333 0.04537037037037037
2 0.60703125 0.19305555555555556 0.013020833333333334 0.041666666666666664
2 0.5231770833333333 0.29259259259259257 0.011979166666666667 0.05185185185185185
2 0.5135416666666667 0.20972222222222223 0.008333333333333333 0.04351851851851852
2 0.7390625 0.24027777777777778 0.009375 0.04722222222222222
2 0.3690104166666667 0.11712962962962963 0.0067708333333333336 0.032407407407407406
2 0.7880208333333333 0.33611111111111114 0.010416666666666666 0.06111111111111111
2 0.09166666666666666 0.3277777777777778 0.015625 0.05925925925925926
2 0.17291666666666666 0.275 0.011458333333333333 0.053703703703703705
