2 0.38177083333333334 0.4125 0.016666666666666666 0.06018518518518518
2 0.15833333333333333 0.7453703703703703 0.027083333333333334 0.1
2 0.30442708333333335 0.49074074074074076 0.0140625 0.07222222222222222
2 0.5466145833333333 0.6412037037037037 0.018229166666666668 0.08796296296296297
2 0.8966145833333333 0.7 0.027604166666666666 0.08888888888888889
2 0.9091145833333333 0.44722222222222224 0.018229166666666668 0.07222222222222222
2 0.7989583333333333 0.7810185185185186 0.0375 0.11574074074074074
2 0.34427083333333336 0.29583333333333334 0.016666666666666666 0.05648148148148148
2 0.8265625 0.23287037037037037 0.014583333333333334 0.04722222222222222
2 0.56015625 0.3263888888888889 0.016145833333333335 0.058333333333333334
2 0.18880208333333334 0.23287037037037037 0.015104166666666667 0.04722222222222222
2 0.0640625 0.36018518518518516 0.0125 0.06111111111111111
2 0.8640625 0.3125 0.014583333333333334 0.05648148148148148
2 0.34036458333333336 0.17083333333333334 0.011979166666666667 0.03796296296296296
2 0.3645833333333333 0.2388888888888889 0.009375 0.04814814814814815
2 0.6486979166666667 0.19768518518518519 0.0078125 0.04351851851851852
2 0.575 0.28379629629629627 0.0125 0.05462962962962963
2 0.5455729166666666 0.20972222222222223 0.0078125 0.04537037037037037
2 0.7890625 0.20879629629629629 0.0125 0.04351851851851852
2 0.30807291666666664 0.12129629629629629 0.008854166666666666 0.037037037037037035
2 0.7760416666666666 0.3055555555555556 0.011458333333333333 0.05740740740740741
2 0.13177083333333334 0.325 0.0125 0.05925925925925926
2 0.08020833333333334 0.2800925925925926 0.0125 0.05648148148148148
