2 0.38177083333333334 0.36435185185185187 0.014583333333333334 0.06018518518518518
2 0.16484375 0.6106481481481482 0.0203125 0.08611111111111111
2 0.27890625 0.4648148148148148 0.019270833333333334 0.06851851851851852
2 0.5065104166666666 0.5532407407407407 0.018229166666666668 0.0787037037037037
2 0.8408854166666667 0.675 0.0140625 0.09074074074074075
2 0.9122395833333333 0.4425925925925926 0.013020833333333334 0.06851851851851852
2 0.6885416666666667 0.7949074074074074 0.030208333333333334 0.09351851851851851
2 0.35 0.2763888888888889 0.011458333333333333 0.05462962962962963
2 0.8229166666666666 0.24861111111111112 0.008333333333333333 0.049074074074074076
2 0.5713541666666667 0.3074074074074074 0.022916666666666665 0.05925925925925926
2 0.196875 0.22407407407407406 0.015625 0.04814814814814815
2 0.08255208333333333 0.32592592592592595 0.011979166666666667 0.05925925925925926
2 0.9140625 0.3282407407407407 0.011458333333333333 0.05462962962962963
2 0.32473958333333336 0.17824074074074073 0.0109375 0.041666666666666664
2 0.41119791666666666 0.22962962962962963 0.008854166666666666 0.046296296296296294
2 0.621875 0.18888888888888888 0.007291666666666667 0.040740740740740744
2 0.5421875 0.2851851851851852 0.013541666666666667 0.05555555555555555
2 0.5260416666666666 0.20555555555555555 0.007291666666666667 0.044444444444444446
2 0.7572916666666667 0.22916666666666666 0.010416666666666666 0.04722222222222222
2 0.3684895833333333 0.11342592592592593 0.008854166666666666 0.03425925925925926
2 0.79609375 0.3287037037037037 0.0109375 0.05925925925925926
2 0.1109375 0.325 0.019791666666666666 0.05925925925925926
2 0.16614583333333333 0.2708333333333333 0.013541666666666667 0.05462962962962963
