2 0.38645833333333335 0.36666666666666664 0.010416666666666666 0.06296296296296296
2 0.16848958333333333 0.6375 0.022395833333333334 0.08981481481481482
2 0.28411458333333334 0.46574074074074073 0.015104166666666667 0.07407407407407407
2 0.5169270833333334 0.5708333333333333 0.021354166666666667 0.0824074074074074
2 0.8604166666666667 0.6819444444444445 0.016666666666666666 0.08981481481481482
2 0.9203125 0.4425925925925926 0.016666666666666666 0.06851851851851852
2 0.7190104166666667 0.8097222222222222 0.030729166666666665 0.10092592592592593
2 0.3541666666666667 0.27361111111111114 0.009375 0.05648148148148148
2 0.8330729166666667 0.23842592592592593 0.0067708333333333336 0.05092592592592592
2 0.5786458333333333 0.30462962962962964 0.016666666666666666 0.06111111111111111
2 0.19505208333333332 0.21851851851851853 0.0140625 0.05
2 0.07890625 0.32546296296296295 0.0109375 0.06018518518518518
2 0.9174479166666667 0.32546296296296295 0.0109375 0.05648148148148148
2 0.33359375 0.17175925925925925 0.0078125 0.03981481481481482
2 0.40651041666666665 0.225 0.008854166666666666 0.04814814814814815
2 0.6346354166666667 0.18009259259259258 0.008854166666666666 0.04537037037037037
2 0.55859375 0.2777777777777778 0.015104166666666667 0.05555555555555555
2 0.5364583333333334 0.20092592592592592 0.007291666666666667 0.046296296296296294
2 0.7734375 0.21851851851851853 0.0125 0.046296296296296294
2 0.3614583333333333 0.10787037037037037 0.008333333333333333 0.03796296296296296
2 0.8010416666666667 0.3212962962962963 0.011458333333333333 0.05925925925925926
2 0.12161458333333333 0.3175925925925926 0.016145833333333335 0.05925925925925926
2 0.15130208333333334 0.2657407407407407 0.011979166666666667 0.05185185185185185
