2 0.3875 0.39675925925925926 0.0125 0.06574074074074074
2 0.15885416666666666 0.7273148148148149 0.036458333333333336 0.10092592592592593
2 0.31354166666666666 0.47962962962962963 0.019791666666666666 0.06851851851851852
2 0.5481770833333334 0.6263888888888889 0.0234375 0.08425925925925926
2 0.9 0.6935185185185185 0.015625 0.09259259259259259
2 0.9192708333333334 0.44675925925925924 0.01875 0.0712962962962963
2 0.8018229166666667 0.7912037037037037 0.0390625 0.09722222222222222
2 0.35520833333333335 0.28888888888888886 0.0125 0.05740740740740741
2 0.83359375 0.2310185185185185 0.009895833333333333 0.049074074074074076
2 0.5658854166666667 0.31805555555555554 0.0171875 0.06018518518518518
2 0.19557291666666668 0.22546296296296298 0.015104166666666667 0.04537037037037037
2 0.07916666666666666 0.350462962962963 0.016666666666666666 0.06018518518518518
2 0.8802083333333334 0.3125 0.014583333333333334 0.05648148148148148
2 0.34869791666666666 0.16712962962962963 0.013020833333333334 0.03796296296296296
2 0.3765625 0.2351851851851852 0.0125 0.044444444444444446
2 0.65625 0.19305555555555556 0.013541666666666667 0.041666666666666664
2 0.58359375 0.2824074074074074 0.0140625 0.053703703703703705
2 0.5549479166666667 0.20787037037037037 0.0109375 0.04537037037037037
2 0.7924479166666667 0.20972222222222223 0.009895833333333333 0.04537037037037037
2 0.32734375 0.1175925925925926 0.008854166666666666 0.037037037037037035
2 0.7856770833333333 0.30833333333333335 0.0109375 0.05740740740740741
2 0.1484375 0.3189814814814815 0.01875 0.05648148148148148
2 0.10598958333333333 0.2740740740740741 0.0140625 0.053703703703703705
