2 0.39036458333333335 0.3800925925925926 0.013020833333333334 0.06388888888888888
2 0.15963541666666667 0.6962962962962963 0.022395833333333334 0.1
2 0.31171875 0.46805555555555556 0.0203125 0.06944444444444445
2 0.54296875 0.6069444444444444 0.0234375 0.08611111111111111
2 0.8955729166666667 0.6907407407407408 0.016145833333333335 0.09074074074074075
2 0.9270833333333334 0.44305555555555554 0.01875 0.0712962962962963
2 0.7859375 0.8009259259259259 0.025 0.10555555555555556
2 0.35885416666666664 0.27685185185185185 0.008333333333333333 0.05740740740740741
2 0.83984375 0.2263888888888889 0.0078125 0.049074074074074076
2 0.5703125 0.30462962962962964 0.013541666666666667 0.05925925925925926
2 0.19348958333333333 0.21574074074074073 0.0109375 0.044444444444444446
2 0.07994791666666666 0.33564814814814814 0.011979166666666667 0.06018518518518518
2 0.8997395833333334 0.31296296296296294 0.015104166666666667 0.05740740740740741
2 0.34765625 0.1587962962962963 0.0078125 0.03981481481481482
2 0.3888020833333333 0.22314814814814815 0.008854166666666666 0.04814814814814815
2 0.6557291666666667 0.18009259259259258 0.014583333333333334 0.041666666666666664
2 0.5856770833333333 0.274537037037037 0.015104166666666667 0.05462962962962963
2 0.5552083333333333 0.2 0.010416666666666666 0.044444444444444446
2 0.7958333333333333 0.2037037037037037 0.007291666666666667 0.04814814814814815
2 0.3424479166666667 0.10740740740740741 0.008854166666666666 0.037037037037037035
2 0.7979166666666667 0.30694444444444446 0.011458333333333333 0.058333333333333334
2 0.14739583333333334 0.31203703703703706 0.014583333333333334 0.05925925925925926
2 0.12473958333333333 0.26342592592592595 0.013020833333333334 0.05277777777777778
