2 0.375 0.42314814814814816 0.015625 0.06666666666666667
2 0.146875 0.763425925925926 0.034375 0.09351851851851851
2 0.290625 0.5046296296296297 0.021875 0.07407407407407407
2 0.5377604166666666 0.6523148148148148 0.019270833333333334 0.08796296296296297
2 0.89609375 0.7013888888888888 0.018229166666666668 0.09166666666666666
2 0.8947916666666667 0.4444444444444444 0.020833333333333332 0.07037037037037037
2 0.7981770833333334 0.7763888888888889 0.024479166666666666 0.11203703703703703
2 0.3333333333333333 0.2986111111111111 0.013541666666666667 0.06018518518518518
2 0.8166666666666667 0.2310185185185185 0.008333333333333333 0.049074074074074076
2 0.5520833333333334 0.3314814814814815 0.015625 0.05925925925925926
2 0.1765625 0.23842592592592593 0.0125 0.04722222222222222
2 0.046875 0.37083333333333335 0.013541666666666667 0.06018518518518518
2 0.8497395833333333 0.30972222222222223 0.015104166666666667 0.05462962962962963
2 0.32838541666666665 0.1736111111111111 0.011979166666666667 0.03796296296296296
2 0.35 0.2462962962962963 0.013541666666666667 0.046296296296296294
2 0.6369791666666667 0.2023148148148148 0.009375 0.04351851851851852
2 0.5625 0.2875 0.013541666666666667 0.05462962962962963
2 0.53125 0.21203703703703702 0.013541666666666667 0.044444444444444446
2 0.7752604166666667 0.2101851851851852 0.0140625 0.044444444444444446
2 0.2911458333333333 0.12314814814814815 0.009375 0.03518518518518519
2 0.7622395833333333 0.3050925925925926 0.013020833333333334 0.058333333333333334
2 0.11328125 0.3314814814814815 0.015104166666666667 0.05925925925925926
2 0.05416666666666667 0.28935185185185186 0.0125 0.05277777777777778
