2 0.44166666666666665 0.4842592592592593 0.021875 0.06666666666666667
2 0.26614583333333336 0.7703703703703704 0.01875 0.1037037037037037
2 0.3143229166666667 0.5310185185185186 0.018229166666666668 0.06759259259259259
2 0.5697916666666667 0.6768518518518518 0.026041666666666668 0.09074074074074075
2 0.9174479166666667 0.7032407407407407 0.030729166666666665 0.09166666666666666
2 0.88203125 0.44675925925925924 0.015104166666666667 0.06944444444444445
2 0.8255208333333334 0.7569444444444444 0.030208333333333334 0.09722222222222222
2 0.3640625 0.33101851851851855 0.0125 0.05648148148148148
2 0.7875 0.25092592592592594 0.0125 0.04814814814814815
2 0.5890625 0.35833333333333334 0.020833333333333332 0.06111111111111111
2 0.22395833333333334 0.2726851851851852 0.013541666666666667 0.05277777777777778
2 0.07760416666666667 0.39814814814814814 0.020833333333333332 0.06481481481481481
2 0.8341145833333333 0.31712962962962965 0.0140625 0.05462962962962963
2 0.33046875 0.20879629629629629 0.008854166666666666 0.04351851851851852
2 0.36770833333333336 0.274537037037037 0.015625 0.049074074074074076
2 0.61875 0.2449074074074074 0.009375 0.049074074074074076
2 0.559375 0.29907407407407405 0.011458333333333333 0.053703703703703705
2 0.525 0.2310185185185185 0.013541666666666667 0.04537037037037037
2 0.75390625 0.23564814814814813 0.009895833333333333 0.04722222222222222
2 0.31015625 0.1476851851851852 0.008854166666666666 0.032407407407407406
2 0.7359375 0.29583333333333334 0.011458333333333333 0.05462962962962963
2 0.10052083333333334 0.3541666666666667 0.01875 0.062037037037037036
2 0.008333333333333333 0.3101851851851852 0.016666666666666666 0.05740740740740741
1 0.009424479166666666 0.3032685185185185 0.004151041666666666 0.007407407407407408
