2 0.5080729166666667 0.524537037037037 0.027604166666666666 0.0712962962962963
2 0.32526041666666666 0.7458333333333333 0.028645833333333332 0.10462962962962963
2 0.34921875 0.5694444444444444 0.021354166666666667 0.07407407407407407
2 0.5822916666666667 0.6824074074074075 0.029166666666666667 0.08703703703703704
2 0.91015625 0.700462962962963 0.027604166666666666 0.08796296296296297
2 0.8635416666666667 0.45185185185185184 0.011458333333333333 0.06851851851851852
2 0.82578125 0.7324074074074074 0.0296875 0.09444444444444444
2 0.38203125 0.362962962962963 0.0171875 0.06111111111111111
2 0.75625 0.26944444444444443 0.009375 0.05
2 0.6174479166666667 0.3773148148148148 0.015104166666666667 0.062037037037037036
2 0.25 0.30092592592592593 0.015625 0.05185185185185185
2 0.09791666666666667 0.43287037037037035 0.013541666666666667 0.06388888888888888
2 0.8140625 0.3347222222222222 0.011458333333333333 0.05277777777777778
2 0.31927083333333334 0.24444444444444444 0.010416666666666666 0.046296296296296294
2 0.37864583333333335 0.3013888888888889 0.0125 0.05092592592592592
2 0.5940104166666667 0.2847222222222222 0.0109375 0.05092592592592592
2 0.5434895833333333 0.31712962962962965 0.015104166666666667 0.05277777777777778
2 0.5065104166666666 0.2537037037037037 0.013020833333333334 0.046296296296296294
2 0.7158854166666667 0.2564814814814815 0.008854166666666666 0.04814814814814815
2 0.31760416666666663 0.16791666666666666 0.008125000000000012 0.029907407407407417
2 0.7044270833333334 0.3101851851851852 0.0109375 0.046296296296296294
2 0.054427083333333334 0.38101851851851853 0.013020833333333334 0.06388888888888888
