1 0.38958333333333334 0.4583333333333333 0.019791666666666666 0.06851851851851852
1 0.19114583333333332 0.7875 0.022916666666666665 0.10277777777777777
1 0.28098958333333335 0.5259259259259259 0.022395833333333334 0.07777777777777778
1 0.54375 0.6722222222222223 0.029166666666666667 0.08703703703703704
1 0.8950520833333333 0.7041666666666667 0.0203125 0.09166666666666666
1 0.8705729166666667 0.4449074074074074 0.019270833333333334 0.06944444444444445
1 0.80234375 0.7611111111111111 0.0265625 0.10925925925925926
1 0.32916666666666666 0.3162037037037037 0.017708333333333333 0.05648148148148148
1 0.7895833333333333 0.23935185185185184 0.011458333333333333 0.049074074074074076
1 0.55703125 0.3472222222222222 0.015104166666666667 0.06296296296296296
1 0.18255208333333334 0.2625 0.011979166666666667 0.049074074074074076
1 0.03958333333333333 0.39166666666666666 0.017708333333333333 0.06296296296296296
1 0.8283854166666667 0.31342592592592594 0.008854166666666666 0.05462962962962963
1 0.3143229166666667 0.1925925925925926 0.008854166666666666 0.040740740740740744
1 0.33958333333333335 0.26481481481481484 0.010416666666666666 0.046296296296296294
1 0.6140625 0.22546296296296298 0.009375 0.04351851851851852
1 0.5471354166666667 0.29583333333333334 0.016145833333333335 0.05462962962962963
1 0.5135416666666667 0.2212962962962963 0.011458333333333333 0.044444444444444446
1 0.7557291666666667 0.225 0.010416666666666666 0.04814814814814815
1 0.2799479166666667 0.13796296296296295 0.0109375 0.037037037037037035
1 0.7356770833333334 0.300462962962963 0.0109375 0.05648148148148148
1 0.08828125 0.34953703703703703 0.013020833333333334 0.06018518518518518
1 0.008072916666666667 0.30324074074074076 0.013020833333333334 0.058333333333333334
1 0.011510416666666667 0.28940740740740734 0.004479166666666665 0.00735185185185185
