2 0.6817708333333333 0.5953703703703703 0.016666666666666666 0.07222222222222222
2 0.4705729166666667 0.674074074074074 0.024479166666666666 0.09074074074074075
2 0.5041666666666667 0.6175925925925926 0.021875 0.07407407407407407
2 0.6361979166666667 0.6805555555555556 0.022395833333333334 0.08148148148148149
2 0.9255208333333333 0.6935185185185185 0.027083333333333334 0.08333333333333333
2 0.85625 0.49398148148148147 0.015625 0.06574074074074074
2 0.8734375 0.7199074074074074 0.015625 0.08611111111111111
2 0.45729166666666665 0.44305555555555554 0.014583333333333334 0.06388888888888888
2 0.76484375 0.3277777777777778 0.0109375 0.044444444444444446
2 0.6903645833333333 0.4101851851851852 0.016145833333333335 0.06111111111111111
2 0.3268229166666667 0.3453703703703704 0.013020833333333334 0.053703703703703705
2 0.22760416666666666 0.4810185185185185 0.014583333333333334 0.06574074074074074
2 0.80390625 0.39351851851851855 0.011979166666666667 0.05740740740740741
2 0.35598958333333336 0.3101851851851852 0.011979166666666667 0.04814814814814815
2 0.4609375 0.35324074074074074 0.014583333333333334 0.049074074074074076
2 0.60234375 0.37037037037037035 0.011979166666666667 0.053703703703703705
2 0.5736979166666667 0.35138888888888886 0.011979166666666667 0.049074074074074076
2 0.5052083333333334 0.2972222222222222 0.010416666666666666 0.044444444444444446
2 0.6700520833333333 0.31666666666666665 0.009895833333333333 0.046296296296296294
2 0.3828125 0.20416666666666666 0.010416666666666666 0.03611111111111111
2 0.7299479166666667 0.4097222222222222 0.0140625 0.06018518518518518
2 0.051041666666666666 0.4152777777777778 0.013541666666666667 0.06018518518518518
