1 0.6510416666666666 0.5856481481481481 0.026041666666666668 0.0787037037037037
1 0.45 0.6888888888888889 0.021875 0.08888888888888889
1 0.4765625 0.6152777777777778 0.01875 0.075
1 0.6265625 0.6824074074074075 0.026041666666666668 0.08148148148148149
1 0.9223958333333333 0.6972222222222222 0.028125 0.08703703703703704
1 0.8583333333333333 0.4842592592592593 0.014583333333333334 0.06666666666666667
1 0.8700520833333333 0.7300925925925926 0.018229166666666668 0.08796296296296297
1 0.44479166666666664 0.4287037037037037 0.013541666666666667 0.05925925925925926
1 0.7596354166666667 0.3143518518518518 0.013020833333333334 0.04722222222222222
1 0.6815104166666667 0.4064814814814815 0.013020833333333334 0.06481481481481481
1 0.315625 0.34120370370370373 0.013541666666666667 0.05277777777777778
1 0.20338541666666668 0.47314814814814815 0.024479166666666666 0.06666666666666667
1 0.8075520833333333 0.38472222222222224 0.011979166666666667 0.05648148148148148
1 0.34817708333333336 0.3 0.008854166666666666 0.046296296296296294
1 0.44427083333333334 0.3458333333333333 0.015625 0.049074074074074076
1 0.5997395833333333 0.3587962962962963 0.008854166666666666 0.05092592592592592
1 0.5653645833333333 0.34629629629629627 0.009895833333333333 0.04814814814814815
1 0.5049479166666667 0.29074074074074074 0.013020833333333334 0.046296296296296294
1 0.6796875 0.3055555555555556 0.009375 0.04814814814814815
1 0.371875 0.19907407407407407 0.008333333333333333 0.03518518518518519
1 0.7203125 0.387037037037037 0.011458333333333333 0.05185185185185185
1 0.05078125 0.41435185185185186 0.0171875 0.062037037037037036
