1 0.5372395833333333 0.5356481481481481 0.025520833333333333 0.0712962962962963
1 0.35104166666666664 0.7337962962962963 0.027083333333333334 0.10092592592592593
1 0.371875 0.5814814814814815 0.019791666666666666 0.07407407407407407
1 0.5872395833333334 0.6791666666666667 0.019270833333333334 0.08425925925925926
1 0.9190104166666667 0.6986111111111111 0.025520833333333333 0.08796296296296297
1 0.8658854166666666 0.45601851851851855 0.0171875 0.06759259259259259
1 0.8375 0.7342592592592593 0.029166666666666667 0.08888888888888889
1 0.39609375 0.37222222222222223 0.018229166666666668 0.05925925925925926
1 0.75703125 0.2726851851851852 0.009895833333333333 0.04722222222222222
1 0.6348958333333333 0.38333333333333336 0.015625 0.06296296296296296
1 0.26666666666666666 0.3074074074074074 0.011458333333333333 0.05185185185185185
1 0.11692708333333333 0.43842592592592594 0.015104166666666667 0.06574074074074074
1 0.8158854166666667 0.3425925925925926 0.015104166666666667 0.05185185185185185
1 0.3260416666666667 0.2537037037037037 0.0125 0.046296296296296294
1 0.3924479166666667 0.30972222222222223 0.0171875 0.05092592592592592
1 0.5958333333333333 0.29768518518518516 0.010416666666666666 0.05277777777777778
1 0.5505208333333333 0.32222222222222224 0.01875 0.05
1 0.5098958333333333 0.25925925925925924 0.013541666666666667 0.046296296296296294
1 0.71484375 0.26296296296296295 0.011979166666666667 0.046296296296296294
1 0.33098958333333334 0.17083333333333334 0.009895833333333333 0.03425925925925926
1 0.70390625 0.3212962962962963 0.013020833333333334 0.046296296296296294
1 0.055989583333333336 0.3851851851851852 0.016145833333333335 0.06296296296296296
