2 0.58203125 0.5546296296296296 0.022395833333333334 0.07592592592592592
2 0.38723958333333336 0.7185185185185186 0.022395833333333334 0.09074074074074075
2 0.40703125 0.5958333333333333 0.024479166666666666 0.0787037037037037
2 0.6052083333333333 0.6828703703703703 0.015625 0.08611111111111111
2 0.92578125 0.6976851851851852 0.028645833333333332 0.08611111111111111
2 0.8723958333333334 0.4634259259259259 0.011458333333333333 0.06759259259259259
2 0.853125 0.736574074074074 0.030208333333333334 0.08611111111111111
2 0.41822916666666665 0.3875 0.01875 0.062037037037037036
2 0.7622395833333333 0.2810185185185185 0.009895833333333333 0.04722222222222222
2 0.6575520833333334 0.3912037037037037 0.016145833333333335 0.06574074074074074
2 0.28880208333333335 0.3162037037037037 0.0171875 0.05462962962962963
2 0.14739583333333334 0.45231481481481484 0.015625 0.06574074074074074
2 0.8192708333333333 0.35648148148148145 0.0125 0.05555555555555555
2 0.3372395833333333 0.2675925925925926 0.011979166666666667 0.046296296296296294
2 0.409375 0.32222222222222224 0.015625 0.044444444444444446
2 0.6026041666666667 0.31574074074074077 0.010416666666666666 0.05
2 0.5575520833333333 0.3282407407407407 0.0140625 0.05092592592592592
2 0.5125 0.26851851851851855 0.0125 0.046296296296296294
2 0.7114583333333333 0.27546296296296297 0.008333333333333333 0.04537037037037037
2 0.3497395833333333 0.17916666666666667 0.009895833333333333 0.03981481481481482
2 0.709375 0.3384259259259259 0.014583333333333334 0.05092592592592592
2 0.05546875 0.39351851851851855 0.013020833333333334 0.06111111111111111
