2 0.6359375 0.5828703703703704 0.027083333333333334 0.07685185185185185
2 0.4361979166666667 0.6949074074074074 0.025520833333333333 0.09537037037037037
2 0.46197916666666666 0.611574074074074 0.023958333333333335 0.075
2 0.62265625 0.6828703703703703 0.0203125 0.08425925925925926
2 0.9276041666666667 0.6949074074074074 0.020833333333333332 0.08611111111111111
2 0.8611979166666667 0.475 0.0171875 0.06481481481481481
2 0.8677083333333333 0.7337962962962963 0.028125 0.08796296296296297
2 0.4401041666666667 0.4185185185185185 0.014583333333333334 0.06296296296296296
2 0.7596354166666667 0.30787037037037035 0.013020833333333334 0.04351851851851852
2 0.6744791666666666 0.4060185185185185 0.020833333333333332 0.062037037037037036
2 0.3098958333333333 0.3347222222222222 0.010416666666666666 0.05277777777777778
2 0.19036458333333334 0.4708333333333333 0.0203125 0.06574074074074074
2 0.8119791666666667 0.3736111111111111 0.011458333333333333 0.058333333333333334
2 0.3458333333333333 0.29305555555555557 0.009375 0.04722222222222222
2 0.43828125 0.34074074074074073 0.0109375 0.05
2 0.6013020833333333 0.34814814814814815 0.0109375 0.04814814814814815
2 0.56328125 0.3416666666666667 0.011979166666666667 0.05
2 0.5078125 0.28564814814814815 0.010416666666666666 0.04722222222222222
2 0.6880208333333333 0.29907407407407405 0.009375 0.046296296296296294
2 0.36875 0.19444444444444445 0.009375 0.037037037037037035
2 0.71875 0.37546296296296294 0.0125 0.05462962962962963
2 0.051041666666666666 0.4111111111111111 0.013541666666666667 0.06296296296296296
