2 0.6190104166666667 0.5699074074074074 0.018229166666666668 0.07685185185185185
2 0.41875 0.7055555555555556 0.020833333333333332 0.09444444444444444
2 0.44114583333333335 0.6064814814814815 0.01875 0.07407407407407407
2 0.61875 0.6828703703703703 0.01875 0.08425925925925926
2 0.93046875 0.6953703703703704 0.027604166666666666 0.08888888888888889
2 0.8703125 0.46944444444444444 0.013541666666666667 0.06851851851851852
2 0.8661458333333333 0.7375 0.03333333333333333 0.08611111111111111
2 0.434375 0.4046296296296296 0.0125 0.05925925925925926
2 0.7645833333333333 0.2953703703703704 0.011458333333333333 0.046296296296296294
2 0.6721354166666667 0.399537037037037 0.016145833333333335 0.06574074074074074
2 0.30442708333333335 0.3287037037037037 0.013020833333333334 0.053703703703703705
2 0.17447916666666666 0.46111111111111114 0.023958333333333335 0.06666666666666667
2 0.81875 0.3685185185185185 0.013541666666666667 0.05555555555555555
2 0.3453125 0.2828703703703704 0.008333333333333333 0.04537037037037037
2 0.428125 0.3300925925925926 0.017708333333333333 0.049074074074074076
2 0.6049479166666667 0.3351851851851852 0.009895833333333333 0.05185185185185185
2 0.5635416666666667 0.33564814814814814 0.010416666666666666 0.049074074074074076
2 0.5130208333333334 0.27685185185185185 0.010416666666666666 0.046296296296296294
2 0.7018229166666666 0.287962962962963 0.008854166666666666 0.046296296296296294
2 0.3640625 0.18888888888888888 0.010416666666666666 0.037037037037037035
2 0.7171875 0.3587962962962963 0.011458333333333333 0.05092592592592592
2 0.05703125 0.4027777777777778 0.018229166666666668 0.06296296296296296
