2 0.6348958333333333 0.5814814814814815 0.027083333333333334 0.07592592592592592
2 0.434375 0.6953703703703704 0.021875 0.09259259259259259
2 0.46041666666666664 0.611574074074074 0.021875 0.075
2 0.6229166666666667 0.6828703703703703 0.019791666666666666 0.08425925925925926
2 0.9283854166666666 0.6949074074074074 0.018229166666666668 0.08796296296296297
2 0.8611979166666667 0.475 0.018229166666666668 0.06481481481481481
2 0.8684895833333334 0.7342592592592593 0.0265625 0.08888888888888889
2 0.43984375 0.41805555555555557 0.0140625 0.062037037037037036
2 0.7596354166666667 0.30648148148148147 0.013020833333333334 0.046296296296296294
2 0.6752604166666667 0.4060185185185185 0.021354166666666667 0.062037037037037036
2 0.3098958333333333 0.3351851851851852 0.009375 0.05185185185185185
2 0.18958333333333333 0.4689814814814815 0.021875 0.06574074074074074
2 0.8127604166666667 0.3731481481481482 0.0109375 0.05740740740740741
2 0.3458333333333333 0.29212962962962963 0.009375 0.04537037037037037
2 0.43723958333333335 0.3398148148148148 0.013020833333333334 0.05
2 0.6015625 0.3476851851851852 0.011458333333333333 0.049074074074074076
2 0.5635416666666667 0.3416666666666667 0.011458333333333333 0.05
2 0.50859375 0.2847222222222222 0.0109375 0.04722222222222222
2 0.6890625 0.29814814814814816 0.009375 0.046296296296296294
2 0.36822916666666666 0.19305555555555556 0.009375 0.03796296296296296
2 0.71875 0.3731481481481482 0.0125 0.05185185185185185
2 0.0515625 0.41064814814814815 0.014583333333333334 0.062037037037037036
